312.532000
313.775000
328.647000
333.604000
344.762000
346.005000
349.735000
350.962000
352.206000
353.449000
354.693000
355.936000
372.515000
373.759000
376.246000
378.716000
381.203000
383.673000
387.403000
388.647000
391.117000
399.805000
402.275000
404.762000
406.005000
435.002000
436.246000
438.716000
441.203000
452.361000
454.848000
461.032000
467.232000
475.920000
478.407000
497.473000
498.716000
507.404000
511.117000
521.032000
522.275000
527.232000
532.206000
537.163000
550.045000
552.516000
557.473000
566.160000
569.874000
572.361000
574.848000
577.318000
578.561000
586.005000
594.676000
595.920000
617.473000
624.917000
629.874000
638.562000
643.519000
644.762000
647.232000
652.206000
654.677000
658.407000
671.272000
673.759000
677.473000
679.960000
682.447000
686.160000
693.604000
694.848000
696.075000
708.476000
735.003000
751.118000
763.519000
764.762000
766.006000
767.233000
770.963000
775.920000
777.164000
798.716000
802.447000
804.917000
824.762000
828.476000
835.920000
850.046000
852.516000
857.473000
862.447000
863.674000
867.404000
868.648000
869.874000
877.318000
878.562000
884.763000
890.963000
894.677000
917.473000
918.717000
919.960000
933.605000
934.832000
943.519000
946.006000
952.207000
972.516000
987.404000
989.875000
991.118000
996.075000
1001.032000
1008.476000
1013.434000
1014.677000
