1039.284000
1040.528000
1043.015000
1044.241000
1045.485000
1046.728000
1049.215000
1050.442000
1052.929000
1054.172000
1055.416000
1059.130000
1060.373000
1061.616000
1062.843000
1064.087000
1065.330000
1066.574000
1067.801000
1070.287000
1071.531000
1072.774000
1076.488000
1077.731000
1082.689000
1083.932000
1086.402000
1098.041000
1099.284000
1103.015000
1104.242000
1105.485000
1107.972000
1109.215000
1110.442000
1117.886000
1119.130000
1120.373000
1121.600000
1124.087000
1125.330000
1126.574000
1129.044000
1130.287000
1132.774000
1134.001000
1135.245000
1137.732000
1138.975000
1141.445000
1142.689000
1145.176000
1146.402000
1158.041000
1159.284000
1163.015000
1167.972000
1169.215000
1170.442000
1172.929000
1174.173000
1175.416000
1177.886000
1179.130000
1180.373000
1181.600000
1184.087000
1185.330000
1187.801000
1189.044000
1190.288000
1191.531000
1194.001000
1198.975000
1201.445000
1202.689000
1203.932000
1205.176000
1206.403000
1219.285000
1220.528000
1221.771000
1224.242000
1225.485000
1226.729000
1227.972000
1229.216000
1230.442000
1231.686000
1235.400000
1236.643000
1239.130000
1240.373000
1242.844000
1244.087000
1245.330000
1249.044000
1250.288000
1251.531000
1252.775000
1254.001000
1255.245000
1256.488000
1258.975000
1260.202000
1261.445000
1263.932000
1265.176000
1278.041000
1279.285000
1284.242000
1286.729000
1287.972000
1291.686000
1295.400000
1300.373000
1302.844000
1304.087000
1305.331000
1307.801000
1309.044000
1310.288000
1311.531000
1314.001000
1316.488000
1318.975000
1320.202000
1321.446000
1322.689000
1323.932000
1325.176000
1338.041000
1339.285000
1341.772000
1343.015000
1344.242000
1349.216000
1351.686000
1352.929000
1355.400000
1356.643000
1357.887000
1375.245000
1376.488000
1377.732000
1378.975000
1380.202000
1381.446000
1383.933000
1385.176000
1386.403000
1398.041000
1399.285000
1401.772000
1405.485000
1406.729000
1407.972000
1409.216000
1410.443000
1411.686000
1412.930000
1414.173000
1417.887000
1419.130000
1420.374000
1422.844000
1425.331000
1426.574000
1427.801000
1429.045000
1430.288000
1431.531000
1434.002000
1437.732000
1441.446000
1442.689000
1443.933000
1445.176000
1446.403000
1458.042000
1460.528000
1463.015000
1464.242000
1466.729000
1467.972000
1469.216000
1472.930000
1474.173000
1476.643000
1477.887000
1479.130000
1480.374000
1484.087000
1485.331000
1486.574000
1487.801000
1489.045000
1490.288000
1491.531000
1494.002000
1495.245000
1498.976000
1500.202000
1501.446000
1506.403000
1518.042000
1519.285000
1520.528000
1521.772000
1524.242000
1525.486000
1526.729000
1527.973000
1529.216000
1530.443000
1534.173000
1535.400000
1536.643000
1537.887000
1540.374000
1542.844000
1544.088000
1545.331000
1546.574000
1549.045000
1551.532000
1552.775000
1554.002000
1555.245000
1556.489000
1557.732000
1561.446000
1562.689000
1563.933000
1565.160000
1566.403000
1578.042000
1579.285000
1580.512000
1581.755000
1582.999000
1584.242000
1585.486000
1586.713000
1587.956000
1589.199000
1590.443000
1591.686000
1592.913000
1595.400000
1596.644000
1597.887000
1599.114000
1600.357000
1601.601000
1602.844000
1604.088000
1605.314000
1607.801000
1609.045000
1610.272000
1616.472000
1617.716000
1620.203000
1621.446000
1622.673000
1625.160000
1626.403000
1638.042000
1639.285000
1641.756000
1642.999000
1644.242000
1646.713000
1647.956000
1649.200000
1650.443000
1652.913000
1656.644000
1657.887000
1660.357000
1662.844000
1664.088000
1665.315000
1667.801000
1669.045000
1670.272000
1671.515000
1672.759000
1675.245000
1680.203000
1683.916000
1685.160000
1686.403000
1699.285000
1702.999000
1705.486000
1707.956000
1709.200000
1710.443000
1711.687000
1712.913000
1714.157000
1719.114000
1721.601000
1724.088000
1725.315000
1729.045000
1730.272000
1731.515000
1732.759000
1734.002000
1735.246000
1737.716000
1738.959000
1740.203000
1743.916000
1745.160000
1746.403000
