310.675000
311.288000
311.902000
312.532000
313.145000
313.775000
314.389000
315.002000
315.632000
316.245000
316.875000
317.489000
318.102000
319.346000
319.976000
320.589000
321.203000
321.833000
322.446000
323.060000
323.690000
324.303000
326.790000
327.403000
328.033000
328.647000
329.260000
329.890000
330.504000
331.134000
332.360000
332.990000
333.604000
334.234000
334.847000
335.461000
336.091000
336.704000
337.334000
337.948000
338.561000
339.191000
339.805000
340.435000
341.048000
341.661000
342.905000
343.535000
344.148000
344.762000
345.392000
346.005000
346.635000
347.249000
347.862000
348.492000
349.105000
349.735000
350.349000
350.962000
351.592000
352.206000
352.836000
353.449000
354.063000
354.693000
355.306000
355.936000
356.549000
357.163000
357.793000
358.406000
369.415000
370.045000
370.658000
371.272000
371.902000
372.515000
373.145000
373.759000
374.372000
375.002000
375.616000
376.246000
376.859000
377.472000
378.102000
378.716000
379.346000
379.959000
380.573000
381.203000
381.816000
382.446000
383.060000
383.673000
384.303000
384.916000
385.547000
386.773000
387.403000
388.017000
388.647000
389.260000
389.874000
390.504000
391.117000
391.747000
392.361000
392.974000
394.217000
395.461000
396.074000
396.704000
397.318000
397.948000
399.175000
399.805000
400.418000
401.048000
401.661000
402.275000
402.905000
403.518000
404.132000
404.762000
405.375000
406.005000
406.619000
407.232000
407.862000
408.476000
409.106000
409.719000
410.332000
410.962000
411.576000
412.206000
412.819000
413.433000
414.063000
414.676000
415.306000
415.920000
416.533000
417.163000
418.406000
429.415000
430.045000
430.658000
431.272000
431.902000
432.515000
433.145000
433.759000
434.372000
435.002000
435.616000
436.246000
436.859000
437.473000
438.103000
438.716000
439.346000
439.959000
440.573000
441.203000
441.816000
442.446000
443.060000
443.673000
444.303000
444.917000
445.547000
446.160000
446.773000
447.403000
449.260000
449.874000
450.504000
451.117000
451.747000
452.361000
452.974000
453.604000
454.217000
454.848000
455.461000
456.074000
456.704000
457.318000
457.948000
458.561000
459.175000
459.805000
460.418000
461.032000
461.662000
462.275000
462.905000
463.518000
464.132000
464.762000
465.375000
466.005000
466.619000
467.232000
467.862000
468.476000
469.106000
469.719000
470.333000
470.962000
471.576000
472.819000
473.433000
474.063000
474.676000
475.306000
475.920000
476.533000
477.163000
477.777000
478.407000
489.415000
490.045000
490.659000
491.272000
491.902000
492.515000
493.145000
493.759000
494.372000
495.002000
496.246000
496.859000
497.473000
498.103000
498.716000
499.346000
499.959000
500.573000
501.203000
501.816000
502.446000
503.060000
503.673000
504.303000
504.917000
505.547000
506.160000
506.774000
507.404000
508.017000
508.647000
509.260000
509.874000
510.504000
511.117000
511.747000
512.361000
512.974000
513.604000
514.218000
514.848000
515.461000
516.074000
516.704000
517.318000
517.948000
518.561000
519.175000
519.805000
520.418000
521.032000
521.662000
522.275000
522.905000
523.519000
524.132000
524.762000
525.375000
526.005000
526.619000
527.232000
527.862000
528.476000
529.106000
529.719000
530.333000
530.963000
532.206000
532.819000
533.433000
534.063000
534.676000
535.306000
535.920000
536.533000
537.163000
537.777000
538.407000
549.415000
550.045000
550.659000
551.272000
551.902000
552.516000
553.146000
553.759000
554.372000
555.002000
555.616000
556.246000
556.859000
557.473000
558.103000
558.716000
559.346000
559.960000
561.203000
562.446000
563.060000
563.673000
564.303000
564.917000
565.547000
566.160000
566.774000
567.404000
568.017000
568.647000
569.260000
569.874000
570.504000
571.117000
571.747000
572.361000
572.974000
573.604000
574.848000
575.461000
576.075000
576.705000
577.318000
577.948000
578.561000
579.175000
579.805000
580.418000
581.032000
581.662000
582.275000
582.905000
583.519000
584.132000
584.762000
585.375000
586.005000
586.619000
587.232000
587.862000
589.106000
589.719000
590.333000
590.963000
591.576000
592.206000
592.820000
593.433000
594.063000
594.676000
595.306000
595.920000
596.533000
597.163000
597.777000
598.407000
609.415000
610.045000
610.659000
611.272000
611.902000
612.516000
613.146000
613.759000
614.372000
615.002000
615.616000
616.246000
616.859000
617.473000
618.103000
618.716000
619.346000
619.960000
620.573000
621.203000
621.817000
622.447000
623.060000
623.673000
624.303000
624.917000
625.547000
626.160000
626.774000
627.404000
628.017000
628.647000
629.261000
629.874000
630.504000
631.117000
631.747000
632.361000
632.974000
633.604000
634.218000
634.848000
636.075000
636.705000
637.318000
637.932000
638.562000
639.175000
639.805000
640.418000
641.032000
641.662000
642.275000
642.905000
643.519000
644.132000
644.762000
645.376000
646.006000
646.619000
647.232000
647.862000
649.106000
651.576000
652.206000
652.820000
653.433000
654.063000
654.677000
655.307000
655.920000
656.533000
657.777000
658.407000
669.415000
670.045000
670.659000
671.272000
671.902000
672.516000
673.146000
673.759000
674.373000
675.003000
675.616000
676.246000
676.859000
677.473000
678.103000
678.716000
679.346000
679.960000
680.573000
681.203000
681.817000
682.447000
683.060000
683.673000
684.304000
684.917000
685.547000
686.160000
686.774000
687.404000
688.017000
688.647000
689.261000
689.874000
690.504000
691.118000
691.748000
692.361000
692.974000
693.604000
694.218000
694.848000
695.461000
696.075000
696.705000
697.318000
698.562000
699.175000
699.805000
700.418000
701.032000
701.662000
702.275000
702.905000
703.519000
704.132000
704.762000
705.376000
706.006000
706.619000
707.233000
707.863000
708.476000
709.106000
709.719000
710.963000
711.576000
712.206000
712.820000
714.063000
714.677000
715.307000
715.920000
716.533000
717.163000
717.777000
718.407000
729.415000
730.659000
731.272000
731.902000
732.516000
733.146000
733.759000
734.373000
735.003000
735.616000
736.246000
736.860000
737.473000
738.103000
738.716000
739.960000
740.573000
741.203000
741.817000
742.447000
743.060000
743.674000
744.304000
744.917000
746.774000
747.404000
748.017000
748.647000
749.261000
749.874000
750.504000
751.118000
751.748000
752.361000
752.975000
753.605000
754.218000
755.461000
756.075000
756.705000
757.318000
757.932000
758.562000
759.175000
759.805000
760.419000
761.032000
761.662000
762.275000
762.905000
763.519000
764.132000
764.762000
765.376000
766.006000
766.619000
767.233000
767.863000
768.476000
769.720000
770.963000
771.576000
772.206000
772.820000
773.433000
774.063000
774.677000
775.307000
775.920000
776.534000
777.164000
777.777000
778.407000
789.416000
790.046000
790.659000
791.272000
791.902000
792.516000
793.146000
793.759000
794.373000
795.003000
795.616000
796.246000
796.860000
797.473000
798.103000
798.716000
799.347000
799.960000
800.573000
801.203000
801.817000
802.447000
803.060000
803.674000
804.304000
804.917000
805.547000
806.161000
806.774000
807.404000
808.017000
808.647000
809.261000
809.874000
811.118000
811.748000
812.361000
812.975000
814.218000
814.831000
815.462000
816.075000
816.705000
817.318000
817.932000
818.562000
819.175000
819.805000
820.419000
821.032000
821.662000
822.276000
822.906000
823.519000
824.132000
824.762000
825.376000
826.006000
826.619000
827.233000
827.863000
828.476000
829.106000
829.720000
830.333000
830.963000
831.576000
832.820000
833.433000
834.063000
834.677000
835.307000
835.920000
836.534000
837.164000
837.777000
849.416000
850.046000
850.659000
851.273000
851.903000
852.516000
853.146000
853.759000
854.373000
855.003000
855.616000
856.246000
856.860000
857.473000
858.103000
858.717000
859.347000
859.960000
860.573000
861.203000
861.817000
862.447000
863.060000
863.674000
864.304000
864.917000
865.547000
866.161000
866.774000
867.404000
868.018000
868.648000
869.261000
869.874000
870.504000
871.118000
871.748000
872.361000
872.975000
873.605000
874.218000
874.832000
875.462000
876.075000
876.705000
877.318000
877.932000
878.562000
879.175000
879.805000
880.419000
882.276000
883.519000
884.132000
884.763000
885.376000
886.006000
886.619000
887.233000
887.863000
888.476000
889.106000
889.720000
890.333000
890.963000
891.577000
892.207000
892.820000
893.433000
894.063000
894.677000
895.307000
895.920000
896.534000
897.164000
897.777000
898.407000
909.416000
910.046000
910.659000
911.273000
911.903000
912.516000
913.146000
913.760000
914.373000
915.003000
915.616000
916.246000
917.473000
918.103000
918.717000
919.347000
919.960000
920.574000
921.204000
921.817000
922.447000
923.060000
923.674000
924.304000
924.917000
925.547000
926.161000
926.774000
927.404000
928.018000
928.648000
929.261000
929.875000
930.505000
931.118000
931.748000
932.361000
932.975000
933.605000
934.218000
934.832000
935.462000
936.075000
936.705000
937.319000
937.932000
938.562000
939.175000
939.805000
940.419000
941.032000
941.662000
942.276000
942.906000
943.519000
944.133000
945.376000
946.006000
946.619000
947.233000
947.863000
948.476000
949.106000
949.720000
950.333000
950.963000
951.577000
952.207000
952.820000
953.434000
954.064000
954.677000
955.307000
955.920000
956.534000
957.164000
957.777000
969.416000
970.046000
970.659000
971.273000
971.903000
972.516000
973.146000
973.760000
974.373000
975.003000
975.616000
976.246000
976.860000
977.473000
978.103000
978.717000
979.347000
979.960000
980.574000
981.204000
981.817000
982.447000
983.674000
984.304000
984.917000
985.547000
986.774000
987.404000
988.018000
988.648000
989.261000
989.875000
990.505000
991.118000
991.748000
992.361000
992.975000
993.605000
994.218000
994.832000
995.462000
996.075000
996.705000
997.319000
997.932000
998.562000
999.176000
999.806000
1000.419000
1001.032000
1001.662000
1002.906000
1004.133000
1005.376000
1006.006000
1006.620000
1007.863000
1008.476000
1009.106000
1009.720000
1010.333000
1010.963000
1011.577000
1012.207000
1012.820000
1013.434000
1014.064000
1014.677000
1015.307000
1015.921000
1016.534000
1017.164000
1017.777000
1018.407000
