1038.671000
1039.284000
1039.914000
1040.528000
1041.141000
1042.385000
1043.015000
1043.628000
1044.241000
1044.871000
1045.485000
1046.115000
1046.728000
1047.342000
1047.972000
1048.585000
1049.215000
1049.829000
1050.442000
1051.072000
1051.686000
1052.316000
1052.929000
1053.542000
1054.172000
1054.786000
1055.416000
1056.029000
1056.643000
1057.273000
1057.886000
1059.130000
1059.743000
1060.373000
1060.986000
1061.616000
1062.230000
1062.843000
1063.473000
1064.087000
1064.717000
1065.330000
1065.944000
1066.574000
1067.187000
1067.801000
1068.431000
1069.044000
1069.674000
1070.287000
1070.901000
1071.531000
1072.144000
1072.774000
1073.388000
1074.001000
1074.631000
1075.245000
1075.875000
1076.488000
1077.731000
1078.345000
1078.975000
1079.588000
1080.832000
1081.445000
1082.075000
1082.689000
1083.302000
1083.932000
1084.545000
1085.175000
1085.789000
1086.402000
1097.428000
1098.041000
1098.671000
1099.284000
1099.914000
1100.528000
1101.141000
1102.385000
1103.015000
1103.628000
1104.242000
1104.872000
1105.485000
1106.115000
1106.728000
1107.342000
1107.972000
1108.585000
1109.215000
1109.829000
1110.442000
1111.072000
1111.686000
1112.316000
1113.543000
1114.173000
1114.786000
1115.416000
1116.029000
1116.643000
1117.273000
1117.886000
1118.500000
1119.130000
1119.743000
1120.373000
1120.987000
1121.600000
1122.230000
1122.843000
1123.473000
1124.087000
1124.700000
1125.330000
1125.944000
1126.574000
1127.187000
1127.801000
1128.431000
1129.044000
1129.674000
1130.287000
1130.901000
1131.531000
1132.144000
1132.774000
1133.388000
1134.001000
1134.631000
1135.245000
1135.875000
1137.102000
1137.732000
1138.345000
1138.975000
1139.588000
1140.832000
1141.445000
1142.075000
1142.689000
1143.302000
1144.546000
1145.176000
1145.789000
1146.402000
1157.428000
1158.041000
1158.671000
1159.284000
1159.915000
1160.528000
1161.141000
1161.771000
1162.385000
1163.015000
1163.628000
1164.242000
1164.872000
1165.485000
1166.115000
1166.729000
1167.342000
1167.972000
1168.585000
1169.215000
1169.829000
1170.442000
1171.072000
1171.686000
1172.299000
1172.929000
1173.543000
1174.173000
1174.786000
1175.416000
1176.029000
1176.643000
1177.273000
1177.886000
1178.500000
1179.130000
1179.743000
1180.373000
1180.987000
1181.600000
1182.230000
1182.844000
1183.474000
1184.087000
1184.700000
1185.330000
1185.944000
1186.574000
1187.187000
1187.801000
1188.431000
1189.044000
1189.674000
1190.288000
1190.901000
1191.531000
1192.144000
1192.774000
1193.388000
1194.001000
1194.631000
1195.245000
1195.875000
1196.488000
1197.102000
1197.732000
1198.345000
1198.975000
1199.589000
1200.202000
1200.832000
1201.445000
1202.075000
1202.689000
1203.302000
1203.932000
1204.546000
1205.176000
1205.789000
1206.403000
1217.428000
1218.041000
1218.671000
1219.285000
1219.915000
1220.528000
1221.141000
1221.771000
1222.385000
1223.015000
1223.628000
1224.242000
1224.872000
1225.485000
1226.115000
1226.729000
1227.342000
1227.972000
1228.586000
1229.216000
1229.829000
1230.442000
1231.072000
1231.686000
1232.316000
1232.929000
1233.543000
1234.173000
1234.786000
1235.400000
1236.030000
1236.643000
1237.273000
1237.886000
1238.500000
1239.130000
1239.743000
1240.373000
1240.987000
1241.600000
1242.230000
1242.844000
1243.474000
1244.087000
1244.700000
1245.330000
1245.944000
1246.574000
1247.187000
1247.801000
1248.431000
1249.044000
1249.674000
1250.288000
1250.901000
1251.531000
1252.145000
1252.775000
1253.388000
1254.001000
1254.631000
1255.245000
1255.875000
1256.488000
1257.102000
1257.732000
1258.345000
1258.975000
1259.589000
1260.202000
1260.832000
1261.445000
1262.075000
1262.689000
1263.302000
1263.932000
1264.546000
1265.176000
1265.789000
1266.403000
1277.428000
1278.041000
1278.671000
1279.285000
1279.915000
1280.528000
1281.142000
1282.385000
1283.015000
1283.628000
1284.242000
1284.872000
1286.115000
1286.729000
1287.342000
1287.972000
1288.586000
1289.829000
1290.442000
1291.072000
1291.686000
1292.316000
1292.929000
1293.543000
1294.173000
1294.786000
1295.400000
1296.030000
1296.643000
1297.273000
1297.887000
1298.500000
1299.130000
1299.743000
1300.373000
1300.987000
1301.600000
1302.230000
1302.844000
1303.474000
1304.087000
1304.701000
1305.331000
1305.944000
1306.574000
1307.187000
1307.801000
1308.431000
1309.044000
1309.674000
1310.288000
1310.901000
1311.531000
1312.145000
1312.775000
1313.388000
1314.001000
1314.632000
1315.245000
1315.875000
1316.488000
1317.102000
1318.345000
1318.975000
1319.589000
1320.202000
1320.832000
1321.446000
1322.076000
1322.689000
1323.302000
1323.932000
1324.546000
1325.176000
1325.789000
1326.403000
1337.428000
1338.041000
1338.671000
1339.285000
1339.915000
1340.528000
1341.142000
1341.772000
1342.385000
1343.015000
1343.629000
1344.242000
1344.872000
1345.485000
1346.115000
1346.729000
1347.342000
1347.972000
1348.586000
1349.216000
1349.829000
1351.073000
1351.686000
1352.316000
1352.929000
1353.543000
1354.173000
1354.786000
1355.400000
1356.030000
1356.643000
1357.273000
1357.887000
1358.500000
1359.130000
1359.743000
1360.373000
1360.987000
1361.600000
1362.230000
1362.844000
1363.474000
1364.087000
1364.701000
1365.331000
1365.944000
1366.574000
1367.188000
1367.801000
1368.431000
1369.044000
1369.674000
1370.901000
1371.531000
1372.145000
1374.632000
1375.245000
1375.875000
1376.488000
1377.102000
1377.732000
1378.345000
1378.975000
1379.589000
1380.202000
1380.832000
1381.446000
1382.076000
1382.689000
1383.303000
1383.933000
1384.546000
1385.176000
1385.789000
1386.403000
1397.428000
1398.041000
1398.671000
1399.285000
1399.915000
1400.528000
1401.142000
1401.772000
1402.385000
1403.015000
1403.629000
1404.242000
1404.872000
1405.485000
1406.115000
1406.729000
1407.342000
1407.972000
1408.586000
1409.216000
1409.829000
1410.443000
1411.073000
1411.686000
1412.300000
1412.930000
1413.543000
1414.173000
1414.786000
1416.030000
1417.273000
1417.887000
1418.500000
1419.130000
1419.744000
1420.374000
1420.987000
1421.600000
1422.230000
1422.844000
1423.474000
1424.087000
1424.701000
1425.331000
1425.944000
1426.574000
1427.188000
1427.801000
1428.431000
1429.045000
1429.675000
1430.288000
1430.901000
1431.531000
1432.145000
1433.388000
1434.002000
1434.632000
1435.245000
1435.875000
1436.489000
1437.102000
1437.732000
1438.345000
1438.975000
1439.589000
1440.832000
1441.446000
1442.076000
1442.689000
1443.933000
1444.546000
1445.176000
1445.789000
1446.403000
1457.428000
1458.042000
1458.672000
1459.285000
1459.915000
1460.528000
1461.142000
1461.772000
1462.385000
1463.015000
1463.629000
1464.242000
1464.872000
1465.486000
1466.116000
1466.729000
1467.342000
1467.972000
1468.586000
1469.216000
1469.829000
1471.073000
1471.686000
1472.300000
1472.930000
1473.543000
1474.173000
1474.786000
1476.030000
1476.643000
1477.273000
1477.887000
1478.500000
1479.130000
1479.744000
1480.374000
1480.987000
1481.601000
1482.231000
1482.844000
1483.474000
1484.087000
1484.701000
1485.331000
1485.944000
1486.574000
1487.188000
1487.801000
1488.431000
1489.045000
1489.675000
1490.288000
1490.901000
1491.531000
1492.145000
1492.775000
1493.388000
1494.002000
1495.245000
1495.875000
1497.102000
1498.346000
1498.976000
1499.589000
1500.202000
1500.832000
1501.446000
1502.059000
1502.689000
1503.303000
1504.546000
1505.160000
1505.790000
1506.403000
1517.428000
1518.042000
1518.672000
1519.285000
1519.915000
1520.528000
1521.142000
1521.772000
1522.385000
1523.015000
1523.629000
1524.242000
1524.872000
1525.486000
1526.116000
1526.729000
1527.343000
1527.973000
1528.586000
1529.216000
1529.829000
1530.443000
1531.073000
1531.686000
1532.300000
1533.543000
1534.173000
1534.787000
1535.400000
1536.030000
1536.643000
1537.273000
1537.887000
1538.500000
1539.130000
1539.744000
1540.374000
1540.987000
1541.601000
1542.231000
1542.844000
1543.474000
1544.088000
1544.701000
1545.331000
1545.944000
1546.574000
1547.188000
1547.801000
1549.045000
1549.675000
1550.288000
1550.902000
1551.532000
1552.145000
1552.775000
1553.388000
1554.002000
1554.632000
1555.245000
1555.875000
1556.489000
1557.102000
1557.732000
1558.346000
1559.589000
1560.202000
1560.832000
1561.446000
1562.076000
1562.689000
1563.303000
1563.933000
1564.546000
1565.160000
1565.790000
1566.403000
1577.412000
1578.042000
1578.655000
1579.285000
1579.899000
1580.512000
1581.142000
1581.755000
1582.385000
1582.999000
1583.612000
1584.242000
1584.856000
1585.486000
1586.099000
1586.713000
1587.343000
1587.956000
1588.586000
1589.199000
1589.813000
1590.443000
1591.056000
1591.686000
1592.300000
1592.913000
1593.543000
1594.787000
1595.400000
1596.014000
1596.644000
1597.257000
1597.887000
1599.114000
1599.744000
1600.357000
1600.987000
1601.601000
1602.214000
1602.844000
1603.458000
1604.088000
1604.701000
1605.314000
1605.944000
1607.171000
1607.801000
1608.415000
1609.045000
1609.658000
1610.272000
1610.902000
1611.515000
1612.145000
1612.759000
1613.372000
1614.002000
1614.615000
1615.859000
1616.472000
1617.102000
1617.716000
1618.346000
1618.959000
1619.573000
1620.203000
1620.816000
1621.446000
1622.059000
1622.673000
1623.303000
1624.546000
1625.160000
1625.773000
1626.403000
1637.412000
1638.042000
1638.655000
1639.285000
1639.899000
1640.512000
1641.142000
1641.756000
1642.386000
1642.999000
1643.612000
1644.242000
1644.856000
1646.099000
1646.713000
1647.343000
1647.956000
1648.586000
1649.200000
1649.813000
1650.443000
1651.056000
1651.686000
1652.300000
1652.913000
1653.543000
1654.157000
1654.787000
1656.644000
1657.257000
1657.887000
1658.501000
1659.114000
1659.744000
1660.357000
1660.987000
1661.601000
1662.214000
1662.844000
1664.088000
1664.701000
1665.315000
1665.945000
1667.188000
1667.801000
1668.415000
1669.045000
1669.658000
1670.272000
1670.902000
1671.515000
1672.145000
1672.759000
1673.372000
1674.615000
1675.245000
1675.859000
1676.472000
1677.102000
1677.716000
1678.346000
1679.573000
1680.203000
1680.816000
1681.446000
1682.060000
1682.673000
1683.303000
1683.916000
1684.546000
1685.160000
1685.773000
1686.403000
1697.412000
1698.042000
1698.655000
1699.285000
1699.899000
1700.512000
1701.142000
1701.756000
1702.386000
1702.999000
1703.612000
1704.242000
1704.856000
1705.486000
1706.099000
1707.343000
1707.956000
1708.586000
1709.200000
1709.813000
1710.443000
1711.057000
1711.687000
1712.300000
1712.913000
1713.543000
1714.157000
1714.787000
1715.400000
1716.014000
1717.257000
1717.887000
1718.501000
1719.114000
1719.744000
1720.987000
1721.601000
1722.214000
1722.844000
1724.088000
1724.701000
1725.315000
1725.945000
1726.558000
1727.172000
1728.415000
1729.045000
1729.658000
1730.272000
1730.902000
1731.515000
1732.145000
1732.759000
1733.372000
1734.002000
1734.616000
1735.246000
1735.859000
1737.102000
1737.716000
1738.346000
1738.959000
1739.573000
1740.203000
1740.816000
1741.446000
1742.060000
1742.673000
1743.303000
1743.916000
1745.160000
1745.773000
1746.403000
