1038.671000
1039.914000
1041.141000
1042.385000
1043.628000
1044.871000
1046.115000
1047.342000
1048.585000
1049.829000
1051.072000
1052.316000
1053.542000
1054.786000
1056.029000
1057.273000
1059.743000
1060.986000
1062.230000
1063.473000
1064.717000
1065.944000
1067.187000
1068.431000
1069.674000
1070.901000
1072.144000
1073.388000
1074.631000
1075.875000
1078.345000
1079.588000
1080.832000
1082.075000
1083.302000
1084.545000
1085.789000
1097.428000
1098.671000
1099.914000
1101.141000
1102.385000
1103.628000
1104.872000
1106.115000
1107.342000
1108.585000
1109.829000
1111.072000
1112.316000
1113.543000
1114.786000
1116.029000
1117.273000
1118.500000
1119.743000
1120.987000
1122.230000
1123.473000
1124.700000
1125.944000
1127.187000
1128.431000
1129.674000
1130.901000
1132.144000
1133.388000
1134.631000
1135.875000
1137.102000
1138.345000
1139.588000
1140.832000
1142.075000
1143.302000
1144.546000
1145.789000
1157.428000
1158.671000
1159.915000
1161.141000
1162.385000
1163.628000
1164.872000
1166.115000
1167.342000
1168.585000
1169.829000
1171.072000
1172.299000
1173.543000
1174.786000
1176.029000
1177.273000
1178.500000
1179.743000
1180.987000
1182.230000
1183.474000
1184.700000
1185.944000
1187.187000
1188.431000
1189.674000
1190.901000
1192.144000
1193.388000
1194.631000
1195.875000
1197.102000
1198.345000
1199.589000
1200.832000
1202.075000
1203.302000
1204.546000
1205.789000
1217.428000
1218.671000
1219.915000
1221.141000
1222.385000
1223.628000
1224.872000
1226.115000
1227.342000
1228.586000
1229.829000
1231.072000
1232.316000
1233.543000
1234.786000
1236.030000
1237.273000
1238.500000
1239.743000
1240.987000
1242.230000
1243.474000
1244.700000
1245.944000
1247.187000
1248.431000
1249.674000
1250.901000
1252.145000
1253.388000
1254.631000
1255.875000
1257.102000
1258.345000
1259.589000
1260.832000
1262.075000
1263.302000
1264.546000
1265.789000
1277.428000
1278.671000
1279.915000
1281.142000
1282.385000
1283.628000
1284.872000
1286.115000
1287.342000
1288.586000
1289.829000
1291.072000
1292.316000
1293.543000
1294.786000
1296.030000
1297.273000
1298.500000
1299.743000
1300.987000
1302.230000
1303.474000
1304.701000
1305.944000
1307.187000
1308.431000
1309.674000
1310.901000
1312.145000
1313.388000
1314.632000
1315.875000
1317.102000
1318.345000
1319.589000
1320.832000
1322.076000
1323.302000
1324.546000
1325.789000
1337.428000
1338.671000
1339.915000
1341.142000
1342.385000
1343.629000
1344.872000
1346.115000
1347.342000
1348.586000
1349.829000
1351.073000
1352.316000
1353.543000
1354.786000
1356.030000
1357.273000
1358.500000
1359.743000
1360.987000
1362.230000
1363.474000
1364.701000
1365.944000
1367.188000
1368.431000
1369.674000
1370.901000
1372.145000
1374.632000
1375.875000
1377.102000
1378.345000
1379.589000
1380.832000
1382.076000
1383.303000
1384.546000
1385.789000
1397.428000
1398.671000
1399.915000
1401.142000
1402.385000
1403.629000
1404.872000
1406.115000
1407.342000
1408.586000
1409.829000
1411.073000
1412.300000
1413.543000
1414.786000
1416.030000
1417.273000
1418.500000
1419.744000
1420.987000
1422.230000
1423.474000
1424.701000
1425.944000
1427.188000
1428.431000
1429.675000
1430.901000
1432.145000
1433.388000
1434.632000
1435.875000
1437.102000
1438.345000
1439.589000
1440.832000
1442.076000
1444.546000
1445.789000
1457.428000
1458.672000
1459.915000
1461.142000
1462.385000
1463.629000
1464.872000
1466.116000
1467.342000
1468.586000
1469.829000
1471.073000
1472.300000
1473.543000
1474.786000
1476.030000
1477.273000
1478.500000
1479.744000
1480.987000
1482.231000
1483.474000
1484.701000
1485.944000
1487.188000
1488.431000
1489.675000
1490.901000
1492.145000
1493.388000
1495.875000
1497.102000
1498.346000
1499.589000
1500.832000
1502.059000
1503.303000
1504.546000
1505.790000
1517.428000
1518.672000
1519.915000
1521.142000
1522.385000
1523.629000
1524.872000
1526.116000
1527.343000
1528.586000
1529.829000
1531.073000
1532.300000
1533.543000
1534.787000
1536.030000
1537.273000
1538.500000
1539.744000
1540.987000
1542.231000
1543.474000
1544.701000
1545.944000
1547.188000
1549.675000
1550.902000
1552.145000
1553.388000
1554.632000
1555.875000
1557.102000
1558.346000
1559.589000
1560.832000
1562.076000
1563.303000
1564.546000
1565.790000
1577.412000
1578.655000
1579.899000
1581.142000
1582.385000
1583.612000
1584.856000
1586.099000
1587.343000
1588.586000
1589.813000
1591.056000
1592.300000
1593.543000
1594.787000
1596.014000
1597.257000
1599.744000
1600.987000
1602.214000
1603.458000
1604.701000
1605.944000
1607.171000
1608.415000
1609.658000
1610.902000
1612.145000
1613.372000
1614.615000
1615.859000
1617.102000
1618.346000
1619.573000
1620.816000
1622.059000
1623.303000
1624.546000
1625.773000
1637.412000
1638.655000
1639.899000
1641.142000
1642.386000
1643.612000
1644.856000
1646.099000
1647.343000
1648.586000
1649.813000
1651.056000
1652.300000
1653.543000
1654.787000
1657.257000
1658.501000
1659.744000
1660.987000
1662.214000
1664.701000
1665.945000
1667.188000
1668.415000
1669.658000
1670.902000
1672.145000
1673.372000
1674.615000
1675.859000
1677.102000
1678.346000
1679.573000
1680.816000
1682.060000
1683.303000
1684.546000
1685.773000
1697.412000
1698.655000
1699.899000
1701.142000
1702.386000
1703.612000
1704.856000
1706.099000
1707.343000
1708.586000
1709.813000
1711.057000
1712.300000
1713.543000
1714.787000
1716.014000
1717.257000
1718.501000
1719.744000
1720.987000
1722.214000
1724.701000
1725.945000
1727.172000
1728.415000
1729.658000
1730.902000
1732.145000
1733.372000
1734.616000
1735.859000
1737.102000
1738.346000
1739.573000
1740.816000
1742.060000
1743.303000
1745.773000
