1766.669000
1767.299000
1767.913000
1768.543000
1769.156000
1769.769000
1770.399000
1771.013000
1771.643000
1772.256000
1772.870000
1773.500000
1774.113000
1774.743000
1775.357000
1775.970000
1776.600000
1777.213000
1777.843000
1778.457000
1779.070000
1779.700000
1780.314000
1780.944000
1781.557000
1782.171000
1782.801000
1783.414000
1784.028000
1784.658000
1785.271000
1785.901000
1786.514000
1787.128000
1787.758000
1788.371000
1789.001000
1789.615000
1790.228000
1790.858000
1791.472000
1792.102000
1792.715000
1793.328000
1793.958000
1794.572000
1795.202000
1795.815000
1796.429000
1797.059000
1797.672000
1798.302000
1798.916000
1799.529000
1800.159000
1801.403000
1802.016000
1802.629000
1803.259000
1803.873000
1804.503000
1805.116000
1805.730000
1806.360000
1806.973000
1807.603000
1808.217000
1808.830000
1809.460000
1810.073000
1810.703000
1811.317000
1811.930000
1812.560000
1813.174000
1813.804000
1814.417000
1825.442000
1826.056000
1826.669000
1827.299000
1827.913000
1828.543000
1829.156000
1830.400000
1831.013000
1831.643000
1832.256000
1832.870000
1833.500000
1834.113000
1834.743000
1835.357000
1835.970000
1836.600000
1837.214000
1837.844000
1838.457000
1839.070000
1839.700000
1840.314000
1840.944000
1841.557000
1842.801000
1843.414000
1844.028000
1844.658000
1845.271000
1845.901000
1846.514000
1847.128000
1847.758000
1848.371000
1849.001000
1849.615000
1850.228000
1850.858000
1851.472000
1852.102000
1852.715000
1853.329000
1853.959000
1854.572000
1855.202000
1855.815000
1856.429000
1857.059000
1857.672000
1858.302000
1858.916000
1859.529000
1860.159000
1860.773000
1861.403000
1862.016000
1862.629000
1863.259000
1863.873000
1865.116000
1865.730000
1866.360000
1866.973000
1867.603000
1868.217000
1868.830000
1869.460000
1870.074000
1870.704000
1871.317000
1871.930000
1872.560000
1873.174000
1873.804000
1874.417000
1885.426000
1886.056000
1886.669000
1887.283000
1887.913000
1888.526000
1889.140000
1889.770000
1890.383000
1891.013000
1892.240000
1892.870000
1893.483000
1894.113000
1894.727000
1895.340000
1895.970000
1896.584000
1897.214000
1897.827000
1898.441000
1899.071000
1899.684000
1900.314000
1900.927000
1901.541000
1902.171000
1902.784000
1903.414000
1904.028000
1904.641000
1905.271000
1905.885000
1906.515000
1907.128000
1907.741000
1908.371000
1908.985000
1909.615000
1910.228000
1910.842000
1911.472000
1913.329000
1913.942000
1914.572000
1915.185000
1915.816000
1916.429000
1917.042000
1917.672000
1918.286000
1918.916000
1919.529000
1920.143000
1920.773000
1921.386000
1922.000000
1922.630000
1923.243000
1923.873000
1924.486000
1925.100000
1925.730000
1926.343000
1926.973000
1927.587000
1928.830000
1929.444000
1930.074000
1930.687000
1931.300000
1931.930000
1932.544000
1933.174000
1933.787000
1934.401000
1945.426000
1946.056000
1946.669000
1947.283000
1947.913000
1948.526000
1949.140000
1949.770000
1950.383000
1951.013000
1951.627000
1952.240000
1952.870000
1953.483000
1954.113000
1954.727000
1955.340000
1955.970000
1956.584000
1957.214000
1957.827000
1958.441000
1959.071000
1959.684000
1960.314000
1960.927000
1961.541000
1962.171000
1962.784000
1965.271000
1965.885000
1966.515000
1967.128000
1967.742000
1968.372000
1968.985000
1969.615000
1970.228000
1970.842000
1971.472000
1972.085000
1972.715000
1973.329000
1973.942000
1974.572000
1975.186000
1975.816000
1976.429000
1977.042000
1977.672000
1978.286000
1978.916000
1979.529000
1980.143000
1980.773000
1982.000000
1982.630000
1983.243000
1983.873000
1984.487000
1985.100000
1985.730000
1986.343000
1986.973000
1987.587000
1988.200000
1988.830000
1989.444000
1990.074000
1990.687000
1991.301000
1991.931000
1992.544000
1993.174000
1994.401000
2005.426000
2006.056000
2006.669000
2007.913000
2008.526000
2009.140000
2010.383000
2011.013000
2011.627000
2012.240000
2012.870000
2013.484000
2014.114000
2014.727000
2015.340000
2015.970000
2016.584000
2017.214000
2017.827000
2018.441000
2019.071000
2019.684000
2020.314000
2020.928000
2021.541000
2022.171000
2022.784000
2023.414000
2024.028000
2024.641000
2025.271000
2025.885000
2026.515000
2028.985000
2029.615000
2030.229000
2030.842000
2031.472000
2032.085000
2032.715000
2033.329000
2033.942000
2034.572000
2035.186000
2035.816000
2036.429000
2037.043000
2037.673000
2038.286000
2038.916000
2039.529000
2040.143000
2040.773000
2041.386000
2042.000000
2042.630000
2043.243000
2043.873000
2044.487000
2045.100000
2045.730000
2046.343000
2046.973000
2048.200000
2048.830000
2049.444000
2050.074000
2050.687000
2051.301000
2051.931000
2052.544000
2053.174000
2053.788000
2054.401000
2065.443000
2066.056000
2066.670000
2067.300000
2067.913000
2068.543000
2069.156000
2069.770000
2070.400000
2071.013000
2071.643000
2072.257000
2072.870000
2073.500000
2074.114000
2074.744000
2075.357000
2075.971000
2076.601000
2077.844000
2078.457000
2079.071000
2079.701000
2080.314000
2080.928000
2081.558000
2082.171000
2082.801000
2083.415000
2084.028000
2084.658000
2085.271000
2085.901000
2086.515000
2087.128000
2087.758000
2088.372000
2089.002000
2089.615000
2090.229000
2090.859000
2091.472000
2092.102000
2092.715000
2093.959000
2094.572000
2095.202000
2095.816000
2096.429000
2097.059000
2097.673000
2098.303000
2098.916000
2099.530000
2100.160000
2100.773000
2101.403000
2102.016000
2102.630000
2103.260000
2103.873000
2104.503000
2105.117000
2105.730000
2106.360000
2106.974000
2107.604000
2108.217000
2108.830000
2109.460000
2110.074000
2110.704000
2111.317000
2111.931000
2112.561000
2113.174000
2114.418000
2125.426000
2126.040000
2126.670000
2127.283000
2127.913000
2128.527000
2129.140000
2129.770000
2130.384000
2131.013000
2131.627000
2132.240000
2132.870000
2133.484000
2134.114000
2134.727000
2135.341000
2136.584000
2137.214000
2137.827000
2138.441000
2139.071000
2139.684000
2140.314000
2140.928000
2141.541000
2142.171000
2142.785000
2143.415000
2144.028000
2144.641000
2145.271000
2145.885000
2146.515000
2147.128000
2147.742000
2148.372000
2148.985000
2149.615000
2150.229000
2151.472000
2152.086000
2152.716000
2153.329000
2154.572000
2155.186000
2155.816000
2156.429000
2157.043000
2157.673000
2158.286000
2158.900000
2159.530000
2160.143000
2160.773000
2161.386000
2162.000000
2162.630000
2165.100000
2165.730000
2166.344000
2166.974000
2167.587000
2168.201000
2168.831000
2169.444000
2170.074000
2171.301000
2171.931000
2172.544000
2173.174000
2173.788000
2174.401000
2185.426000
2186.040000
2186.670000
2187.283000
2187.913000
2188.527000
2189.140000
2189.770000
2190.384000
2191.013000
2191.627000
2192.240000
2192.870000
2193.484000
2194.114000
2194.727000
2195.341000
2195.971000
2196.584000
2197.214000
2197.828000
2198.441000
2199.071000
2199.684000
2200.314000
2200.928000
2201.541000
2202.171000
2202.785000
2203.415000
2204.028000
2204.642000
2205.272000
2205.885000
2206.515000
2207.128000
2207.742000
2208.372000
2208.985000
2210.229000
2210.842000
2211.472000
2212.086000
2212.716000
2213.329000
2213.943000
2214.573000
2215.186000
2215.816000
2216.429000
2217.043000
2217.673000
2218.286000
2218.900000
2219.530000
2220.143000
2220.773000
2221.387000
2222.000000
2222.630000
2223.243000
2223.873000
2224.487000
2225.100000
2225.730000
2226.344000
2226.974000
2227.587000
2228.831000
2229.444000
2230.074000
2230.687000
2231.301000
2231.931000
2232.544000
2233.174000
2233.788000
2245.426000
2246.670000
2247.283000
2247.913000
2248.527000
2249.140000
2249.770000
2250.384000
2251.014000
2251.627000
2252.240000
2252.870000
2253.484000
2254.114000
2254.727000
2255.341000
2256.584000
2257.214000
2257.828000
2259.071000
2259.684000
2260.315000
2260.928000
2261.541000
2262.171000
2262.785000
2263.415000
2264.028000
2264.642000
2265.272000
2265.885000
2266.515000
2267.129000
2267.742000
2268.372000
2268.985000
2269.615000
2270.229000
2270.842000
2272.716000
2273.329000
2273.943000
2274.573000
2275.186000
2275.799000
2276.429000
2277.043000
2277.673000
2278.286000
2278.900000
2279.530000
2280.143000
2280.773000
2281.387000
2282.000000
2282.630000
2283.244000
2283.874000
2284.487000
2285.100000
2285.730000
2286.344000
2286.974000
2287.587000
2288.831000
2289.444000
2290.074000
2290.688000
2291.301000
2291.931000
2292.544000
2293.788000
2294.401000
2305.426000
2306.040000
2306.670000
2307.283000
2307.913000
2308.527000
2309.770000
2310.384000
2311.014000
2311.627000
2312.241000
2312.871000
2313.484000
2314.114000
2314.727000
2315.341000
2315.971000
2316.584000
2317.828000
2319.071000
2319.685000
2320.315000
2320.928000
2321.541000
2322.171000
2322.785000
2323.415000
2324.028000
2324.642000
2325.272000
2325.885000
2326.515000
2327.129000
2327.742000
2328.372000
2328.986000
2329.616000
2330.229000
2330.842000
2331.472000
2332.086000
2332.716000
2333.329000
2333.943000
2334.573000
2335.186000
2335.800000
2336.430000
2337.043000
2337.673000
2338.286000
2338.900000
2339.530000
2340.143000
2340.773000
2341.387000
2342.000000
2342.630000
2343.244000
2343.874000
2344.487000
2345.100000
2345.730000
2346.344000
2346.974000
2347.587000
2348.201000
2348.831000
2349.444000
2350.074000
2350.688000
2351.301000
2351.931000
2352.545000
2353.175000
2353.788000
2354.401000
2365.427000
2366.040000
2366.670000
2367.283000
2367.913000
2368.527000
2369.140000
2369.770000
2370.384000
2371.014000
2371.627000
2372.241000
2372.871000
2373.484000
2374.114000
2374.728000
2375.341000
2375.971000
2376.584000
2377.214000
2377.828000
2378.441000
2379.071000
2379.685000
2380.315000
2381.542000
2382.172000
2382.785000
2383.415000
2384.028000
2384.642000
2385.272000
2385.885000
2386.515000
2387.129000
2387.742000
2388.372000
2388.986000
2389.616000
2392.716000
2393.329000
2393.943000
2394.573000
2395.186000
2396.430000
2397.043000
2397.673000
2398.287000
2398.900000
2399.530000
2400.143000
2400.773000
2402.000000
2403.244000
2403.874000
2404.487000
2405.101000
2405.731000
2406.344000
2406.974000
2407.587000
2408.201000
2408.831000
2409.444000
2410.074000
2410.688000
2411.301000
2411.931000
2412.545000
2413.788000
2414.402000
2425.427000
2426.040000
2426.670000
2427.284000
2427.914000
2429.140000
2429.770000
2430.384000
2431.014000
2431.627000
2432.241000
2432.871000
2433.484000
2434.114000
2434.728000
2435.341000
2435.971000
2436.584000
2437.214000
2437.828000
2438.441000
2439.071000
2439.685000
2440.315000
2440.928000
2441.542000
2442.172000
2442.785000
2443.415000
2444.029000
2444.642000
2445.272000
2445.885000
2446.515000
2447.129000
2447.742000
2448.986000
2449.616000
2450.229000
2450.843000
2451.473000
2452.086000
2452.716000
2453.329000
2453.943000
2454.573000
2455.186000
2456.430000
2457.043000
2457.673000
2458.287000
2458.900000
2459.530000
2460.143000
2460.774000
2461.387000
2462.000000
2462.630000
2463.244000
2463.874000
2464.487000
2465.101000
2465.731000
2466.344000
2466.974000
2467.588000
2468.201000
2468.831000
2469.444000
2470.074000
2470.688000
2473.175000
2473.788000
2474.402000
