310.675000
311.902000
313.145000
314.389000
315.632000
316.875000
318.102000
319.346000
320.589000
321.833000
323.060000
324.303000
326.790000
328.033000
329.260000
330.504000
332.990000
334.234000
335.461000
336.704000
337.948000
339.191000
340.435000
341.661000
342.905000
344.148000
345.392000
346.635000
347.862000
349.105000
350.349000
351.592000
352.836000
354.063000
355.306000
356.549000
357.793000
369.415000
370.658000
371.902000
373.145000
374.372000
375.616000
376.859000
378.102000
379.346000
380.573000
381.816000
383.060000
384.303000
385.547000
386.773000
388.017000
389.260000
390.504000
391.747000
392.974000
394.217000
395.461000
396.704000
397.948000
399.175000
400.418000
401.661000
402.905000
404.132000
405.375000
406.619000
407.862000
409.106000
410.332000
411.576000
412.819000
414.063000
415.306000
416.533000
429.415000
430.658000
431.902000
433.145000
434.372000
435.616000
436.859000
438.103000
439.346000
440.573000
441.816000
443.060000
444.303000
445.547000
446.773000
449.260000
450.504000
451.747000
452.974000
454.217000
455.461000
456.704000
457.948000
459.175000
460.418000
461.662000
462.905000
464.132000
465.375000
466.619000
467.862000
469.106000
470.333000
471.576000
472.819000
474.063000
475.306000
476.533000
477.777000
489.415000
490.659000
491.902000
493.145000
494.372000
496.859000
498.103000
499.346000
500.573000
501.816000
503.060000
504.303000
505.547000
506.774000
508.017000
509.260000
510.504000
511.747000
512.974000
514.218000
515.461000
516.704000
517.948000
519.175000
520.418000
521.662000
522.905000
524.132000
525.375000
526.619000
527.862000
529.106000
530.333000
532.819000
534.063000
535.306000
536.533000
537.777000
549.415000
550.659000
551.902000
553.146000
554.372000
555.616000
556.859000
558.103000
559.346000
563.060000
564.303000
565.547000
566.774000
568.017000
569.260000
570.504000
571.747000
572.974000
575.461000
576.705000
577.948000
579.175000
580.418000
581.662000
582.905000
584.132000
585.375000
586.619000
587.862000
589.106000
590.333000
591.576000
592.820000
594.063000
595.306000
596.533000
597.777000
609.415000
610.659000
611.902000
613.146000
614.372000
615.616000
616.859000
618.103000
619.346000
620.573000
621.817000
623.060000
624.303000
625.547000
626.774000
628.017000
629.261000
630.504000
631.747000
632.974000
634.218000
636.705000
637.932000
639.175000
640.418000
641.662000
642.905000
644.132000
645.376000
646.619000
647.862000
649.106000
651.576000
652.820000
654.063000
655.307000
656.533000
657.777000
669.415000
670.659000
671.902000
673.146000
674.373000
675.616000
676.859000
678.103000
679.346000
680.573000
681.817000
683.060000
684.304000
685.547000
686.774000
688.017000
689.261000
690.504000
691.748000
692.974000
694.218000
695.461000
696.705000
699.175000
700.418000
701.662000
702.905000
704.132000
705.376000
706.619000
707.863000
709.106000
711.576000
712.820000
714.063000
715.307000
716.533000
717.777000
729.415000
730.659000
731.902000
733.146000
734.373000
735.616000
736.860000
738.103000
740.573000
741.817000
743.060000
744.304000
746.774000
748.017000
749.261000
750.504000
751.748000
752.975000
754.218000
755.461000
756.705000
757.932000
759.175000
760.419000
761.662000
762.905000
764.132000
765.376000
766.619000
767.863000
771.576000
772.820000
774.063000
775.307000
776.534000
777.777000
789.416000
790.659000
791.902000
793.146000
794.373000
795.616000
796.860000
798.103000
799.347000
800.573000
801.817000
803.060000
804.304000
805.547000
806.774000
808.017000
809.261000
811.748000
812.975000
814.218000
815.462000
816.705000
817.932000
819.175000
820.419000
821.662000
822.906000
824.132000
825.376000
826.619000
827.863000
829.106000
830.333000
831.576000
832.820000
834.063000
835.307000
836.534000
837.777000
849.416000
850.659000
851.903000
853.146000
854.373000
855.616000
856.860000
858.103000
859.347000
860.573000
861.817000
863.060000
864.304000
865.547000
866.774000
868.018000
869.261000
870.504000
871.748000
872.975000
874.218000
875.462000
876.705000
877.932000
879.175000
880.419000
884.132000
885.376000
886.619000
887.863000
889.106000
890.333000
891.577000
892.820000
894.063000
895.307000
896.534000
897.777000
909.416000
910.659000
911.903000
913.146000
914.373000
915.616000
918.103000
919.347000
920.574000
921.817000
923.060000
924.304000
925.547000
926.774000
928.018000
929.261000
930.505000
931.748000
932.975000
934.218000
935.462000
936.705000
937.932000
939.175000
940.419000
941.662000
942.906000
944.133000
945.376000
946.619000
947.863000
949.106000
950.333000
951.577000
952.820000
954.064000
955.307000
956.534000
957.777000
969.416000
970.659000
971.903000
973.146000
974.373000
975.616000
976.860000
978.103000
979.347000
980.574000
981.817000
984.304000
985.547000
986.774000
988.018000
989.261000
990.505000
991.748000
992.975000
994.218000
995.462000
996.705000
997.932000
999.176000
1000.419000
1001.662000
1002.906000
1004.133000
1005.376000
1006.620000
1007.863000
1009.106000
1010.333000
1011.577000
1012.820000
1014.064000
1015.307000
1016.534000
1017.777000
