1047.972000
1051.686000
1056.643000
1057.886000
1069.044000
1074.001000
1075.245000
1078.975000
1081.445000
1085.175000
1100.528000
1106.728000
1111.686000
1114.173000
1115.416000
1116.643000
1122.843000
1127.801000
1131.531000
1160.528000
1161.771000
1164.242000
1165.485000
1166.729000
1171.686000
1176.643000
1182.844000
1186.574000
1192.774000
1195.245000
1196.488000
1197.732000
1200.202000
1218.041000
1223.015000
1232.929000
1234.173000
1237.886000
1241.600000
1246.574000
1247.801000
1257.732000
1262.689000
1266.403000
1280.528000
1283.015000
1290.442000
1292.929000
1294.173000
1296.643000
1297.887000
1299.130000
1301.600000
1306.574000
1312.775000
1315.245000
1326.403000
1340.528000
1345.485000
1346.729000
1347.972000
1354.173000
1359.130000
1360.373000
1361.600000
1362.844000
1364.087000
1365.331000
1366.574000
1367.801000
1369.044000
1371.531000
1382.689000
1400.528000
1403.015000
1404.242000
1421.600000
1424.087000
1435.245000
1436.489000
1438.975000
1459.285000
1461.772000
1465.486000
1471.686000
1481.601000
1482.844000
1492.775000
1502.689000
1505.160000
1523.015000
1531.686000
1539.130000
1541.601000
1547.801000
1550.288000
1560.202000
1611.515000
1612.759000
1614.002000
1618.959000
1640.512000
1651.686000
1654.157000
1659.114000
1661.601000
1676.472000
1677.716000
1681.446000
1682.673000
1698.042000
1700.512000
1701.756000
1704.242000
1715.400000
1717.887000
1722.844000
1726.558000
1741.446000
1742.673000
