311.288000
315.002000
316.245000
317.489000
319.976000
321.203000
322.446000
323.690000
327.403000
329.890000
331.134000
332.360000
334.847000
336.091000
337.334000
338.561000
339.805000
341.048000
343.535000
347.249000
348.492000
357.163000
358.406000
370.045000
371.272000
375.002000
377.472000
379.959000
382.446000
384.916000
389.874000
392.361000
396.074000
397.318000
401.048000
403.518000
407.232000
408.476000
409.719000
410.962000
412.206000
413.433000
414.676000
415.920000
417.163000
418.406000
430.045000
431.272000
432.515000
433.759000
437.473000
439.959000
442.446000
443.673000
444.917000
446.160000
447.403000
449.874000
451.117000
453.604000
456.074000
457.318000
458.561000
459.805000
462.275000
463.518000
464.762000
466.005000
468.476000
469.719000
470.962000
473.433000
474.676000
477.163000
490.045000
491.272000
492.515000
493.759000
495.002000
496.246000
499.959000
501.203000
502.446000
503.673000
504.917000
506.160000
508.647000
509.874000
512.361000
513.604000
514.848000
516.074000
517.318000
518.561000
519.805000
523.519000
524.762000
526.005000
528.476000
529.719000
530.963000
533.433000
534.676000
535.920000
538.407000
551.272000
553.759000
555.002000
556.246000
558.716000
559.960000
561.203000
562.446000
563.673000
564.917000
567.404000
568.647000
571.117000
573.604000
576.075000
579.805000
581.032000
582.275000
583.519000
584.762000
587.232000
589.719000
590.963000
592.206000
593.433000
597.163000
598.407000
610.045000
611.272000
612.516000
613.759000
615.002000
616.246000
618.716000
619.960000
621.203000
622.447000
623.673000
626.160000
627.404000
628.647000
631.117000
632.361000
633.604000
634.848000
636.075000
637.318000
639.805000
641.032000
642.275000
646.006000
653.433000
655.920000
670.045000
672.516000
675.003000
676.246000
678.716000
681.203000
683.673000
684.917000
687.404000
688.647000
689.874000
691.118000
692.361000
697.318000
698.562000
699.805000
701.032000
702.275000
703.519000
704.762000
706.006000
707.233000
709.719000
710.963000
712.206000
714.677000
715.920000
717.163000
718.407000
731.272000
732.516000
733.759000
736.246000
737.473000
738.716000
739.960000
741.203000
742.447000
743.674000
744.917000
747.404000
748.647000
749.874000
752.361000
753.605000
756.075000
757.318000
758.562000
759.805000
761.032000
762.275000
768.476000
769.720000
772.206000
773.433000
774.677000
778.407000
790.046000
791.272000
792.516000
793.759000
795.003000
796.246000
797.473000
799.960000
801.203000
803.674000
806.161000
807.404000
808.647000
809.874000
811.118000
812.361000
814.831000
816.075000
817.318000
818.562000
819.805000
821.032000
822.276000
823.519000
826.006000
827.233000
829.720000
830.963000
833.433000
834.677000
837.164000
851.273000
853.759000
855.003000
856.246000
858.717000
859.960000
861.203000
864.917000
866.161000
871.118000
872.361000
873.605000
874.832000
876.075000
879.805000
882.276000
883.519000
886.006000
887.233000
888.476000
889.720000
892.207000
893.433000
895.920000
897.164000
898.407000
910.046000
911.273000
912.516000
913.760000
915.003000
916.246000
921.204000
922.447000
923.674000
924.917000
926.161000
927.404000
928.648000
929.875000
931.118000
932.361000
936.075000
937.319000
938.562000
939.805000
941.032000
942.276000
947.233000
948.476000
949.720000
950.963000
953.434000
954.677000
955.920000
957.164000
970.046000
971.273000
973.760000
975.003000
976.246000
977.473000
978.717000
979.960000
981.204000
982.447000
983.674000
984.917000
988.648000
992.361000
993.605000
994.832000
997.319000
998.562000
999.806000
1006.006000
1009.720000
1010.963000
1012.207000
1015.921000
1017.164000
1018.407000
