1766.669000
1767.913000
1769.156000
1770.399000
1771.643000
1772.870000
1774.113000
1775.357000
1776.600000
1777.843000
1779.070000
1780.314000
1781.557000
1782.801000
1784.028000
1785.271000
1786.514000
1787.758000
1789.001000
1790.228000
1791.472000
1792.715000
1793.958000
1795.202000
1796.429000
1797.672000
1798.916000
1800.159000
1801.403000
1802.629000
1803.873000
1805.116000
1806.360000
1807.603000
1808.830000
1810.073000
1811.317000
1812.560000
1813.804000
1825.442000
1826.669000
1827.913000
1829.156000
1830.400000
1831.643000
1832.870000
1834.113000
1835.357000
1836.600000
1837.844000
1839.070000
1840.314000
1841.557000
1842.801000
1844.028000
1845.271000
1846.514000
1847.758000
1849.001000
1850.228000
1851.472000
1852.715000
1853.959000
1855.202000
1856.429000
1857.672000
1858.916000
1860.159000
1861.403000
1862.629000
1863.873000
1865.116000
1866.360000
1867.603000
1868.830000
1870.074000
1871.317000
1872.560000
1873.804000
1885.426000
1886.669000
1887.913000
1889.140000
1890.383000
1892.870000
1894.113000
1895.340000
1896.584000
1897.827000
1899.071000
1900.314000
1901.541000
1902.784000
1904.028000
1905.271000
1906.515000
1907.741000
1908.985000
1910.228000
1911.472000
1913.942000
1915.185000
1916.429000
1917.672000
1918.916000
1920.143000
1921.386000
1922.630000
1923.873000
1925.100000
1926.343000
1927.587000
1928.830000
1930.074000
1931.300000
1932.544000
1933.787000
1945.426000
1946.669000
1947.913000
1949.140000
1950.383000
1951.627000
1952.870000
1954.113000
1955.340000
1956.584000
1957.827000
1959.071000
1960.314000
1961.541000
1962.784000
1965.271000
1966.515000
1967.742000
1968.985000
1970.228000
1971.472000
1972.715000
1973.942000
1975.186000
1976.429000
1977.672000
1978.916000
1980.143000
1982.630000
1983.873000
1985.100000
1986.343000
1987.587000
1988.830000
1990.074000
1991.301000
1992.544000
2005.426000
2006.669000
2007.913000
2009.140000
2010.383000
2011.627000
2012.870000
2014.114000
2015.340000
2016.584000
2017.827000
2019.071000
2020.314000
2021.541000
2022.784000
2024.028000
2025.271000
2026.515000
2028.985000
2030.229000
2031.472000
2032.715000
2033.942000
2035.186000
2036.429000
2037.673000
2038.916000
2040.143000
2041.386000
2042.630000
2043.873000
2045.100000
2046.343000
2048.830000
2050.074000
2051.301000
2052.544000
2053.788000
2065.443000
2066.670000
2067.913000
2069.156000
2070.400000
2071.643000
2072.870000
2074.114000
2075.357000
2076.601000
2077.844000
2079.071000
2080.314000
2081.558000
2082.801000
2084.028000
2085.271000
2086.515000
2087.758000
2089.002000
2090.229000
2091.472000
2092.715000
2093.959000
2095.202000
2096.429000
2097.673000
2098.916000
2100.160000
2101.403000
2102.630000
2103.873000
2105.117000
2106.360000
2107.604000
2108.830000
2110.074000
2111.317000
2112.561000
2125.426000
2126.670000
2127.913000
2129.140000
2130.384000
2131.627000
2132.870000
2134.114000
2135.341000
2136.584000
2137.827000
2139.071000
2140.314000
2141.541000
2142.785000
2144.028000
2145.271000
2146.515000
2147.742000
2148.985000
2150.229000
2151.472000
2152.716000
2155.186000
2156.429000
2157.673000
2158.900000
2160.143000
2161.386000
2162.630000
2165.100000
2166.344000
2167.587000
2168.831000
2170.074000
2171.301000
2172.544000
2173.788000
2185.426000
2186.670000
2187.913000
2189.140000
2190.384000
2191.627000
2192.870000
2194.114000
2195.341000
2196.584000
2197.828000
2199.071000
2200.314000
2201.541000
2202.785000
2204.028000
2205.272000
2206.515000
2207.742000
2208.985000
2210.229000
2211.472000
2212.716000
2213.943000
2215.186000
2216.429000
2217.673000
2218.900000
2220.143000
2221.387000
2222.630000
2223.873000
2225.100000
2226.344000
2227.587000
2228.831000
2230.074000
2231.301000
2232.544000
2233.788000
2245.426000
2246.670000
2247.913000
2249.140000
2250.384000
2251.627000
2252.870000
2254.114000
2255.341000
2256.584000
2257.828000
2259.071000
2260.315000
2261.541000
2262.785000
2264.028000
2265.272000
2266.515000
2267.742000
2268.985000
2270.229000
2272.716000
2273.943000
2275.186000
2276.429000
2277.673000
2278.900000
2280.143000
2281.387000
2282.630000
2283.874000
2285.100000
2286.344000
2287.587000
2288.831000
2290.074000
2291.301000
2292.544000
2293.788000
2305.426000
2306.670000
2307.913000
2310.384000
2311.627000
2312.871000
2314.114000
2315.341000
2316.584000
2317.828000
2319.071000
2320.315000
2321.541000
2322.785000
2324.028000
2325.272000
2326.515000
2327.742000
2328.986000
2330.229000
2331.472000
2332.716000
2333.943000
2335.186000
2336.430000
2337.673000
2338.900000
2340.143000
2341.387000
2342.630000
2343.874000
2345.100000
2346.344000
2347.587000
2348.831000
2350.074000
2351.301000
2352.545000
2353.788000
2365.427000
2366.670000
2367.913000
2369.140000
2370.384000
2371.627000
2372.871000
2374.114000
2375.341000
2376.584000
2377.828000
2379.071000
2380.315000
2381.542000
2382.785000
2384.028000
2385.272000
2386.515000
2387.742000
2388.986000
2392.716000
2393.943000
2395.186000
2396.430000
2397.673000
2398.900000
2400.143000
2403.874000
2405.101000
2406.344000
2407.587000
2408.831000
2410.074000
2411.301000
2412.545000
2413.788000
2425.427000
2426.670000
2427.914000
2429.140000
2430.384000
2431.627000
2432.871000
2434.114000
2435.341000
2436.584000
2437.828000
2439.071000
2440.315000
2441.542000
2442.785000
2444.029000
2445.272000
2446.515000
2447.742000
2448.986000
2450.229000
2451.473000
2452.716000
2453.943000
2455.186000
2456.430000
2457.673000
2458.900000
2460.143000
2461.387000
2462.630000
2463.874000
2465.101000
2466.344000
2467.588000
2468.831000
2470.074000
2473.788000
