1767.299000
1768.543000
1769.769000
1771.013000
1772.256000
1773.500000
1774.743000
1777.213000
1778.457000
1780.944000
1782.171000
1783.414000
1784.658000
1785.901000
1787.128000
1788.371000
1789.615000
1790.858000
1793.328000
1794.572000
1797.059000
1804.503000
1806.973000
1808.217000
1809.460000
1810.703000
1811.930000
1813.174000
1814.417000
1826.056000
1827.299000
1828.543000
1831.013000
1832.256000
1834.743000
1835.970000
1837.214000
1840.944000
1843.414000
1844.658000
1847.128000
1850.858000
1852.102000
1853.329000
1854.572000
1855.815000
1857.059000
1858.302000
1859.529000
1860.773000
1862.016000
1863.259000
1865.730000
1866.973000
1868.217000
1869.460000
1870.704000
1873.174000
1874.417000
1886.056000
1888.526000
1889.770000
1891.013000
1893.483000
1894.727000
1895.970000
1897.214000
1898.441000
1899.684000
1900.927000
1903.414000
1913.329000
1914.572000
1915.816000
1917.042000
1920.773000
1922.000000
1924.486000
1925.730000
1926.973000
1930.687000
1931.930000
1933.174000
1934.401000
1947.283000
1948.526000
1951.013000
1952.240000
1953.483000
1954.727000
1955.970000
1957.214000
1959.684000
1960.927000
1962.171000
1965.885000
1967.128000
1968.372000
1969.615000
1970.842000
1972.085000
1974.572000
1975.816000
1977.042000
1978.286000
1979.529000
1980.773000
1983.243000
1984.487000
1985.730000
1986.973000
1988.200000
1989.444000
1990.687000
1991.931000
1993.174000
1994.401000
2006.056000
2008.526000
2011.013000
2012.240000
2014.727000
2015.970000
2017.214000
2018.441000
2019.684000
2020.928000
2022.171000
2023.414000
2029.615000
2030.842000
2033.329000
2034.572000
2035.816000
2037.043000
2038.286000
2040.773000
2042.000000
2044.487000
2046.973000
2048.200000
2049.444000
2050.687000
2051.931000
2053.174000
2054.401000
2066.056000
2068.543000
2069.770000
2071.013000
2072.257000
2073.500000
2074.744000
2078.457000
2079.701000
2080.928000
2082.171000
2083.415000
2084.658000
2085.901000
2088.372000
2092.102000
2094.572000
2095.816000
2097.059000
2098.303000
2099.530000
2100.773000
2102.016000
2103.260000
2105.730000
2110.704000
2113.174000
2126.040000
2127.283000
2128.527000
2129.770000
2131.013000
2132.240000
2137.214000
2140.928000
2142.171000
2143.415000
2144.641000
2145.885000
2152.086000
2154.572000
2155.816000
2157.043000
2158.286000
2159.530000
2160.773000
2162.000000
2165.730000
2168.201000
2169.444000
2171.931000
2186.040000
2187.283000
2188.527000
2189.770000
2191.013000
2192.240000
2193.484000
2194.727000
2195.971000
2197.214000
2198.441000
2199.684000
2200.928000
2202.171000
2203.415000
2204.642000
2205.885000
2207.128000
2208.372000
2214.573000
2215.816000
2217.043000
2222.000000
2224.487000
2225.730000
2226.974000
2229.444000
2230.687000
2231.931000
2233.174000
2247.283000
2248.527000
2249.770000
2251.014000
2252.240000
2253.484000
2254.727000
2257.214000
2259.684000
2260.928000
2262.171000
2263.415000
2264.642000
2265.885000
2267.129000
2268.372000
2269.615000
2270.842000
2273.329000
2275.799000
2277.043000
2278.286000
2279.530000
2280.773000
2283.244000
2284.487000
2285.730000
2286.974000
2289.444000
2290.688000
2291.931000
2294.401000
2306.040000
2308.527000
2309.770000
2311.014000
2313.484000
2314.727000
2315.971000
2319.685000
2320.928000
2322.171000
2323.415000
2324.642000
2327.129000
2328.372000
2329.616000
2333.329000
2334.573000
2335.800000
2337.043000
2338.286000
2339.530000
2340.773000
2343.244000
2345.730000
2346.974000
2348.201000
2350.688000
2351.931000
2367.283000
2368.527000
2369.770000
2371.014000
2372.241000
2373.484000
2374.728000
2377.214000
2378.441000
2379.685000
2383.415000
2384.642000
2385.885000
2387.129000
2388.372000
2389.616000
2393.329000
2397.043000
2398.287000
2399.530000
2400.773000
2402.000000
2403.244000
2405.731000
2406.974000
2408.201000
2409.444000
2410.688000
2411.931000
2414.402000
2429.770000
2433.484000
2434.728000
2435.971000
2438.441000
2439.685000
2440.928000
2442.172000
2444.642000
2445.885000
2447.129000
2450.843000
2453.329000
2454.573000
2457.043000
2459.530000
2463.244000
2464.487000
2465.731000
2466.974000
2468.201000
2469.444000
2470.688000
2473.175000
2474.402000
