1775.970000
1779.700000
1792.102000
1795.815000
1798.302000
1799.529000
1802.016000
1803.259000
1805.730000
1833.500000
1838.457000
1839.700000
1845.901000
1848.371000
1849.615000
1871.930000
1887.283000
1892.240000
1902.171000
1904.641000
1905.885000
1907.128000
1908.371000
1909.615000
1910.842000
1918.286000
1919.529000
1923.243000
1929.444000
1946.056000
1949.770000
1958.441000
1973.329000
1982.000000
2013.484000
2024.641000
2025.885000
2032.085000
2039.529000
2043.243000
2045.730000
2067.300000
2075.971000
2087.128000
2089.615000
2090.859000
2104.503000
2106.974000
2108.217000
2109.460000
2111.931000
2114.418000
2133.484000
2134.727000
2138.441000
2139.684000
2147.128000
2148.372000
2149.615000
2153.329000
2166.974000
2173.174000
2174.401000
2210.842000
2212.086000
2213.329000
2218.286000
2219.530000
2220.773000
2223.243000
2274.573000
2282.000000
2307.283000
2312.241000
2325.885000
2330.842000
2332.086000
2342.000000
2344.487000
2349.444000
2353.175000
2354.401000
2366.040000
2375.971000
2382.172000
2394.573000
2404.487000
2426.040000
2427.284000
2431.014000
2432.241000
2437.214000
2443.415000
2449.616000
2452.086000
2458.287000
2460.774000
2462.000000
