310.663000
311.907000
314.393000
315.620000
316.864000
318.107000
319.351000
320.594000
321.821000
323.064000
324.308000
325.551000
326.795000
328.022000
329.265000
330.508000
332.995000
334.222000
335.466000
336.709000
337.952000
339.196000
340.423000
341.666000
342.910000
344.153000
345.380000
346.623000
347.867000
349.110000
350.354000
351.581000
352.824000
354.067000
355.311000
356.554000
357.781000
369.420000
370.663000
371.907000
373.150000
374.394000
375.620000
376.864000
378.107000
379.351000
380.594000
381.821000
383.064000
384.308000
385.551000
386.795000
388.022000
389.265000
390.509000
391.752000
392.995000
394.222000
395.466000
396.709000
397.953000
399.196000
400.423000
401.666000
402.910000
404.153000
405.380000
406.624000
407.867000
409.110000
410.354000
412.824000
414.068000
415.311000
416.554000
417.781000
429.420000
430.663000
431.907000
433.150000
434.394000
435.621000
436.864000
438.107000
439.351000
440.594000
441.821000
443.065000
444.308000
445.551000
446.795000
448.022000
449.265000
450.509000
451.752000
452.996000
454.222000
455.466000
456.709000
457.953000
459.180000
460.423000
461.666000
462.910000
464.153000
465.380000
466.624000
467.867000
469.110000
470.354000
471.581000
472.824000
474.068000
475.311000
476.555000
477.781000
489.420000
490.663000
491.907000
493.150000
494.394000
495.621000
496.864000
498.108000
499.351000
500.594000
501.821000
503.065000
504.308000
505.552000
506.795000
508.022000
509.265000
510.509000
511.752000
514.222000
515.466000
516.709000
517.953000
519.180000
520.423000
521.667000
522.910000
524.153000
525.380000
526.624000
527.867000
529.111000
530.354000
531.581000
534.068000
535.311000
536.555000
537.781000
549.420000
550.664000
551.907000
553.150000
554.394000
555.621000
556.864000
558.108000
559.351000
560.594000
561.821000
563.065000
564.308000
565.552000
566.795000
568.022000
570.509000
571.752000
572.996000
574.223000
575.466000
577.953000
579.180000
580.423000
581.667000
585.380000
587.867000
589.111000
590.354000
591.581000
592.824000
594.068000
595.311000
596.555000
597.782000
609.420000
610.664000
611.907000
613.150000
614.394000
615.621000
616.864000
618.108000
619.351000
620.595000
621.821000
623.065000
624.308000
626.795000
628.022000
629.265000
630.509000
631.752000
632.996000
634.223000
636.710000
637.953000
639.180000
640.423000
641.667000
642.910000
644.154000
646.624000
647.867000
649.111000
650.354000
652.824000
654.068000
655.311000
656.555000
657.782000
669.420000
670.664000
671.907000
673.151000
674.394000
675.621000
676.864000
678.108000
679.351000
680.595000
681.822000
683.065000
684.308000
685.552000
686.795000
688.022000
689.266000
690.509000
691.752000
692.996000
694.223000
695.466000
696.710000
697.953000
700.423000
701.667000
702.910000
704.154000
705.381000
706.624000
707.867000
709.111000
710.354000
711.581000
714.068000
715.311000
716.555000
717.782000
729.420000
730.664000
731.907000
733.134000
734.378000
735.621000
736.864000
738.108000
739.335000
740.578000
741.822000
743.065000
744.292000
745.535000
746.779000
748.022000
749.266000
750.493000
751.736000
752.979000
754.223000
755.466000
756.693000
757.937000
759.180000
760.423000
761.667000
762.894000
764.137000
765.381000
766.624000
767.868000
769.094000
770.338000
772.825000
774.052000
776.538000
777.782000
789.420000
790.664000
791.907000
793.134000
794.378000
795.621000
796.865000
798.108000
799.335000
800.578000
801.822000
803.065000
804.292000
805.535000
806.779000
808.022000
810.493000
812.979000
814.223000
815.466000
816.693000
817.937000
819.180000
820.424000
822.894000
824.137000
825.381000
826.624000
827.868000
829.095000
830.338000
832.825000
834.052000
835.295000
836.539000
837.782000
849.421000
850.664000
851.907000
853.151000
854.394000
856.865000
859.351000
860.595000
861.822000
863.065000
864.309000
865.552000
866.796000
868.022000
869.266000
870.509000
871.753000
872.980000
875.466000
876.710000
877.953000
879.180000
880.424000
881.667000
882.911000
884.154000
885.381000
886.624000
887.868000
889.111000
890.355000
891.581000
892.825000
894.068000
895.312000
896.555000
897.782000
909.421000
910.664000
911.908000
913.151000
915.621000
916.865000
918.108000
919.352000
920.595000
921.822000
924.309000
925.552000
926.796000
928.022000
929.266000
930.509000
931.753000
934.223000
935.467000
936.710000
937.953000
939.180000
940.424000
941.667000
944.154000
945.381000
946.624000
949.111000
950.355000
952.825000
955.312000
956.555000
957.782000
969.421000
970.664000
971.908000
973.151000
974.395000
975.621000
978.108000
979.352000
980.595000
981.822000
983.065000
984.309000
985.552000
988.023000
989.266000
991.753000
992.980000
994.223000
995.467000
996.710000
997.954000
999.180000
1000.424000
1001.667000
1004.154000
1005.381000
1006.624000
1007.868000
1009.111000
1010.355000
1012.825000
1014.068000
1015.312000
1016.555000
1017.782000
