311.293000
317.494000
318.721000
319.964000
322.451000
324.921000
333.609000
343.523000
344.767000
353.454000
354.681000
371.293000
373.764000
377.494000
381.208000
388.652000
389.895000
398.566000
408.480000
410.967000
418.411000
436.251000
444.921000
446.165000
454.852000
456.096000
457.323000
462.280000
464.767000
470.967000
478.411000
497.494000
502.451000
503.695000
506.165000
507.408000
508.652000
513.609000
523.523000
526.010000
528.481000
538.411000
550.050000
561.208000
563.695000
566.165000
571.122000
582.280000
587.254000
588.481000
593.454000
594.681000
598.412000
619.965000
621.208000
626.165000
629.895000
634.853000
652.211000
655.925000
671.294000
683.695000
686.165000
694.853000
706.011000
714.682000
715.925000
730.034000
731.277000
733.764000
741.192000
744.922000
749.879000
752.366000
758.567000
761.037000
768.481000
791.277000
793.764000
796.235000
804.922000
813.593000
817.323000
819.794000
825.994000
834.682000
859.965000
863.695000
867.409000
868.652000
881.054000
888.481000
893.455000
913.764000
915.008000
919.965000
931.123000
972.521000
979.965000
983.695000
984.922000
986.166000
992.366000
993.610000
996.080000
997.324000
1001.054000
1013.455000
1014.682000
1017.169000
1018.412000
