9.436000
10.049000
10.679000
11.293000
11.923000
12.536000
13.150000
13.780000
14.393000
15.023000
15.636000
16.250000
16.880000
17.493000
18.123000
18.737000
19.350000
19.980000
20.594000
21.224000
21.837000
22.450000
23.081000
23.694000
24.324000
24.937000
25.551000
26.181000
26.794000
27.408000
28.038000
28.651000
29.281000
29.895000
30.508000
31.138000
31.751000
32.381000
32.995000
33.608000
34.238000
34.852000
35.482000
36.095000
36.709000
37.339000
37.952000
38.582000
39.195000
39.809000
40.439000
41.052000
41.682000
42.296000
42.909000
43.539000
44.153000
44.783000
45.396000
46.010000
46.640000
47.253000
47.883000
48.496000
49.110000
49.740000
50.353000
50.983000
51.597000
52.210000
52.840000
53.454000
54.084000
54.697000
55.310000
55.940000
56.554000
57.184000
57.797000
58.411000
69.436000
70.663000
71.293000
71.906000
72.520000
73.150000
73.763000
74.393000
75.007000
75.620000
76.250000
76.863000
77.493000
78.107000
78.720000
79.350000
79.964000
80.594000
81.207000
81.821000
82.451000
83.064000
83.694000
84.307000
84.921000
85.551000
86.164000
86.794000
87.408000
88.021000
88.651000
89.265000
89.895000
90.508000
91.122000
91.752000
92.365000
92.995000
93.608000
94.222000
94.852000
95.465000
96.095000
96.709000
97.322000
97.952000
98.566000
99.196000
99.809000
100.422000
101.052000
101.666000
102.296000
102.909000
103.523000
104.153000
104.766000
105.380000
106.010000
106.623000
107.253000
107.866000
108.480000
109.110000
109.723000
110.353000
110.967000
111.580000
112.210000
112.824000
113.454000
114.067000
114.681000
115.311000
115.924000
116.554000
117.167000
117.781000
118.411000
129.436000
130.049000
130.663000
131.293000
131.906000
132.520000
133.150000
133.763000
134.393000
135.007000
135.620000
136.250000
136.864000
137.494000
138.107000
138.720000
139.350000
139.964000
140.594000
141.207000
141.821000
142.451000
143.064000
143.694000
144.308000
144.921000
145.551000
146.164000
146.794000
147.408000
148.021000
148.651000
149.265000
149.895000
151.122000
151.752000
152.365000
152.995000
153.608000
154.222000
154.852000
155.465000
156.095000
156.709000
157.322000
157.952000
158.566000
159.196000
159.809000
160.423000
161.053000
161.666000
162.296000
162.909000
163.523000
164.153000
164.766000
165.380000
166.010000
166.623000
167.253000
167.867000
168.480000
169.110000
169.723000
170.353000
170.967000
171.580000
172.210000
172.824000
173.454000
174.067000
174.681000
175.311000
175.924000
176.554000
177.168000
177.781000
178.411000
189.420000
190.050000
190.663000
191.293000
191.906000
192.520000
193.150000
193.763000
194.393000
195.007000
195.620000
196.250000
196.864000
197.494000
198.107000
198.720000
199.350000
199.964000
200.594000
201.207000
201.821000
202.451000
203.064000
203.694000
204.308000
204.921000
205.551000
206.165000
206.795000
207.408000
209.265000
209.895000
210.508000
211.122000
211.752000
212.365000
212.995000
213.609000
214.222000
214.852000
215.465000
216.096000
216.709000
217.322000
217.952000
218.566000
219.196000
219.809000
220.423000
221.053000
221.666000
222.279000
222.910000
223.523000
224.153000
224.766000
225.380000
226.010000
226.623000
227.253000
227.867000
228.480000
229.110000
229.724000
230.354000
230.967000
231.580000
232.210000
232.824000
233.454000
234.067000
234.681000
235.311000
235.924000
236.554000
237.168000
237.781000
238.411000
249.420000
250.050000
250.663000
251.293000
252.520000
253.150000
253.763000
254.393000
255.007000
255.620000
256.250000
256.864000
257.494000
258.107000
258.721000
259.351000
259.964000
260.594000
261.207000
261.821000
262.451000
263.064000
263.694000
264.308000
264.921000
265.551000
266.165000
266.795000
268.021000
268.651000
269.265000
269.895000
270.508000
271.122000
271.752000
272.365000
272.995000
273.609000
274.222000
274.852000
275.466000
276.096000
276.709000
277.322000
277.952000
278.566000
279.196000
279.809000
280.423000
281.053000
281.666000
282.280000
282.910000
283.523000
284.153000
284.766000
285.380000
286.010000
286.623000
287.253000
287.867000
288.480000
290.354000
290.967000
291.581000
292.211000
292.824000
293.454000
294.067000
294.681000
295.311000
295.924000
296.554000
297.168000
297.781000
298.411000
