1787.133000
1789.620000
1790.863000
1792.090000
1798.291000
1799.534000
1803.248000
1808.222000
1810.692000
1813.179000
1814.422000
1826.044000
1828.531000
1829.775000
1834.732000
1840.932000
1847.133000
1848.360000
1853.334000
1858.291000
1870.692000
1873.162000
1886.044000
1888.531000
1889.775000
1891.002000
1892.245000
1900.932000
1904.646000
1907.133000
1914.561000
1917.047000
1918.291000
1919.534000
1930.692000
1953.488000
1954.732000
1955.975000
1957.202000
1963.403000
1985.735000
1993.162000
1994.406000
2007.288000
2017.202000
2027.133000
2033.334000
2037.048000
2040.761000
2043.248000
2050.692000
2066.045000
2069.775000
2080.933000
2093.334000
2095.804000
2102.005000
2104.492000
2105.735000
2106.962000
2111.936000
2131.002000
2132.245000
2134.732000
2139.689000
2143.403000
2150.847000
2152.091000
2157.048000
2158.291000
2163.248000
2165.735000
2169.449000
2188.532000
2192.245000
2208.360000
2229.449000
2246.045000
2258.446000
2264.647000
2269.604000
2273.334000
2279.535000
2283.249000
2284.492000
2291.919000
2293.163000
2294.406000
2307.288000
2308.532000
2320.933000
2324.647000
2325.890000
2332.091000
2333.334000
2338.292000
2350.693000
2351.920000
2368.532000
2369.775000
2371.002000
2374.733000
2383.403000
2384.647000
2385.890000
2388.361000
2392.091000
2394.561000
2398.292000
2403.249000
2405.736000
2409.449000
2413.163000
2414.407000
2426.045000
2429.775000
2432.246000
2435.960000
2440.933000
2448.361000
2450.848000
2464.492000
2469.449000
2471.920000
2473.163000
