1038.665000
1039.909000
1041.152000
1042.395000
1043.622000
1044.866000
1046.109000
1047.353000
1048.579000
1049.823000
1051.066000
1052.310000
1053.553000
1054.780000
1056.024000
1057.267000
1058.510000
1059.754000
1060.981000
1062.224000
1063.468000
1064.711000
1065.954000
1067.181000
1068.425000
1069.668000
1070.912000
1072.155000
1073.382000
1074.625000
1075.869000
1077.112000
1078.356000
1079.583000
1080.826000
1082.069000
1083.313000
1084.540000
1085.783000
1097.422000
1098.665000
1099.909000
1101.152000
1102.396000
1103.622000
1104.866000
1106.109000
1107.353000
1108.580000
1109.823000
1111.066000
1112.310000
1113.553000
1114.780000
1116.024000
1117.267000
1118.511000
1119.754000
1120.981000
1122.224000
1123.468000
1124.711000
1125.955000
1127.181000
1128.425000
1129.668000
1130.912000
1132.155000
1133.382000
1134.625000
1135.869000
1137.112000
1138.356000
1139.583000
1140.826000
1142.070000
1143.313000
1144.540000
1145.783000
1157.422000
1158.665000
1159.909000
1161.152000
1162.396000
1163.622000
1164.866000
1166.109000
1167.353000
1168.580000
1169.823000
1171.067000
1172.310000
1173.553000
1174.780000
1176.024000
1177.267000
1178.511000
1179.754000
1180.981000
1182.224000
1183.468000
1184.711000
1185.955000
1187.182000
1188.425000
1189.668000
1190.912000
1192.155000
1193.382000
1194.626000
1195.869000
1197.112000
1198.356000
1199.583000
1200.826000
1202.070000
1203.313000
1205.783000
1217.422000
1218.665000
1221.136000
1222.379000
1223.623000
1224.866000
1226.093000
1227.336000
1228.580000
1231.067000
1232.294000
1233.537000
1234.780000
1236.024000
1237.267000
1238.494000
1239.738000
1240.981000
1242.224000
1243.468000
1244.695000
1245.938000
1247.182000
1248.425000
1249.652000
1250.895000
1252.139000
1253.382000
1254.626000
1255.853000
1257.096000
1258.339000
1259.583000
1260.826000
1262.053000
1263.297000
1264.540000
1265.783000
1277.422000
1278.666000
1279.892000
1281.136000
1282.379000
1283.623000
1284.866000
1286.093000
1287.336000
1288.580000
1289.823000
1291.067000
1292.294000
1293.537000
1294.780000
1296.024000
1297.267000
1298.494000
1299.738000
1300.981000
1302.225000
1303.468000
1304.695000
1305.938000
1307.182000
1308.425000
1309.652000
1312.139000
1313.382000
1314.626000
1315.853000
1317.096000
1318.340000
1319.583000
1322.053000
1323.297000
1324.540000
1325.784000
1337.422000
1338.666000
1343.623000
1344.866000
1346.093000
1347.337000
1348.580000
1349.823000
1352.294000
1353.537000
1354.781000
1356.024000
1357.267000
1358.494000
1359.738000
1360.981000
1362.225000
1363.468000
1367.182000
1368.425000
1369.652000
1370.896000
1372.139000
1373.382000
1375.853000
1377.096000
1379.583000
1380.826000
1382.053000
1383.297000
1385.784000
1397.422000
1398.666000
1399.893000
1401.136000
1402.379000
1403.623000
1404.866000
1406.093000
1407.337000
1408.580000
1409.823000
1411.067000
1413.537000
1414.781000
1416.024000
1417.268000
1418.494000
1419.738000
1420.981000
1422.225000
1423.452000
1424.695000
1427.182000
1428.425000
1429.652000
1430.896000
1432.139000
1433.383000
1434.626000
1435.853000
1437.096000
1438.340000
1439.583000
1440.827000
1442.053000
1443.297000
1444.540000
1457.422000
1458.666000
1459.909000
1462.380000
1463.623000
1464.866000
1466.110000
1467.353000
1468.580000
1471.067000
1472.310000
1473.554000
1474.781000
1476.024000
1477.268000
1478.511000
1479.754000
1480.981000
1482.225000
1484.712000
1485.955000
1487.182000
1488.425000
1489.669000
1490.912000
1492.156000
1495.869000
1497.113000
1498.340000
1499.583000
1500.827000
1502.070000
1503.314000
1504.540000
1517.422000
1519.909000
1521.153000
1522.380000
1523.623000
1526.110000
1527.353000
1528.580000
1529.824000
1531.067000
1532.311000
1534.781000
1536.024000
1537.268000
1538.511000
1539.755000
1540.981000
1542.225000
1543.468000
1544.712000
1545.955000
1547.182000
1549.669000
1550.912000
1552.156000
1553.383000
1554.626000
1555.870000
1557.113000
1558.340000
1559.583000
1560.827000
1562.070000
1563.314000
1564.540000
1565.784000
1577.423000
1578.666000
1579.893000
1581.136000
1582.380000
1583.623000
1584.867000
1586.093000
1587.337000
1588.580000
1591.067000
1592.294000
1593.537000
1594.781000
1596.024000
1597.268000
1598.495000
1599.738000
1600.982000
1602.225000
1603.452000
1604.695000
1605.939000
1608.426000
1609.652000
1610.896000
1612.139000
1613.383000
1614.626000
1615.853000
1617.097000
1618.340000
1619.583000
1620.827000
1622.054000
1623.297000
1624.541000
1637.423000
1639.893000
1641.136000
1642.380000
1643.623000
1644.867000
1646.094000
1648.580000
1649.824000
1651.067000
1652.294000
1656.024000
1657.268000
1658.495000
1659.738000
1660.982000
1662.225000
1664.695000
1665.939000
1667.182000
1668.426000
1669.653000
1670.896000
1672.139000
1673.383000
1678.340000
1679.583000
1680.827000
1682.054000
1683.297000
1684.541000
1685.784000
1697.423000
1698.666000
1699.893000
1701.136000
1702.380000
1703.623000
1704.867000
1706.094000
1707.337000
1709.824000
1711.067000
1712.294000
1713.538000
1714.781000
1716.025000
1717.268000
1718.495000
1719.738000
1720.982000
1723.452000
1724.695000
1725.939000
1727.182000
1729.653000
1730.896000
1732.140000
1733.383000
1734.626000
1735.853000
1737.097000
1738.340000
1739.584000
1740.827000
1742.054000
1744.541000
1745.784000
