1766.674000
1767.918000
1769.161000
1770.388000
1771.631000
1772.875000
1774.118000
1775.362000
1776.589000
1777.832000
1779.075000
1780.319000
1781.562000
1782.789000
1784.033000
1785.276000
1786.519000
1787.763000
1788.990000
1790.233000
1791.477000
1792.720000
1793.964000
1795.190000
1796.434000
1797.677000
1798.921000
1800.148000
1801.391000
1802.634000
1803.878000
1805.121000
1806.348000
1807.592000
1808.835000
1810.078000
1811.322000
1812.549000
1813.792000
1825.431000
1826.674000
1827.901000
1829.145000
1830.388000
1831.631000
1832.875000
1834.102000
1835.345000
1836.589000
1837.832000
1839.076000
1840.302000
1841.546000
1842.789000
1844.033000
1845.260000
1846.503000
1847.746000
1848.990000
1850.233000
1851.460000
1852.704000
1853.947000
1855.190000
1856.434000
1857.661000
1858.904000
1860.148000
1861.391000
1862.635000
1863.861000
1865.105000
1866.348000
1867.592000
1868.835000
1870.062000
1871.305000
1872.549000
1873.792000
1885.431000
1886.674000
1887.901000
1889.145000
1890.388000
1891.632000
1892.875000
1894.102000
1895.345000
1896.589000
1897.832000
1899.076000
1900.302000
1901.546000
1902.789000
1904.033000
1905.260000
1906.503000
1907.747000
1908.990000
1910.233000
1911.460000
1912.704000
1915.191000
1916.434000
1917.661000
1918.904000
1920.148000
1921.391000
1922.635000
1923.861000
1925.105000
1926.348000
1927.592000
1930.062000
1931.306000
1932.549000
1933.792000
1945.431000
1946.674000
1947.901000
1950.388000
1954.102000
1955.345000
1956.589000
1960.303000
1961.546000
1962.789000
1964.033000
1965.260000
1966.503000
1967.747000
1968.990000
1970.233000
1971.460000
1972.704000
1973.947000
1975.191000
1976.434000
1977.661000
1978.904000
1980.148000
1981.391000
1982.635000
1983.862000
1985.105000
1986.348000
1987.592000
1988.835000
1990.062000
1991.306000
1992.549000
1993.792000
2005.431000
2006.675000
2007.901000
2009.145000
2010.388000
2011.632000
2012.875000
2014.102000
2015.345000
2016.589000
2017.832000
2019.076000
2020.303000
2021.546000
2022.790000
2024.033000
2025.260000
2026.503000
2027.747000
2028.990000
2030.234000
2031.460000
2032.704000
2033.947000
2035.191000
2036.434000
2037.661000
2038.904000
2040.148000
2041.391000
2042.635000
2043.862000
2045.105000
2046.349000
2047.592000
2048.835000
2050.062000
2051.306000
2052.549000
2053.793000
2065.431000
2066.675000
2067.901000
2069.145000
2070.388000
2071.632000
2072.875000
2074.102000
2075.346000
2076.589000
2077.832000
2079.076000
2080.303000
2081.546000
2082.790000
2084.033000
2085.260000
2086.503000
2087.747000
2088.990000
2090.234000
2091.461000
2092.704000
2093.947000
2095.191000
2096.434000
2097.661000
2098.905000
2100.148000
2101.391000
2102.635000
2103.862000
2105.105000
2106.349000
2107.592000
2108.835000
2110.062000
2111.306000
2112.549000
2113.793000
2125.431000
2126.675000
2127.902000
2129.145000
2130.388000
2131.632000
2132.875000
2134.102000
2135.346000
2136.589000
2137.833000
2140.303000
2141.546000
2142.790000
2144.033000
2145.260000
2146.503000
2147.747000
2148.990000
2150.234000
2151.461000
2152.704000
2153.947000
2155.191000
2156.434000
2157.661000
2158.905000
2160.148000
2161.392000
2162.635000
2163.862000
2165.105000
2166.349000
2167.592000
2168.836000
2170.062000
2171.306000
2172.549000
2173.793000
2185.431000
2186.675000
2187.902000
2189.145000
2190.389000
2191.632000
2192.875000
2194.102000
2195.346000
2196.589000
2197.833000
2199.076000
2200.303000
2201.546000
2202.790000
2204.033000
2205.260000
2206.504000
2207.747000
2208.990000
2210.234000
2211.461000
2212.704000
2213.948000
2215.191000
2216.434000
2217.661000
2218.905000
2220.148000
2221.392000
2222.635000
2223.862000
2225.105000
2226.349000
2227.592000
2228.836000
2230.063000
2231.306000
2232.549000
2233.793000
2245.431000
2246.675000
2247.902000
2249.145000
2250.389000
2251.632000
2252.876000
2254.102000
2255.346000
2256.589000
2257.833000
2259.060000
2260.303000
2261.546000
2262.790000
2264.033000
2265.260000
2266.504000
2267.747000
2268.990000
2270.234000
2271.461000
2272.704000
2273.948000
2275.191000
2276.435000
2277.661000
2278.905000
2280.148000
2281.392000
2282.635000
2283.862000
2285.105000
2286.349000
2287.592000
2288.836000
2290.063000
2291.306000
2292.550000
2293.793000
2305.432000
2306.675000
2307.902000
2309.145000
2310.389000
2311.632000
2312.876000
2314.102000
2315.346000
2316.589000
2317.833000
2319.060000
2320.303000
2321.547000
2322.790000
2324.033000
2325.260000
2326.504000
2327.747000
2330.234000
2331.461000
2332.704000
2333.948000
2335.191000
2336.435000
2337.661000
2338.905000
2340.148000
2341.392000
2342.635000
2343.862000
2345.106000
2346.349000
2347.592000
2348.836000
2350.063000
2351.306000
2352.550000
2353.793000
2365.432000
2366.675000
2367.902000
2369.145000
2370.389000
2371.632000
2372.876000
2374.103000
2375.346000
2376.589000
2377.833000
2379.060000
2380.303000
2381.547000
2382.790000
2384.033000
2385.260000
2386.504000
2387.747000
2388.991000
2390.234000
2391.461000
2392.704000
2393.948000
2395.191000
2396.435000
2397.662000
2398.905000
2400.149000
2401.392000
2402.635000
2403.862000
2405.106000
2407.593000
2408.836000
2410.063000
2411.306000
2412.550000
2413.793000
2425.432000
2426.675000
2427.902000
2429.145000
2430.389000
2431.632000
2432.876000
2434.103000
2435.346000
2436.590000
2437.833000
2439.060000
2440.303000
2441.547000
2442.790000
2444.034000
2445.260000
2446.504000
2448.991000
2450.234000
2451.461000
2452.704000
2453.948000
2455.191000
2456.435000
2457.662000
2458.905000
2460.149000
2461.392000
2462.635000
2463.862000
2465.106000
2466.349000
2467.593000
2468.836000
2470.063000
2471.306000
2472.550000
2473.793000
