6.336000
6.949000
7.579000
8.192000
8.822000
9.436000
10.049000
10.679000
11.293000
11.923000
12.536000
13.150000
13.780000
14.393000
15.023000
15.636000
16.250000
16.880000
17.493000
18.123000
18.737000
19.350000
19.980000
20.594000
21.224000
21.837000
22.450000
23.081000
23.694000
24.324000
24.937000
25.551000
26.181000
26.794000
27.408000
28.038000
28.651000
29.281000
29.895000
30.508000
31.138000
31.751000
32.381000
32.995000
33.608000
34.238000
34.852000
35.482000
36.095000
36.709000
37.339000
37.952000
38.582000
39.195000
39.809000
40.439000
41.052000
41.682000
42.296000
42.909000
43.539000
44.153000
44.783000
45.396000
46.010000
46.640000
47.253000
47.883000
48.496000
49.110000
49.740000
50.353000
50.983000
51.597000
52.210000
52.840000
53.454000
54.084000
54.697000
55.310000
55.940000
56.554000
57.184000
57.797000
58.411000
66.336000
66.949000
67.562000
68.193000
68.806000
69.436000
70.049000
70.663000
71.293000
71.906000
72.520000
73.150000
73.763000
74.393000
75.007000
75.620000
76.250000
76.863000
77.493000
78.107000
78.720000
79.350000
79.964000
80.594000
81.207000
81.821000
82.451000
83.064000
83.694000
84.307000
84.921000
85.551000
86.164000
86.794000
87.408000
88.021000
88.651000
89.265000
89.895000
90.508000
91.122000
91.752000
92.365000
92.995000
93.608000
94.222000
94.852000
95.465000
96.095000
96.709000
97.322000
97.952000
98.566000
99.196000
99.809000
100.422000
101.052000
101.666000
102.296000
102.909000
103.523000
104.153000
104.766000
105.380000
106.010000
106.623000
107.253000
107.866000
108.480000
109.110000
109.723000
110.353000
110.967000
111.580000
112.210000
112.824000
113.454000
114.067000
114.681000
115.311000
115.924000
116.554000
117.167000
117.781000
118.411000
126.336000
126.949000
127.563000
128.193000
128.806000
129.436000
130.049000
130.663000
131.293000
131.906000
132.520000
133.150000
133.763000
134.393000
135.007000
135.620000
136.250000
136.864000
137.494000
138.107000
138.720000
139.350000
139.964000
140.594000
141.207000
141.821000
142.451000
143.064000
143.694000
144.308000
144.921000
145.551000
146.164000
146.794000
147.408000
148.021000
148.651000
149.265000
149.895000
150.508000
151.122000
151.752000
152.365000
152.995000
153.608000
154.222000
154.852000
155.465000
156.095000
156.709000
157.322000
157.952000
158.566000
159.196000
159.809000
160.423000
161.053000
161.666000
162.296000
162.909000
163.523000
164.153000
164.766000
165.380000
166.010000
166.623000
167.253000
167.867000
168.480000
169.110000
169.723000
170.353000
170.967000
171.580000
172.210000
172.824000
173.454000
174.067000
174.681000
175.311000
175.924000
176.554000
177.168000
177.781000
178.411000
186.336000
186.949000
187.563000
188.193000
188.806000
189.420000
190.050000
190.663000
191.293000
191.906000
192.520000
193.150000
193.763000
194.393000
195.007000
195.620000
196.250000
196.864000
197.494000
198.107000
198.720000
199.350000
199.964000
200.594000
201.207000
201.821000
202.451000
203.064000
203.694000
204.308000
204.921000
205.551000
206.165000
206.795000
207.408000
208.021000
208.651000
209.265000
209.895000
210.508000
211.122000
211.752000
212.365000
212.995000
213.609000
214.222000
214.852000
215.465000
216.096000
216.709000
217.322000
217.952000
218.566000
219.196000
219.809000
220.423000
221.053000
221.666000
222.279000
222.910000
223.523000
224.153000
224.766000
225.380000
226.010000
226.623000
227.253000
227.867000
228.480000
229.110000
229.724000
230.354000
230.967000
231.580000
232.210000
232.824000
233.454000
234.067000
234.681000
235.311000
235.924000
236.554000
237.168000
237.781000
238.411000
246.336000
246.949000
247.563000
248.193000
248.806000
249.420000
250.050000
250.663000
251.293000
251.907000
252.520000
253.150000
253.763000
254.393000
255.007000
255.620000
256.250000
256.864000
257.494000
258.107000
258.721000
259.351000
259.964000
260.594000
261.207000
261.821000
262.451000
263.064000
263.694000
264.308000
264.921000
265.551000
266.165000
266.795000
267.408000
268.021000
268.651000
269.265000
269.895000
270.508000
271.122000
271.752000
272.365000
272.995000
273.609000
274.222000
274.852000
275.466000
276.096000
276.709000
277.322000
277.952000
278.566000
279.196000
279.809000
280.423000
281.053000
281.666000
282.280000
282.910000
283.523000
284.153000
284.766000
285.380000
286.010000
286.623000
287.253000
287.867000
288.480000
289.110000
289.724000
290.354000
290.967000
291.581000
292.211000
292.824000
293.454000
294.067000
294.681000
295.311000
295.924000
296.554000
297.168000
297.781000
298.411000
306.336000
306.949000
307.563000
308.193000
308.806000
309.420000
310.050000
310.663000
311.293000
311.907000
312.520000
313.150000
313.763000
314.393000
315.007000
315.620000
316.250000
316.864000
317.494000
318.107000
318.721000
319.351000
319.964000
320.594000
321.208000
321.821000
322.451000
323.064000
323.694000
324.308000
324.921000
325.551000
326.165000
326.795000
327.408000
328.022000
328.652000
329.265000
329.895000
330.508000
331.122000
331.752000
332.365000
332.995000
333.609000
334.222000
334.852000
335.466000
336.096000
336.709000
337.322000
337.952000
338.566000
339.196000
339.809000
340.423000
341.053000
341.666000
342.280000
342.910000
343.523000
344.153000
344.767000
345.380000
346.010000
346.623000
347.253000
347.867000
348.480000
349.110000
349.724000
350.354000
350.967000
351.581000
352.211000
352.824000
353.454000
354.067000
354.681000
355.311000
355.924000
356.554000
357.168000
357.781000
358.411000
366.320000
366.950000
367.563000
368.193000
368.806000
369.420000
370.050000
370.663000
371.293000
371.907000
372.520000
373.150000
373.764000
374.394000
375.007000
375.620000
376.250000
376.864000
377.494000
378.107000
378.721000
379.351000
379.964000
380.594000
381.208000
381.821000
382.451000
383.064000
383.694000
384.308000
384.921000
385.551000
386.165000
386.795000
387.408000
388.022000
388.652000
389.265000
389.895000
390.509000
391.122000
391.752000
392.365000
392.995000
393.609000
394.222000
394.852000
395.466000
396.096000
396.709000
397.323000
397.953000
398.566000
399.196000
399.809000
400.423000
401.053000
401.666000
402.280000
402.910000
403.523000
404.153000
404.767000
405.380000
406.010000
406.624000
407.254000
407.867000
408.480000
409.110000
409.724000
410.354000
410.967000
411.581000
412.211000
412.824000
413.454000
414.068000
414.681000
415.311000
415.924000
416.554000
417.168000
417.781000
418.411000
426.320000
426.950000
427.563000
428.193000
428.806000
429.420000
430.050000
430.663000
431.293000
431.907000
432.520000
433.150000
433.764000
434.394000
435.007000
435.621000
436.251000
436.864000
437.494000
438.107000
438.721000
439.351000
439.964000
440.594000
441.208000
441.821000
442.451000
443.065000
443.695000
444.308000
444.921000
445.551000
446.165000
446.795000
447.408000
448.022000
448.652000
449.265000
449.895000
450.509000
451.122000
451.752000
452.366000
452.996000
453.609000
454.222000
454.852000
455.466000
456.096000
456.709000
457.323000
457.953000
458.566000
459.180000
459.810000
460.423000
461.053000
461.666000
462.280000
462.910000
463.523000
464.153000
464.767000
465.380000
466.010000
466.624000
467.254000
467.867000
468.480000
469.110000
469.724000
470.354000
470.967000
471.581000
472.211000
472.824000
473.454000
474.068000
474.681000
475.311000
475.925000
476.555000
477.168000
477.781000
478.411000
486.320000
486.950000
487.563000
488.193000
488.807000
489.420000
490.050000
490.663000
491.293000
491.907000
492.520000
493.150000
493.764000
494.394000
495.007000
495.621000
496.251000
496.864000
497.494000
498.108000
498.721000
499.351000
499.964000
500.594000
501.208000
501.821000
502.451000
503.065000
503.695000
504.308000
504.922000
505.552000
506.165000
506.795000
507.408000
508.022000
508.652000
509.265000
509.895000
510.509000
511.122000
511.752000
512.366000
512.996000
513.609000
514.222000
514.852000
515.466000
516.096000
516.709000
517.323000
517.953000
518.566000
519.180000
519.810000
520.423000
521.053000
521.667000
522.280000
522.910000
523.523000
524.153000
524.767000
525.380000
526.010000
526.624000
527.254000
527.867000
528.481000
529.111000
529.724000
530.354000
530.967000
531.581000
532.211000
532.824000
533.454000
534.068000
534.681000
535.311000
535.925000
536.555000
537.168000
537.781000
538.411000
546.320000
546.950000
547.563000
548.193000
548.807000
549.420000
550.050000
550.664000
551.294000
551.907000
552.520000
553.150000
553.764000
554.394000
555.007000
555.621000
556.251000
556.864000
557.494000
558.108000
558.721000
559.351000
559.965000
560.594000
561.208000
561.821000
562.451000
563.065000
563.695000
564.308000
564.922000
565.552000
566.165000
566.795000
567.409000
568.022000
568.652000
569.265000
569.895000
570.509000
571.122000
571.752000
572.366000
572.996000
573.609000
574.223000
574.853000
575.466000
576.096000
576.709000
577.323000
577.953000
578.566000
579.180000
579.810000
580.423000
581.053000
581.667000
582.280000
582.910000
583.523000
584.153000
584.767000
585.380000
586.010000
586.624000
587.254000
587.867000
588.481000
589.111000
589.724000
590.354000
590.968000
591.581000
592.211000
592.824000
593.454000
594.068000
594.681000
595.311000
595.925000
596.555000
597.168000
597.782000
598.412000
606.320000
606.950000
607.563000
608.193000
608.807000
609.420000
610.050000
610.664000
611.294000
611.907000
612.520000
613.150000
613.764000
614.394000
615.007000
615.621000
616.251000
616.864000
617.494000
618.108000
618.721000
619.351000
619.965000
620.595000
621.208000
621.821000
622.451000
623.065000
623.695000
624.308000
624.922000
625.552000
626.165000
626.795000
627.409000
628.022000
628.652000
629.265000
629.895000
630.509000
631.122000
631.752000
632.366000
632.996000
633.609000
634.223000
634.853000
635.466000
636.080000
636.710000
637.323000
637.953000
638.566000
639.180000
639.810000
640.423000
641.053000
641.667000
642.280000
642.910000
643.524000
644.154000
644.767000
645.380000
646.010000
646.624000
647.254000
647.867000
648.481000
649.111000
649.724000
650.354000
650.968000
651.581000
652.211000
652.824000
653.455000
654.068000
654.681000
655.311000
655.925000
656.555000
657.168000
657.782000
658.412000
666.320000
666.950000
667.563000
668.193000
668.807000
669.420000
670.050000
670.664000
671.294000
671.907000
672.521000
673.151000
673.764000
674.394000
675.007000
675.621000
676.251000
676.864000
677.494000
678.108000
678.721000
679.351000
679.965000
680.595000
681.208000
681.822000
682.452000
683.065000
683.695000
684.308000
684.922000
685.552000
686.165000
686.795000
687.409000
688.022000
688.652000
689.266000
689.896000
690.509000
691.122000
691.752000
692.366000
692.996000
693.609000
694.223000
694.853000
695.466000
696.080000
696.710000
697.323000
697.953000
698.566000
699.180000
699.810000
700.423000
701.053000
701.667000
702.280000
702.910000
703.524000
704.154000
704.767000
705.381000
706.011000
706.624000
707.254000
707.867000
708.481000
709.111000
709.724000
710.354000
710.968000
711.581000
712.211000
712.825000
713.455000
714.068000
714.682000
715.311000
715.925000
716.555000
717.168000
717.782000
718.412000
726.320000
726.933000
727.563000
728.177000
728.807000
729.420000
730.034000
730.664000
731.277000
731.907000
732.521000
733.134000
733.764000
734.378000
735.008000
735.621000
736.234000
736.864000
737.478000
738.108000
738.721000
739.335000
739.965000
740.578000
741.192000
741.822000
742.435000
743.065000
743.678000
744.292000
744.922000
745.535000
746.165000
746.779000
747.392000
748.022000
748.636000
749.266000
749.879000
750.493000
751.123000
751.736000
752.366000
752.979000
753.593000
754.223000
754.836000
755.466000
756.080000
756.693000
757.323000
757.937000
758.567000
759.180000
759.793000
760.423000
761.037000
761.667000
762.280000
762.894000
763.524000
764.137000
764.767000
765.381000
765.994000
766.624000
767.238000
767.868000
768.481000
769.094000
769.724000
770.338000
770.968000
771.581000
772.195000
772.825000
773.438000
774.052000
774.682000
775.295000
775.925000
776.538000
777.152000
777.782000
778.395000
786.320000
786.934000
787.564000
788.177000
788.807000
789.420000
790.034000
790.664000
791.277000
791.907000
792.521000
793.134000
793.764000
794.378000
795.008000
795.621000
796.235000
796.865000
797.478000
798.108000
798.721000
799.335000
799.965000
800.578000
801.192000
801.822000
802.435000
803.065000
803.679000
804.292000
804.922000
805.535000
806.165000
806.779000
807.392000
808.022000
808.636000
809.266000
809.879000
810.493000
811.123000
811.736000
812.366000
812.979000
813.593000
814.223000
814.836000
815.466000
816.080000
816.693000
817.323000
817.937000
818.567000
819.180000
819.794000
820.424000
821.037000
821.667000
822.280000
822.894000
823.524000
824.137000
824.767000
825.381000
825.994000
826.624000
827.238000
827.868000
828.481000
829.095000
829.724000
830.338000
830.968000
831.581000
832.195000
832.825000
833.438000
834.052000
834.682000
835.295000
835.925000
836.539000
837.152000
837.782000
838.395000
846.320000
846.950000
847.564000
848.194000
848.807000
849.421000
850.051000
850.664000
851.294000
851.907000
852.521000
853.151000
853.764000
854.394000
855.008000
855.621000
856.251000
856.865000
857.495000
858.108000
858.721000
859.351000
859.965000
860.595000
861.208000
861.822000
862.452000
863.065000
863.695000
864.309000
864.922000
865.552000
866.166000
866.796000
867.409000
868.022000
868.652000
869.266000
869.896000
870.509000
871.123000
871.753000
872.366000
872.980000
873.610000
874.223000
874.853000
875.466000
876.080000
876.710000
877.323000
877.953000
878.567000
879.180000
879.810000
880.424000
881.054000
881.667000
882.281000
882.911000
883.524000
884.154000
884.767000
885.381000
886.011000
886.624000
887.254000
887.868000
888.481000
889.111000
889.725000
890.355000
890.968000
891.581000
892.211000
892.825000
893.455000
894.068000
894.682000
895.312000
895.925000
896.555000
897.169000
897.782000
898.412000
906.320000
906.950000
907.564000
908.194000
908.807000
909.421000
910.051000
910.664000
911.294000
911.908000
912.521000
913.151000
913.764000
914.394000
915.008000
915.621000
916.251000
916.865000
917.495000
918.108000
918.722000
919.352000
919.965000
920.595000
921.208000
921.822000
922.452000
923.065000
923.695000
924.309000
924.922000
925.552000
926.166000
926.796000
927.409000
928.022000
928.652000
929.266000
929.896000
930.509000
931.123000
931.753000
932.366000
932.980000
933.610000
934.223000
934.853000
935.467000
936.080000
936.710000
937.323000
937.953000
938.567000
939.180000
939.810000
940.424000
941.054000
941.667000
942.281000
942.911000
943.524000
944.154000
944.767000
945.381000
946.011000
946.624000
947.254000
947.868000
948.481000
949.111000
949.725000
950.355000
950.968000
951.582000
952.212000
952.825000
953.455000
954.068000
954.682000
955.312000
955.925000
956.555000
957.169000
957.782000
958.412000
966.320000
966.950000
967.564000
968.194000
968.807000
969.421000
970.051000
970.664000
971.294000
971.908000
972.521000
973.151000
973.764000
974.395000
975.008000
975.621000
976.251000
976.865000
977.495000
978.108000
978.722000
979.352000
979.965000
980.595000
981.209000
981.822000
982.452000
983.065000
983.695000
984.309000
984.922000
985.552000
986.166000
986.796000
987.409000
988.023000
988.653000
989.266000
989.896000
990.510000
991.123000
991.753000
992.366000
992.980000
993.610000
994.223000
994.853000
995.467000
996.080000
996.710000
997.324000
997.954000
998.567000
999.180000
999.810000
1000.424000
1001.054000
1001.667000
1002.281000
1002.911000
1003.524000
1004.154000
1004.768000
1005.381000
1006.011000
1006.624000
1007.254000
1007.868000
1008.481000
1009.111000
1009.725000
1010.355000
1010.968000
1011.582000
1012.212000
1012.825000
1013.455000
1014.068000
1014.682000
1015.312000
1015.925000
1016.555000
1017.169000
1017.782000
1018.412000
