1762.330000
1762.960000
1763.574000
1764.204000
1764.817000
1765.431000
1766.061000
1766.674000
1767.288000
1767.918000
1768.531000
1769.161000
1769.774000
1770.388000
1771.018000
1771.631000
1772.261000
1772.875000
1773.488000
1774.118000
1774.732000
1775.362000
1775.975000
1776.589000
1777.219000
1777.832000
1778.462000
1779.075000
1779.689000
1780.319000
1780.932000
1781.562000
1782.176000
1782.789000
1783.419000
1784.033000
1784.663000
1785.276000
1785.889000
1786.519000
1787.133000
1787.763000
1788.376000
1788.990000
1789.620000
1790.233000
1790.863000
1791.477000
1792.090000
1792.720000
1793.334000
1793.964000
1794.577000
1795.190000
1795.820000
1796.434000
1797.064000
1797.677000
1798.291000
1798.921000
1799.534000
1800.148000
1800.778000
1801.391000
1802.021000
1802.634000
1803.248000
1803.878000
1804.491000
1805.121000
1805.735000
1806.348000
1806.978000
1807.592000
1808.222000
1808.835000
1809.448000
1810.078000
1810.692000
1811.322000
1811.935000
1812.549000
1813.179000
1813.792000
1814.422000
1822.331000
1822.944000
1823.574000
1824.187000
1824.801000
1825.431000
1826.044000
1826.674000
1827.288000
1827.901000
1828.531000
1829.145000
1829.775000
1830.388000
1831.001000
1831.631000
1832.245000
1832.875000
1833.488000
1834.102000
1834.732000
1835.345000
1835.975000
1836.589000
1837.202000
1837.832000
1838.445000
1839.076000
1839.689000
1840.302000
1840.932000
1841.546000
1842.176000
1842.789000
1843.403000
1844.033000
1844.646000
1845.260000
1845.890000
1846.503000
1847.133000
1847.746000
1848.360000
1848.990000
1849.603000
1850.233000
1850.847000
1851.460000
1852.090000
1852.704000
1853.334000
1853.947000
1854.560000
1855.190000
1855.804000
1856.434000
1857.047000
1857.661000
1858.291000
1858.904000
1859.534000
1860.148000
1860.761000
1861.391000
1862.005000
1862.635000
1863.248000
1863.861000
1864.492000
1865.105000
1865.735000
1866.348000
1866.962000
1867.592000
1868.205000
1868.835000
1869.449000
1870.062000
1870.692000
1871.305000
1871.935000
1872.549000
1873.162000
1873.792000
1874.406000
1882.331000
1882.944000
1883.574000
1884.187000
1884.801000
1885.431000
1886.044000
1886.674000
1887.288000
1887.901000
1888.531000
1889.145000
1889.775000
1890.388000
1891.002000
1891.632000
1892.245000
1892.875000
1893.488000
1894.102000
1894.732000
1895.345000
1895.975000
1896.589000
1897.202000
1897.832000
1898.446000
1899.076000
1899.689000
1900.302000
1900.932000
1901.546000
1902.176000
1902.789000
1903.403000
1904.033000
1904.646000
1905.260000
1905.890000
1906.503000
1907.133000
1907.747000
1908.360000
1908.990000
1909.603000
1910.233000
1910.847000
1911.460000
1912.090000
1912.704000
1913.334000
1913.947000
1914.561000
1915.191000
1915.804000
1916.434000
1917.047000
1917.661000
1918.291000
1918.904000
1919.534000
1920.148000
1920.761000
1921.391000
1922.005000
1922.635000
1923.248000
1923.861000
1924.492000
1925.105000
1925.735000
1926.348000
1926.962000
1927.592000
1928.205000
1928.835000
1929.449000
1930.062000
1930.692000
1931.306000
1931.936000
1932.549000
1933.162000
1933.792000
1934.406000
1942.331000
1942.944000
1943.574000
1944.188000
1944.801000
1945.431000
1946.044000
1946.674000
1947.288000
1947.901000
1948.531000
1949.145000
1949.775000
1950.388000
1951.002000
1951.632000
1952.245000
1952.875000
1953.488000
1954.102000
1954.732000
1955.345000
1955.975000
1956.589000
1957.202000
1957.832000
1958.446000
1959.076000
1959.689000
1960.303000
1960.933000
1961.546000
1962.176000
1962.789000
1963.403000
1964.033000
1964.646000
1965.260000
1965.890000
1966.503000
1967.133000
1967.747000
1968.360000
1968.990000
1969.603000
1970.233000
1970.847000
1971.460000
1972.090000
1972.704000
1973.334000
1973.947000
1974.561000
1975.191000
1975.804000
1976.434000
1977.048000
1977.661000
1978.291000
1978.904000
1979.534000
1980.148000
1980.761000
1981.391000
1982.005000
1982.635000
1983.248000
1983.862000
1984.492000
1985.105000
1985.735000
1986.348000
1986.962000
1987.592000
1988.205000
1988.835000
1989.449000
1990.062000
1990.692000
1991.306000
1991.936000
1992.549000
1993.162000
1993.792000
1994.406000
2002.331000
2002.944000
2003.574000
2004.188000
2004.801000
2005.431000
2006.045000
2006.675000
2007.288000
2007.901000
2008.531000
2009.145000
2009.775000
2010.388000
2011.002000
2011.632000
2012.245000
2012.875000
2013.489000
2014.102000
2014.732000
2015.345000
2015.975000
2016.589000
2017.202000
2017.832000
2018.446000
2019.076000
2019.689000
2020.303000
2020.933000
2021.546000
2022.159000
2022.790000
2023.403000
2024.033000
2024.646000
2025.260000
2025.890000
2026.503000
2027.133000
2027.747000
2028.360000
2028.990000
2029.604000
2030.234000
2030.847000
2031.460000
2032.090000
2032.704000
2033.334000
2033.947000
2034.561000
2035.191000
2035.804000
2036.434000
2037.048000
2037.661000
2038.291000
2038.904000
2039.534000
2040.148000
2040.761000
2041.391000
2042.005000
2042.635000
2043.248000
2043.862000
2044.492000
2045.105000
2045.735000
2046.349000
2046.962000
2047.592000
2048.205000
2048.835000
2049.449000
2050.062000
2050.692000
2051.306000
2051.936000
2052.549000
2053.163000
2053.793000
2054.406000
2062.331000
2062.944000
2063.574000
2064.188000
2064.801000
2065.431000
2066.045000
2066.675000
2067.288000
2067.901000
2068.531000
2069.145000
2069.775000
2070.388000
2071.002000
2071.632000
2072.245000
2072.875000
2073.489000
2074.102000
2074.732000
2075.346000
2075.976000
2076.589000
2077.202000
2077.832000
2078.446000
2079.076000
2079.689000
2080.303000
2080.933000
2081.546000
2082.160000
2082.790000
2083.403000
2084.033000
2084.646000
2085.260000
2085.890000
2086.503000
2087.133000
2087.747000
2088.360000
2088.990000
2089.604000
2090.234000
2090.847000
2091.461000
2092.091000
2092.704000
2093.334000
2093.947000
2094.561000
2095.191000
2095.804000
2096.434000
2097.048000
2097.661000
2098.291000
2098.905000
2099.535000
2100.148000
2100.761000
2101.391000
2102.005000
2102.635000
2103.248000
2103.862000
2104.492000
2105.105000
2105.735000
2106.349000
2106.962000
2107.592000
2108.205000
2108.835000
2109.449000
2110.062000
2110.692000
2111.306000
2111.936000
2112.549000
2113.163000
2113.793000
2114.406000
2122.331000
2122.944000
2123.574000
2124.188000
2124.801000
2125.431000
2126.045000
2126.675000
2127.288000
2127.902000
2128.532000
2129.145000
2129.775000
2130.388000
2131.002000
2131.632000
2132.245000
2132.875000
2133.489000
2134.102000
2134.732000
2135.346000
2135.976000
2136.589000
2137.203000
2137.833000
2138.446000
2139.076000
2139.689000
2140.303000
2140.933000
2141.546000
2142.160000
2142.790000
2143.403000
2144.033000
2144.647000
2145.260000
2145.890000
2146.503000
2147.133000
2147.747000
2148.360000
2148.990000
2149.604000
2150.234000
2150.847000
2151.461000
2152.091000
2152.704000
2153.334000
2153.947000
2154.561000
2155.191000
2155.804000
2156.434000
2157.048000
2157.661000
2158.291000
2158.905000
2159.535000
2160.148000
2160.762000
2161.392000
2162.005000
2162.635000
2163.248000
2163.862000
2164.492000
2165.105000
2165.735000
2166.349000
2166.962000
2167.592000
2168.206000
2168.836000
2169.449000
2170.062000
2170.692000
2171.306000
2171.936000
2172.549000
2173.163000
2173.793000
2174.406000
2182.331000
2182.944000
2183.574000
2184.188000
2184.801000
2185.431000
2186.045000
2186.675000
2187.288000
2187.902000
2188.532000
2189.145000
2189.775000
2190.389000
2191.002000
2191.632000
2192.245000
2192.875000
2193.489000
2194.102000
2194.732000
2195.346000
2195.976000
2196.589000
2197.203000
2197.833000
2198.446000
2199.076000
2199.689000
2200.303000
2200.933000
2201.546000
2202.160000
2202.790000
2203.403000
2204.033000
2204.647000
2205.260000
2205.890000
2206.504000
2207.134000
2207.747000
2208.360000
2208.990000
2209.604000
2210.234000
2210.847000
2211.461000
2212.091000
2212.704000
2213.334000
2213.948000
2214.561000
2215.191000
2215.804000
2216.434000
2217.048000
2217.661000
2218.291000
2218.905000
2219.535000
2220.148000
2220.762000
2221.392000
2222.005000
2222.635000
2223.249000
2223.862000
2224.492000
2225.105000
2225.735000
2226.349000
2226.962000
2227.592000
2228.206000
2228.836000
2229.449000
2230.063000
2230.693000
2231.306000
2231.936000
2232.549000
2233.163000
2233.793000
2234.406000
2242.331000
2242.945000
2243.575000
2244.188000
2244.801000
2245.431000
2246.045000
2246.675000
2247.288000
2247.902000
2248.532000
2249.145000
2249.775000
2250.389000
2251.002000
2251.632000
2252.245000
2252.876000
2253.489000
2254.102000
2254.732000
2255.346000
2255.976000
2256.589000
2257.203000
2257.833000
2258.446000
2259.060000
2259.690000
2260.303000
2260.933000
2261.546000
2262.160000
2262.790000
2263.403000
2264.033000
2264.647000
2265.260000
2265.890000
2266.504000
2267.134000
2267.747000
2268.360000
2268.990000
2269.604000
2270.234000
2270.847000
2271.461000
2272.091000
2272.704000
2273.334000
2273.948000
2274.561000
2275.191000
2275.805000
2276.435000
2277.048000
2277.661000
2278.291000
2278.905000
2279.535000
2280.148000
2280.762000
2281.392000
2282.005000
2282.635000
2283.249000
2283.862000
2284.492000
2285.105000
2285.735000
2286.349000
2286.962000
2287.592000
2288.206000
2288.836000
2289.449000
2290.063000
2290.693000
2291.306000
2291.919000
2292.550000
2293.163000
2293.793000
2294.406000
2302.331000
2302.945000
2303.575000
2304.188000
2304.802000
2305.432000
2306.045000
2306.675000
2307.288000
2307.902000
2308.532000
2309.145000
2309.775000
2310.389000
2311.002000
2311.632000
2312.246000
2312.876000
2313.489000
2314.102000
2314.732000
2315.346000
2315.976000
2316.589000
2317.203000
2317.833000
2318.446000
2319.060000
2319.690000
2320.303000
2320.933000
2321.547000
2322.160000
2322.790000
2323.403000
2324.033000
2324.647000
2325.260000
2325.890000
2326.504000
2327.134000
2327.747000
2328.361000
2328.991000
2329.604000
2330.234000
2330.847000
2331.461000
2332.091000
2332.704000
2333.334000
2333.948000
2334.561000
2335.191000
2335.805000
2336.435000
2337.048000
2337.661000
2338.292000
2338.905000
2339.535000
2340.148000
2340.762000
2341.392000
2342.005000
2342.635000
2343.249000
2343.862000
2344.492000
2345.106000
2345.736000
2346.349000
2346.962000
2347.592000
2348.206000
2348.836000
2349.449000
2350.063000
2350.693000
2351.306000
2351.920000
2352.550000
2353.163000
2353.793000
2354.406000
2362.331000
2362.945000
2363.575000
2364.188000
2364.802000
2365.432000
2366.045000
2366.675000
2367.288000
2367.902000
2368.532000
2369.145000
2369.775000
2370.389000
2371.002000
2371.632000
2372.246000
2372.876000
2373.489000
2374.103000
2374.733000
2375.346000
2375.976000
2376.589000
2377.203000
2377.833000
2378.446000
2379.060000
2379.690000
2380.303000
2380.933000
2381.547000
2382.160000
2382.790000
2383.403000
2384.033000
2384.647000
2385.260000
2385.890000
2386.504000
2387.134000
2387.747000
2388.361000
2388.991000
2389.604000
2390.234000
2390.848000
2391.461000
2392.091000
2392.704000
2393.334000
2393.948000
2394.561000
2395.191000
2395.805000
2396.435000
2397.048000
2397.662000
2398.292000
2398.905000
2399.535000
2400.149000
2400.762000
2401.392000
2402.005000
2402.635000
2403.249000
2403.862000
2404.492000
2405.106000
2405.736000
2406.349000
2406.962000
2407.593000
2408.206000
2408.836000
2409.449000
2410.063000
2410.693000
2411.306000
2411.920000
2412.550000
2413.163000
2413.793000
2414.407000
2422.331000
2422.945000
2423.575000
2424.188000
2424.802000
2425.432000
2426.045000
2426.675000
2427.289000
2427.902000
2428.532000
2429.145000
2429.775000
2430.389000
2431.002000
2431.632000
2432.246000
2432.876000
2433.489000
2434.103000
2434.733000
2435.346000
2435.960000
2436.590000
2437.203000
2437.833000
2438.446000
2439.060000
2439.690000
2440.303000
2440.933000
2441.547000
2442.160000
2442.790000
2443.404000
2444.034000
2444.647000
2445.260000
2445.890000
2446.504000
2447.134000
2447.747000
2448.361000
2448.991000
2449.604000
2450.234000
2450.848000
2451.461000
2452.091000
2452.704000
2453.335000
2453.948000
2454.561000
2455.191000
2455.805000
2456.435000
2457.048000
2457.662000
2458.292000
2458.905000
2459.535000
2460.149000
2460.762000
2461.392000
2462.005000
2462.635000
2463.249000
2463.862000
2464.492000
2465.106000
2465.736000
2466.349000
2466.963000
2467.593000
2468.206000
2468.836000
2469.449000
2470.063000
2470.693000
2471.306000
2471.920000
2472.550000
2473.163000
2473.793000
2474.407000
