1767.288000
1768.531000
1769.774000
1771.018000
1772.261000
1773.488000
1774.732000
1775.975000
1777.219000
1778.462000
1779.689000
1780.932000
1782.176000
1783.419000
1784.663000
1785.889000
1788.376000
1793.334000
1794.577000
1795.820000
1797.064000
1800.778000
1802.021000
1804.491000
1805.735000
1806.978000
1809.448000
1811.935000
1827.288000
1831.001000
1832.245000
1833.488000
1835.975000
1837.202000
1838.445000
1839.689000
1843.403000
1844.646000
1845.890000
1849.603000
1850.847000
1852.090000
1854.560000
1855.804000
1857.047000
1859.534000
1860.761000
1862.005000
1863.248000
1864.492000
1865.735000
1866.962000
1868.205000
1869.449000
1871.935000
1874.406000
1887.288000
1893.488000
1894.732000
1895.975000
1897.202000
1898.446000
1902.176000
1903.403000
1905.890000
1908.360000
1909.603000
1910.847000
1912.090000
1915.804000
1920.761000
1922.005000
1923.248000
1924.492000
1925.735000
1926.962000
1928.205000
1929.449000
1931.936000
1933.162000
1934.406000
1946.044000
1947.288000
1948.531000
1951.002000
1952.245000
1958.446000
1959.689000
1960.933000
1962.176000
1964.646000
1965.890000
1967.133000
1968.360000
1969.603000
1970.847000
1972.090000
1973.334000
1974.561000
1977.048000
1978.291000
1979.534000
1980.761000
1982.005000
1983.248000
1984.492000
1986.962000
1988.205000
1989.449000
1990.692000
1991.936000
2006.045000
2008.531000
2009.775000
2011.002000
2012.245000
2013.489000
2014.732000
2015.975000
2018.446000
2019.689000
2020.933000
2022.159000
2023.403000
2024.646000
2025.890000
2028.360000
2029.604000
2030.847000
2032.090000
2034.561000
2038.291000
2039.534000
2042.005000
2044.492000
2045.735000
2046.962000
2049.449000
2051.936000
2053.163000
2054.406000
2067.288000
2068.531000
2071.002000
2072.245000
2073.489000
2074.732000
2075.976000
2077.202000
2078.446000
2079.689000
2082.160000
2083.403000
2084.646000
2085.890000
2087.133000
2088.360000
2089.604000
2090.847000
2092.091000
2094.561000
2097.048000
2098.291000
2099.535000
2100.761000
2103.248000
2108.205000
2109.449000
2110.692000
2113.163000
2114.406000
2126.045000
2127.288000
2129.775000
2133.489000
2135.976000
2137.203000
2138.446000
2140.933000
2142.160000
2144.647000
2145.890000
2147.133000
2148.360000
2149.604000
2153.334000
2154.561000
2155.804000
2159.535000
2160.762000
2162.005000
2166.962000
2168.206000
2171.936000
2173.163000
2174.406000
2186.045000
2187.288000
2189.775000
2191.002000
2193.489000
2194.732000
2195.976000
2197.203000
2199.689000
2200.933000
2202.160000
2203.403000
2204.647000
2205.890000
2207.134000
2209.604000
2210.847000
2212.091000
2213.334000
2214.561000
2215.804000
2217.048000
2218.291000
2219.535000
2220.762000
2222.005000
2223.249000
2224.492000
2225.735000
2228.206000
2230.693000
2231.936000
2233.163000
2234.406000
2247.288000
2248.532000
2249.775000
2251.002000
2252.245000
2253.489000
2254.732000
2255.976000
2257.203000
2259.690000
2260.933000
2262.160000
2263.403000
2265.890000
2267.134000
2268.360000
2270.847000
2272.091000
2274.561000
2275.805000
2277.048000
2278.291000
2280.762000
2282.005000
2285.735000
2288.206000
2289.449000
2290.693000
2306.045000
2309.775000
2311.002000
2312.246000
2313.489000
2314.732000
2315.976000
2317.203000
2318.446000
2319.690000
2322.160000
2323.403000
2327.134000
2328.361000
2329.604000
2330.847000
2334.561000
2335.805000
2337.048000
2339.535000
2340.762000
2342.005000
2343.249000
2344.492000
2345.736000
2346.962000
2348.206000
2349.449000
2353.163000
2354.406000
2366.045000
2367.288000
2372.246000
2373.489000
2377.203000
2378.446000
2379.690000
2380.933000
2382.160000
2387.134000
2389.604000
2390.848000
2393.334000
2395.805000
2397.048000
2399.535000
2400.762000
2402.005000
2404.492000
2406.962000
2408.206000
2410.693000
2411.920000
2427.289000
2428.532000
2431.002000
2433.489000
2437.203000
2438.446000
2442.160000
2443.404000
2444.647000
2445.890000
2447.134000
2449.604000
2452.091000
2453.335000
2454.561000
2455.805000
2457.048000
2458.292000
2459.535000
2460.762000
2463.249000
2465.736000
2466.963000
2468.206000
2470.693000
2474.407000
