1034.321000
1034.951000
1035.565000
1036.195000
1036.808000
1037.422000
1038.052000
1038.665000
1039.295000
1039.909000
1040.522000
1041.152000
1041.765000
1042.395000
1043.009000
1043.622000
1044.252000
1044.866000
1045.496000
1046.109000
1046.723000
1047.353000
1047.966000
1048.579000
1049.210000
1049.823000
1050.453000
1051.066000
1051.680000
1052.310000
1052.923000
1053.553000
1054.167000
1054.780000
1055.410000
1056.024000
1056.654000
1057.267000
1057.880000
1058.510000
1059.124000
1059.754000
1060.367000
1060.981000
1061.611000
1062.224000
1062.854000
1063.468000
1064.081000
1064.711000
1065.324000
1065.954000
1066.568000
1067.181000
1067.811000
1068.425000
1069.055000
1069.668000
1070.282000
1070.912000
1071.525000
1072.155000
1072.769000
1073.382000
1074.012000
1074.625000
1075.255000
1075.869000
1076.482000
1077.112000
1077.726000
1078.356000
1078.969000
1079.583000
1080.213000
1080.826000
1081.456000
1082.069000
1082.683000
1083.313000
1083.926000
1084.540000
1085.170000
1085.783000
1086.413000
1094.321000
1094.951000
1095.565000
1096.195000
1096.808000
1097.422000
1098.052000
1098.665000
1099.295000
1099.909000
1100.522000
1101.152000
1101.766000
1102.396000
1103.009000
1103.622000
1104.252000
1104.866000
1105.496000
1106.109000
1106.723000
1107.353000
1107.966000
1108.580000
1109.210000
1109.823000
1110.453000
1111.066000
1111.680000
1112.310000
1112.923000
1113.553000
1114.167000
1114.780000
1115.410000
1116.024000
1116.654000
1117.267000
1117.880000
1118.511000
1119.124000
1119.754000
1120.367000
1120.981000
1121.611000
1122.224000
1122.854000
1123.468000
1124.081000
1124.711000
1125.325000
1125.955000
1126.568000
1127.181000
1127.811000
1128.425000
1129.055000
1129.668000
1130.282000
1130.912000
1131.525000
1132.155000
1132.769000
1133.382000
1134.012000
1134.625000
1135.256000
1135.869000
1136.482000
1137.112000
1137.726000
1138.356000
1138.969000
1139.583000
1140.213000
1140.826000
1141.440000
1142.070000
1142.683000
1143.313000
1143.926000
1144.540000
1145.170000
1145.783000
1146.413000
1154.322000
1154.952000
1155.565000
1156.195000
1156.808000
1157.422000
1158.052000
1158.665000
1159.295000
1159.909000
1160.522000
1161.152000
1161.766000
1162.396000
1163.009000
1163.622000
1164.253000
1164.866000
1165.496000
1166.109000
1166.723000
1167.353000
1167.966000
1168.580000
1169.210000
1169.823000
1170.453000
1171.067000
1171.680000
1172.310000
1172.923000
1173.553000
1174.167000
1174.780000
1175.410000
1176.024000
1176.654000
1177.267000
1177.881000
1178.511000
1179.124000
1179.754000
1180.367000
1180.981000
1181.611000
1182.224000
1182.854000
1183.468000
1184.081000
1184.711000
1185.325000
1185.955000
1186.568000
1187.182000
1187.812000
1188.425000
1189.055000
1189.668000
1190.282000
1190.912000
1191.525000
1192.155000
1192.769000
1193.382000
1194.012000
1194.626000
1195.256000
1195.869000
1196.482000
1197.112000
1197.726000
1198.356000
1198.969000
1199.583000
1200.213000
1200.826000
1201.440000
1202.070000
1202.683000
1203.313000
1203.927000
1204.540000
1205.170000
1205.783000
1206.413000
1214.322000
1214.935000
1215.565000
1216.179000
1216.792000
1217.422000
1218.035000
1218.665000
1219.279000
1219.892000
1220.522000
1221.136000
1221.766000
1222.379000
1222.993000
1223.623000
1224.236000
1224.866000
1225.479000
1226.093000
1226.723000
1227.336000
1227.966000
1228.580000
1229.193000
1229.823000
1230.437000
1231.067000
1231.680000
1232.294000
1232.924000
1233.537000
1234.167000
1234.780000
1235.394000
1236.024000
1236.637000
1237.267000
1237.881000
1238.494000
1239.124000
1239.738000
1240.368000
1240.981000
1241.594000
1242.224000
1242.838000
1243.468000
1244.081000
1244.695000
1245.325000
1245.938000
1246.552000
1247.182000
1247.795000
1248.425000
1249.038000
1249.652000
1250.282000
1250.895000
1251.525000
1252.139000
1252.752000
1253.382000
1253.996000
1254.626000
1255.239000
1255.853000
1256.483000
1257.096000
1257.726000
1258.339000
1258.953000
1259.583000
1260.196000
1260.826000
1261.440000
1262.053000
1262.683000
1263.297000
1263.927000
1264.540000
1265.153000
1265.783000
1266.397000
1274.322000
1274.935000
1275.565000
1276.179000
1276.792000
1277.422000
1278.035000
1278.666000
1279.279000
1279.892000
1280.522000
1281.136000
1281.766000
1282.379000
1282.993000
1283.623000
1284.236000
1284.866000
1285.480000
1286.093000
1286.723000
1287.336000
1287.966000
1288.580000
1289.193000
1289.823000
1290.437000
1291.067000
1291.680000
1292.294000
1292.924000
1293.537000
1294.167000
1294.780000
1295.394000
1296.024000
1296.637000
1297.267000
1297.881000
1298.494000
1299.124000
1299.738000
1300.368000
1300.981000
1301.595000
1302.225000
1302.838000
1303.468000
1304.081000
1304.695000
1305.325000
1305.938000
1306.552000
1307.182000
1307.795000
1308.425000
1309.039000
1309.652000
1310.282000
1310.895000
1311.525000
1312.139000
1312.752000
1313.382000
1313.996000
1314.626000
1315.239000
1315.853000
1316.483000
1317.096000
1317.726000
1318.340000
1318.953000
1319.583000
1320.196000
1320.826000
1321.440000
1322.053000
1322.683000
1323.297000
1323.927000
1324.540000
1325.154000
1325.784000
1326.397000
1334.322000
1334.935000
1335.565000
1336.179000
1336.792000
1337.422000
1338.036000
1338.666000
1339.279000
1339.892000
1340.522000
1341.136000
1341.766000
1342.379000
1342.993000
1343.623000
1344.236000
1344.866000
1345.480000
1346.093000
1346.723000
1347.337000
1347.967000
1348.580000
1349.193000
1349.823000
1350.437000
1351.067000
1351.680000
1352.294000
1352.924000
1353.537000
1354.167000
1354.781000
1355.394000
1356.024000
1356.637000
1357.267000
1357.881000
1358.494000
1359.124000
1359.738000
1360.368000
1360.981000
1361.595000
1362.225000
1362.838000
1363.468000
1364.081000
1364.695000
1365.325000
1365.938000
1366.552000
1367.182000
1367.795000
1368.425000
1369.039000
1369.652000
1370.282000
1370.896000
1371.526000
1372.139000
1372.752000
1373.382000
1373.996000
1374.626000
1375.239000
1375.853000
1376.483000
1377.096000
1377.726000
1378.340000
1378.953000
1379.583000
1380.196000
1380.826000
1381.440000
1382.053000
1382.683000
1383.297000
1383.927000
1384.540000
1385.154000
1385.784000
1386.397000
1394.322000
1394.935000
1395.565000
1396.179000
1396.792000
1397.422000
1398.036000
1398.666000
1399.279000
1399.893000
1400.523000
1401.136000
1401.766000
1402.379000
1402.993000
1403.623000
1404.236000
1404.866000
1405.480000
1406.093000
1406.723000
1407.337000
1407.967000
1408.580000
1409.193000
1409.823000
1410.437000
1411.067000
1411.680000
1412.294000
1412.924000
1413.537000
1414.167000
1414.781000
1415.394000
1416.024000
1416.638000
1417.268000
1417.881000
1418.494000
1419.124000
1419.738000
1420.368000
1420.981000
1421.595000
1422.225000
1422.838000
1423.452000
1424.082000
1424.695000
1425.325000
1425.938000
1426.552000
1427.182000
1427.795000
1428.425000
1429.039000
1429.652000
1430.282000
1430.896000
1431.526000
1432.139000
1432.753000
1433.383000
1433.996000
1434.626000
1435.239000
1435.853000
1436.483000
1437.096000
1437.726000
1438.340000
1438.953000
1439.583000
1440.197000
1440.827000
1441.440000
1442.053000
1442.683000
1443.297000
1443.927000
1444.540000
1445.154000
1445.784000
1446.397000
1454.322000
1454.952000
1455.565000
1456.195000
1456.809000
1457.422000
1458.052000
1458.666000
1459.296000
1459.909000
1460.523000
1461.153000
1461.766000
1462.380000
1463.010000
1463.623000
1464.253000
1464.866000
1465.480000
1466.110000
1466.723000
1467.353000
1467.967000
1468.580000
1469.210000
1469.824000
1470.454000
1471.067000
1471.680000
1472.310000
1472.924000
1473.554000
1474.167000
1474.781000
1475.411000
1476.024000
1476.654000
1477.268000
1477.881000
1478.511000
1479.124000
1479.754000
1480.368000
1480.981000
1481.611000
1482.225000
1482.855000
1483.468000
1484.082000
1484.712000
1485.325000
1485.955000
1486.569000
1487.182000
1487.812000
1488.425000
1489.055000
1489.669000
1490.282000
1490.912000
1491.526000
1492.156000
1492.769000
1493.383000
1494.013000
1494.626000
1495.256000
1495.869000
1496.483000
1497.113000
1497.726000
1498.340000
1498.970000
1499.583000
1500.213000
1500.827000
1501.440000
1502.070000
1502.684000
1503.314000
1503.927000
1504.540000
1505.170000
1505.784000
1506.414000
1514.322000
1514.952000
1515.566000
1516.196000
1516.809000
1517.422000
1518.052000
1518.666000
1519.296000
1519.909000
1520.523000
1521.153000
1521.766000
1522.380000
1523.010000
1523.623000
1524.253000
1524.866000
1525.480000
1526.110000
1526.723000
1527.353000
1527.967000
1528.580000
1529.210000
1529.824000
1530.454000
1531.067000
1531.681000
1532.311000
1532.924000
1533.554000
1534.167000
1534.781000
1535.411000
1536.024000
1536.654000
1537.268000
1537.881000
1538.511000
1539.125000
1539.755000
1540.368000
1540.981000
1541.611000
1542.225000
1542.855000
1543.468000
1544.082000
1544.712000
1545.325000
1545.955000
1546.569000
1547.182000
1547.812000
1548.426000
1549.056000
1549.669000
1550.282000
1550.912000
1551.526000
1552.156000
1552.769000
1553.383000
1554.013000
1554.626000
1555.240000
1555.870000
1556.483000
1557.113000
1557.726000
1558.340000
1558.970000
1559.583000
1560.213000
1560.827000
1561.440000
1562.070000
1562.684000
1563.314000
1563.927000
1564.540000
1565.170000
1565.784000
1566.414000
1574.322000
1574.936000
1575.566000
1576.179000
1576.793000
1577.423000
1578.036000
1578.666000
1579.279000
1579.893000
1580.523000
1581.136000
1581.766000
1582.380000
1582.993000
1583.623000
1584.237000
1584.867000
1585.480000
1586.093000
1586.723000
1587.337000
1587.967000
1588.580000
1589.194000
1589.824000
1590.437000
1591.067000
1591.681000
1592.294000
1592.924000
1593.537000
1594.167000
1594.781000
1595.394000
1596.024000
1596.638000
1597.268000
1597.881000
1598.495000
1599.125000
1599.738000
1600.352000
1600.982000
1601.595000
1602.225000
1602.838000
1603.452000
1604.082000
1604.695000
1605.325000
1605.939000
1606.552000
1607.182000
1607.796000
1608.426000
1609.039000
1609.652000
1610.283000
1610.896000
1611.526000
1612.139000
1612.753000
1613.383000
1613.996000
1614.626000
1615.240000
1615.853000
1616.483000
1617.097000
1617.727000
1618.340000
1618.953000
1619.583000
1620.197000
1620.827000
1621.440000
1622.054000
1622.684000
1623.297000
1623.927000
1624.541000
1625.154000
1625.784000
1626.397000
1634.322000
1634.936000
1635.566000
1636.179000
1636.793000
1637.423000
1638.036000
1638.666000
1639.279000
1639.893000
1640.523000
1641.136000
1641.766000
1642.380000
1642.993000
1643.623000
1644.237000
1644.867000
1645.480000
1646.094000
1646.724000
1647.337000
1647.967000
1648.580000
1649.194000
1649.824000
1650.437000
1651.067000
1651.681000
1652.294000
1652.924000
1653.538000
1654.168000
1654.781000
1655.394000
1656.024000
1656.638000
1657.268000
1657.881000
1658.495000
1659.125000
1659.738000
1660.352000
1660.982000
1661.595000
1662.225000
1662.839000
1663.452000
1664.082000
1664.695000
1665.325000
1665.939000
1666.552000
1667.182000
1667.796000
1668.426000
1669.039000
1669.653000
1670.283000
1670.896000
1671.526000
1672.139000
1672.753000
1673.383000
1673.996000
1674.626000
1675.240000
1675.853000
1676.483000
1677.097000
1677.727000
1678.340000
1678.953000
1679.583000
1680.197000
1680.827000
1681.440000
1682.054000
1682.684000
1683.297000
1683.927000
1684.541000
1685.154000
1685.784000
1686.398000
1694.322000
1694.936000
1695.566000
1696.179000
1696.793000
1697.423000
1698.036000
1698.666000
1699.280000
1699.893000
1700.523000
1701.136000
1701.766000
1702.380000
1702.993000
1703.623000
1704.237000
1704.867000
1705.480000
1706.094000
1706.724000
1707.337000
1707.967000
1708.580000
1709.194000
1709.824000
1710.437000
1711.067000
1711.681000
1712.294000
1712.924000
1713.538000
1714.168000
1714.781000
1715.395000
1716.025000
1716.638000
1717.268000
1717.881000
1718.495000
1719.125000
1719.738000
1720.352000
1720.982000
1721.595000
1722.225000
1722.839000
1723.452000
1724.082000
1724.695000
1725.325000
1725.939000
1726.552000
1727.182000
1727.796000
1728.426000
1729.039000
1729.653000
1730.283000
1730.896000
1731.526000
1732.140000
1732.753000
1733.383000
1733.996000
1734.626000
1735.240000
1735.853000
1736.483000
1737.097000
1737.727000
1738.340000
1738.954000
1739.584000
1740.197000
1740.827000
1741.440000
1742.054000
1742.684000
1743.297000
1743.927000
1744.541000
1745.154000
1745.784000
1746.398000
