1043.009000
1050.453000
1052.923000
1069.055000
1070.282000
1074.012000
1078.969000
1080.213000
1086.413000
1098.052000
1105.496000
1115.410000
1126.568000
1129.055000
1131.525000
1135.256000
1140.213000
1143.926000
1146.413000
1164.253000
1167.966000
1175.410000
1184.081000
1185.325000
1189.055000
1190.282000
1195.256000
1196.482000
1205.170000
1218.035000
1222.993000
1226.723000
1229.193000
1240.368000
1242.838000
1246.552000
1251.525000
1253.996000
1258.953000
1261.440000
1262.683000
1266.397000
1278.035000
1282.993000
1284.236000
1287.966000
1297.881000
1302.838000
1313.996000
1315.239000
1322.683000
1323.927000
1325.154000
1338.036000
1342.993000
1347.967000
1350.437000
1361.595000
1369.039000
1370.282000
1372.752000
1399.279000
1400.523000
1404.236000
1406.723000
1410.437000
1411.680000
1412.924000
1415.394000
1421.595000
1422.838000
1426.552000
1429.039000
1433.996000
1435.239000
1443.927000
1467.967000
1481.611000
1482.855000
1495.256000
1498.970000
1502.684000
1506.414000
1519.296000
1521.766000
1529.210000
1535.411000
1546.569000
1552.769000
1560.213000
1562.684000
1580.523000
1581.766000
1582.993000
1584.237000
1585.480000
1596.638000
1601.595000
1618.953000
1620.197000
1621.440000
1644.237000
1645.480000
1655.394000
1662.839000
1669.039000
1677.727000
1683.927000
1700.523000
1702.993000
1719.125000
1720.352000
1724.082000
1730.283000
1735.240000
1743.927000
