312.520000
313.763000
315.007000
316.250000
321.208000
323.694000
326.165000
327.408000
328.652000
329.895000
331.122000
332.365000
334.852000
336.096000
337.322000
338.566000
339.809000
341.053000
342.280000
346.010000
347.253000
348.480000
349.724000
350.967000
352.211000
355.924000
357.168000
358.411000
370.050000
372.520000
375.007000
376.250000
378.721000
379.964000
382.451000
383.694000
384.921000
386.165000
387.408000
391.122000
392.365000
393.609000
394.852000
396.096000
397.323000
399.809000
401.053000
402.280000
403.523000
404.767000
406.010000
407.254000
409.724000
412.211000
413.454000
414.681000
415.924000
417.168000
430.050000
431.293000
432.520000
433.764000
435.007000
437.494000
438.721000
439.964000
441.208000
442.451000
443.695000
448.652000
449.895000
451.122000
452.366000
453.609000
458.566000
459.810000
461.053000
463.523000
466.010000
467.254000
468.480000
469.724000
472.211000
473.454000
474.681000
475.925000
477.168000
490.050000
491.293000
492.520000
493.764000
495.007000
496.251000
498.721000
499.964000
501.208000
504.922000
509.895000
511.122000
514.852000
516.096000
517.323000
518.566000
519.810000
521.053000
522.280000
524.767000
527.254000
529.724000
530.967000
532.211000
534.681000
535.925000
537.168000
551.294000
552.520000
553.764000
555.007000
556.251000
557.494000
558.721000
559.965000
562.451000
564.922000
567.409000
569.895000
572.366000
573.609000
574.853000
576.096000
577.323000
578.566000
579.810000
581.053000
584.767000
586.010000
589.724000
590.968000
592.211000
595.925000
597.168000
610.050000
611.294000
612.520000
613.764000
615.007000
616.251000
617.494000
618.721000
622.451000
623.695000
624.922000
627.409000
628.652000
631.122000
632.366000
633.609000
637.323000
638.566000
639.810000
641.053000
642.280000
643.524000
644.767000
646.010000
647.254000
648.481000
649.724000
653.455000
654.681000
657.168000
658.412000
670.050000
672.521000
673.764000
675.007000
676.251000
677.494000
678.721000
679.965000
681.208000
682.452000
684.922000
687.409000
688.652000
689.896000
692.366000
693.609000
696.080000
697.323000
698.566000
701.053000
702.280000
703.524000
704.767000
707.254000
708.481000
709.724000
710.968000
712.211000
713.455000
717.168000
718.412000
732.521000
735.008000
736.234000
737.478000
738.721000
739.965000
742.435000
743.678000
746.165000
747.392000
748.636000
751.123000
753.593000
756.080000
757.323000
759.793000
762.280000
763.524000
764.767000
765.994000
767.238000
769.724000
770.968000
773.438000
774.682000
775.925000
777.152000
778.395000
790.034000
792.521000
795.008000
797.478000
798.721000
799.965000
801.192000
802.435000
803.679000
806.165000
807.392000
808.636000
809.879000
811.123000
812.366000
814.836000
816.080000
818.567000
821.037000
822.280000
823.524000
824.767000
827.238000
828.481000
829.724000
830.968000
832.195000
833.438000
835.925000
837.152000
838.395000
850.051000
851.294000
852.521000
853.764000
855.008000
856.251000
858.721000
861.208000
862.452000
864.922000
866.166000
869.896000
871.123000
872.366000
873.610000
877.323000
878.567000
879.810000
882.281000
884.767000
886.011000
887.254000
889.725000
890.968000
892.211000
894.682000
895.925000
897.169000
898.412000
910.051000
911.294000
912.521000
916.251000
917.495000
918.722000
921.208000
923.695000
924.922000
926.166000
927.409000
928.652000
929.896000
932.366000
933.610000
934.853000
936.080000
937.323000
938.567000
939.810000
941.054000
942.281000
943.524000
944.767000
946.011000
948.481000
949.725000
950.968000
952.212000
953.455000
955.925000
957.169000
958.412000
970.051000
971.294000
973.764000
975.008000
977.495000
978.722000
981.209000
982.452000
987.409000
988.653000
989.896000
998.567000
999.810000
1002.281000
1003.524000
1004.768000
1006.011000
1007.254000
1008.481000
1009.725000
1012.212000
1015.925000
