1039.295000
1040.522000
1044.252000
1045.496000
1046.723000
1047.966000
1049.210000
1051.680000
1054.167000
1055.410000
1056.654000
1057.880000
1059.124000
1060.367000
1061.611000
1062.854000
1064.081000
1065.324000
1066.568000
1067.811000
1071.525000
1072.769000
1075.255000
1076.482000
1077.726000
1081.456000
1082.683000
1083.926000
1085.170000
1099.295000
1100.522000
1101.766000
1103.009000
1104.252000
1106.723000
1107.966000
1109.210000
1110.453000
1111.680000
1112.923000
1114.167000
1116.654000
1117.880000
1119.124000
1120.367000
1121.611000
1122.854000
1124.081000
1125.325000
1127.811000
1130.282000
1132.769000
1134.012000
1136.482000
1137.726000
1138.969000
1141.440000
1142.683000
1145.170000
1158.052000
1159.295000
1160.522000
1161.766000
1163.009000
1165.496000
1166.723000
1169.210000
1170.453000
1171.680000
1172.923000
1174.167000
1176.654000
1177.881000
1179.124000
1180.367000
1181.611000
1182.854000
1186.568000
1187.812000
1192.769000
1194.012000
1197.726000
1198.969000
1200.213000
1201.440000
1202.683000
1206.413000
1219.279000
1220.522000
1221.766000
1224.236000
1225.479000
1227.966000
1232.924000
1234.167000
1235.394000
1236.637000
1237.881000
1239.124000
1241.594000
1244.081000
1245.325000
1247.795000
1249.038000
1250.282000
1252.752000
1255.239000
1256.483000
1257.726000
1260.196000
1263.927000
1265.153000
1279.279000
1280.522000
1281.766000
1285.480000
1286.723000
1289.193000
1290.437000
1291.680000
1292.924000
1294.167000
1295.394000
1296.637000
1299.124000
1301.595000
1304.081000
1305.325000
1306.552000
1307.795000
1310.282000
1311.525000
1312.752000
1316.483000
1317.726000
1318.953000
1320.196000
1341.766000
1344.236000
1345.480000
1346.723000
1349.193000
1352.924000
1354.167000
1355.394000
1357.881000
1359.124000
1360.368000
1362.838000
1364.081000
1366.552000
1367.795000
1371.526000
1373.996000
1375.239000
1376.483000
1377.726000
1380.196000
1381.440000
1382.683000
1385.154000
1386.397000
1398.036000
1401.766000
1402.993000
1405.480000
1407.967000
1409.193000
1414.167000
1416.638000
1417.881000
1419.124000
1420.368000
1425.325000
1427.795000
1430.282000
1431.526000
1432.753000
1436.483000
1437.726000
1438.953000
1440.197000
1441.440000
1442.683000
1445.154000
1458.052000
1459.296000
1461.766000
1463.010000
1464.253000
1465.480000
1466.723000
1469.210000
1471.680000
1472.924000
1475.411000
1476.654000
1477.881000
1479.124000
1480.368000
1484.082000
1485.325000
1486.569000
1487.812000
1489.055000
1490.282000
1491.526000
1492.769000
1496.483000
1497.726000
1500.213000
1501.440000
1503.927000
1505.170000
1520.523000
1523.010000
1524.253000
1526.723000
1527.967000
1530.454000
1531.681000
1536.654000
1537.881000
1539.125000
1540.368000
1541.611000
1542.855000
1544.082000
1545.325000
1547.812000
1549.056000
1550.282000
1551.526000
1554.013000
1555.240000
1556.483000
1557.726000
1558.970000
1561.440000
1563.927000
1566.414000
1578.036000
1579.279000
1586.723000
1587.967000
1589.194000
1591.681000
1592.924000
1594.167000
1595.394000
1597.881000
1599.125000
1600.352000
1602.838000
1604.082000
1605.325000
1607.796000
1609.039000
1610.283000
1611.526000
1612.753000
1613.996000
1615.240000
1616.483000
1617.727000
1622.684000
1623.927000
1625.154000
1626.397000
1638.036000
1640.523000
1641.766000
1642.993000
1647.967000
1649.194000
1650.437000
1651.681000
1652.924000
1656.638000
1657.881000
1659.125000
1660.352000
1661.595000
1665.325000
1666.552000
1667.796000
1670.283000
1671.526000
1672.753000
1673.996000
1678.953000
1680.197000
1681.440000
1682.684000
1685.154000
1686.398000
1698.036000
1699.280000
1704.237000
1705.480000
1706.724000
1707.967000
1709.194000
1710.437000
1711.681000
1712.924000
1714.168000
1715.395000
1721.595000
1725.325000
1726.552000
1731.526000
1732.753000
1733.996000
1736.483000
1737.727000
1738.954000
1741.440000
1745.154000
1746.398000
