1038.667000
1041.154000
1042.381000
1043.624000
1044.868000
1046.111000
1047.354000
1048.581000
1049.825000
1051.068000
1052.312000
1053.555000
1054.782000
1056.025000
1057.269000
1058.512000
1059.756000
1060.983000
1062.226000
1063.469000
1064.713000
1065.940000
1067.183000
1068.427000
1069.670000
1070.913000
1072.140000
1073.384000
1074.627000
1075.871000
1077.114000
1078.341000
1079.584000
1080.828000
1082.071000
1083.315000
1084.542000
1085.785000
1097.424000
1098.667000
1099.911000
1102.381000
1103.624000
1104.868000
1106.111000
1107.355000
1108.581000
1109.825000
1112.312000
1116.026000
1117.269000
1118.512000
1120.983000
1122.226000
1123.470000
1124.713000
1125.940000
1127.183000
1129.670000
1130.914000
1133.384000
1134.627000
1135.871000
1137.114000
1138.341000
1139.585000
1140.828000
1142.071000
1143.315000
1144.542000
1145.785000
1157.424000
1158.667000
1159.911000
1161.154000
1162.381000
1163.624000
1164.868000
1166.111000
1167.355000
1168.582000
1169.825000
1171.068000
1172.312000
1173.555000
1174.782000
1176.026000
1177.269000
1178.512000
1179.756000
1182.226000
1183.470000
1184.713000
1185.940000
1187.183000
1188.427000
1189.670000
1190.914000
1192.141000
1193.384000
1194.627000
1195.871000
1197.114000
1199.585000
1200.828000
1202.072000
1204.542000
1205.785000
1217.424000
1218.667000
1219.911000
1221.154000
1222.381000
1223.625000
1224.868000
1226.111000
1227.355000
1228.582000
1229.825000
1231.069000
1232.312000
1233.555000
1234.782000
1236.026000
1237.269000
1238.513000
1239.740000
1240.983000
1243.470000
1244.713000
1245.940000
1248.427000
1249.670000
1250.914000
1252.141000
1253.384000
1254.628000
1255.871000
1257.115000
1258.341000
1259.585000
1260.828000
1262.072000
1263.315000
1264.542000
1265.785000
1277.424000
1279.911000
1281.154000
1282.381000
1283.625000
1284.868000
1286.112000
1287.355000
1288.582000
1289.825000
1291.069000
1292.312000
1293.556000
1294.782000
1296.026000
1297.269000
1299.740000
1300.983000
1302.227000
1303.470000
1304.713000
1305.940000
1307.184000
1308.427000
1309.671000
1310.914000
1312.141000
1313.384000
1314.628000
1315.871000
1317.115000
1319.585000
1320.828000
1322.072000
1324.542000
1325.786000
1337.424000
1338.668000
1339.911000
1341.154000
1342.381000
1343.625000
1344.868000
1346.112000
1347.355000
1348.582000
1349.825000
1351.069000
1352.312000
1353.556000
1354.783000
1356.026000
1357.269000
1358.513000
1359.740000
1360.983000
1362.227000
1363.470000
1365.940000
1367.184000
1368.427000
1370.914000
1372.141000
1373.384000
1374.628000
1375.871000
1377.115000
1378.342000
1379.585000
1380.829000
1382.072000
1384.542000
1385.786000
1397.424000
1398.668000
1401.155000
1402.381000
1403.625000
1404.868000
1406.112000
1407.355000
1408.582000
1409.826000
1411.069000
1412.312000
1413.556000
1414.783000
1416.026000
1417.270000
1418.513000
1419.740000
1420.983000
1422.227000
1423.470000
1424.714000
1425.941000
1428.427000
1430.914000
1432.141000
1433.385000
1435.871000
1437.115000
1438.342000
1439.585000
1440.829000
1442.072000
1443.316000
1444.542000
1445.786000
1457.424000
1458.668000
1461.155000
1462.382000
1463.625000
1466.112000
1467.355000
1468.582000
1469.826000
1471.069000
1472.313000
1473.556000
1474.783000
1476.026000
1477.270000
1478.513000
1479.740000
1480.983000
1482.227000
1483.470000
1484.714000
1485.941000
1487.184000
1488.428000
1489.671000
1490.914000
1492.141000
1493.385000
1494.628000
1495.872000
1497.115000
1498.342000
1499.585000
1500.829000
1502.072000
1503.316000
1504.543000
1505.786000
1517.425000
1518.668000
1519.895000
1521.138000
1522.382000
1523.625000
1524.852000
1526.095000
1527.339000
1528.582000
1529.826000
1531.053000
1532.296000
1533.540000
1534.783000
1536.026000
1537.253000
1538.497000
1539.740000
1540.984000
1542.227000
1543.454000
1544.697000
1545.941000
1547.184000
1548.428000
1549.655000
1550.898000
1552.141000
1553.385000
1554.612000
1555.855000
1557.099000
1558.342000
1559.585000
1560.812000
1562.056000
1563.299000
1564.543000
1565.786000
1577.425000
1578.652000
1579.895000
1581.138000
1582.382000
1583.625000
1584.852000
1587.339000
1588.583000
1589.826000
1591.053000
1592.296000
1593.540000
1594.783000
1596.027000
1597.253000
1598.497000
1599.740000
1600.984000
1602.227000
1603.454000
1604.697000
1605.941000
1607.184000
1608.428000
1609.655000
1610.898000
1612.142000
1613.385000
1614.612000
1615.855000
1617.099000
1618.342000
1619.586000
1620.812000
1622.056000
1623.299000
1625.786000
1637.425000
1638.652000
1639.895000
1641.139000
1642.382000
1643.625000
1644.852000
1646.096000
1648.583000
1649.826000
1652.296000
1654.783000
1656.027000
1657.254000
1658.497000
1659.740000
1660.984000
1662.227000
1663.454000
1664.698000
1665.941000
1667.184000
1668.428000
1670.898000
1672.142000
1674.612000
1675.855000
1677.099000
1678.342000
1679.586000
1680.813000
1682.056000
1683.299000
1684.543000
1685.786000
1697.425000
1698.652000
1699.895000
1701.139000
1702.382000
1703.626000
1704.852000
1706.096000
1707.339000
1708.583000
1709.826000
1711.053000
1712.297000
1716.027000
1717.254000
1718.497000
1719.741000
1720.984000
1722.227000
1723.454000
1724.698000
1725.941000
1727.185000
1728.412000
1729.655000
1730.898000
1732.142000
1733.385000
1734.612000
1735.856000
1737.099000
1742.056000
1743.300000
1744.543000
