1768.526000
1773.483000
1777.213000
1780.927000
1785.884000
1793.328000
1794.572000
1798.285000
1802.016000
1805.729000
1808.200000
1826.056000
1832.240000
1834.726000
1835.970000
1840.927000
1844.641000
1849.615000
1852.085000
1853.328000
1859.529000
1869.443000
1874.400000
1892.240000
1898.440000
1902.171000
1905.884000
1907.128000
1908.371000
1912.085000
1925.730000
1933.174000
1953.483000
1957.214000
1960.927000
1970.842000
1972.085000
1985.730000
1989.444000
2006.039000
2007.283000
2010.997000
2014.727000
2027.112000
2030.842000
2032.085000
2033.312000
2035.799000
2051.914000
2053.157000
2068.526000
2075.970000
2082.171000
2092.085000
2102.000000
2133.484000
2134.727000
2135.971000
2152.086000
2158.286000
2159.530000
2164.487000
2173.174000
2187.283000
2195.971000
2203.415000
2209.615000
2215.816000
2228.201000
2229.444000
2233.174000
2248.527000
2253.484000
2263.415000
2268.372000
2270.842000
2275.800000
2278.286000
2282.000000
2286.974000
2289.444000
2291.931000
2309.754000
2314.728000
2325.885000
2327.112000
2350.688000
2369.754000
2372.241000
2378.441000
2387.112000
2389.599000
2394.556000
2395.800000
2400.757000
2404.487000
2405.714000
2411.915000
2426.040000
2428.527000
2429.754000
2432.241000
2444.642000
2449.599000
2452.086000
2453.313000
2457.043000
2466.958000
2469.445000
