1762.325000
1762.955000
1763.569000
1764.182000
1764.812000
1765.425000
1766.055000
1766.669000
1767.282000
1767.912000
1768.526000
1769.156000
1769.769000
1770.383000
1771.013000
1771.626000
1772.256000
1772.869000
1773.483000
1774.113000
1774.726000
1775.340000
1775.970000
1776.583000
1777.213000
1777.827000
1778.440000
1779.070000
1779.684000
1780.313000
1780.927000
1781.540000
1782.170000
1782.784000
1783.414000
1784.027000
1784.641000
1785.271000
1785.884000
1786.514000
1787.128000
1787.741000
1788.371000
1788.984000
1789.614000
1790.228000
1790.841000
1791.471000
1792.085000
1792.715000
1793.328000
1793.942000
1794.572000
1795.185000
1795.815000
1796.428000
1797.042000
1797.672000
1798.285000
1798.915000
1799.529000
1800.142000
1800.772000
1801.386000
1802.016000
1802.629000
1803.243000
1803.873000
1804.486000
1805.116000
1805.729000
1806.343000
1806.973000
1807.586000
1808.200000
1808.830000
1809.443000
1810.073000
1810.687000
1811.300000
1811.930000
1812.543000
1813.173000
1813.787000
1814.400000
1822.325000
1822.955000
1823.569000
1824.182000
1824.812000
1825.426000
1826.056000
1826.669000
1827.282000
1827.912000
1828.526000
1829.156000
1829.769000
1830.383000
1831.013000
1831.626000
1832.240000
1832.870000
1833.483000
1834.113000
1834.726000
1835.340000
1835.970000
1836.583000
1837.213000
1837.827000
1838.440000
1839.070000
1839.684000
1840.314000
1840.927000
1841.541000
1842.170000
1842.784000
1843.414000
1844.027000
1844.641000
1845.271000
1845.884000
1846.514000
1847.128000
1847.741000
1848.371000
1848.985000
1849.615000
1850.228000
1850.841000
1851.471000
1852.085000
1852.715000
1853.328000
1853.942000
1854.572000
1855.185000
1855.815000
1856.429000
1857.042000
1857.672000
1858.286000
1858.916000
1859.529000
1860.142000
1860.772000
1861.386000
1862.016000
1862.629000
1863.243000
1863.873000
1864.486000
1865.100000
1865.730000
1866.343000
1866.973000
1867.586000
1868.200000
1868.830000
1869.443000
1870.073000
1870.687000
1871.300000
1871.930000
1872.544000
1873.174000
1873.787000
1874.400000
1882.325000
1882.955000
1883.569000
1884.182000
1884.812000
1885.426000
1886.056000
1886.669000
1887.283000
1887.913000
1888.526000
1889.156000
1889.769000
1890.383000
1891.013000
1891.626000
1892.240000
1892.870000
1893.483000
1894.113000
1894.727000
1895.340000
1895.970000
1896.583000
1897.213000
1897.827000
1898.440000
1899.070000
1899.684000
1900.314000
1900.927000
1901.541000
1902.171000
1902.784000
1903.414000
1904.028000
1904.641000
1905.271000
1905.884000
1906.514000
1907.128000
1907.741000
1908.371000
1908.985000
1909.615000
1910.228000
1910.842000
1911.472000
1912.085000
1912.715000
1913.328000
1913.942000
1914.572000
1915.185000
1915.815000
1916.429000
1917.042000
1917.672000
1918.286000
1918.916000
1919.529000
1920.142000
1920.773000
1921.386000
1922.016000
1922.629000
1923.243000
1923.873000
1924.486000
1925.100000
1925.730000
1926.343000
1926.973000
1927.587000
1928.200000
1928.830000
1929.443000
1930.073000
1930.687000
1931.300000
1931.930000
1932.544000
1933.174000
1933.787000
1934.401000
1942.325000
1942.955000
1943.569000
1944.182000
1944.812000
1945.426000
1946.056000
1946.669000
1947.283000
1947.913000
1948.526000
1949.140000
1949.770000
1950.383000
1951.013000
1951.626000
1952.240000
1952.870000
1953.483000
1954.113000
1954.727000
1955.340000
1955.970000
1956.584000
1957.214000
1957.827000
1958.440000
1959.070000
1959.684000
1960.314000
1960.927000
1961.541000
1962.171000
1962.784000
1963.414000
1964.028000
1964.641000
1965.271000
1965.885000
1966.515000
1967.128000
1967.741000
1968.371000
1968.985000
1969.615000
1970.228000
1970.842000
1971.472000
1972.085000
1972.715000
1973.329000
1973.942000
1974.572000
1975.185000
1975.815000
1976.429000
1977.042000
1977.672000
1978.286000
1978.916000
1979.529000
1980.143000
1980.773000
1981.386000
1982.000000
1982.630000
1983.243000
1983.873000
1984.486000
1985.100000
1985.730000
1986.343000
1986.973000
1987.587000
1988.200000
1988.830000
1989.444000
1990.074000
1990.687000
1991.300000
1991.930000
1992.544000
1993.174000
1993.787000
1994.401000
2002.326000
2002.939000
2003.552000
2004.182000
2004.796000
2005.426000
2006.039000
2006.653000
2007.283000
2007.896000
2008.526000
2009.140000
2009.753000
2010.383000
2010.997000
2011.627000
2012.240000
2012.853000
2013.483000
2014.097000
2014.727000
2015.340000
2015.954000
2016.584000
2017.197000
2017.827000
2018.441000
2019.054000
2019.684000
2020.297000
2020.927000
2021.541000
2022.154000
2022.784000
2023.398000
2024.028000
2024.641000
2025.255000
2025.885000
2026.498000
2027.112000
2027.742000
2028.355000
2028.985000
2029.598000
2030.212000
2030.842000
2031.455000
2032.085000
2032.699000
2033.312000
2033.942000
2034.556000
2035.186000
2035.799000
2036.412000
2037.042000
2037.656000
2038.286000
2038.899000
2039.513000
2040.143000
2040.756000
2041.386000
2042.000000
2042.613000
2043.243000
2043.857000
2044.487000
2045.100000
2045.713000
2046.343000
2046.957000
2047.587000
2048.200000
2048.814000
2049.444000
2050.057000
2050.687000
2051.301000
2051.914000
2052.544000
2053.157000
2053.787000
2054.401000
2062.326000
2062.956000
2063.569000
2064.183000
2064.813000
2065.426000
2066.040000
2066.670000
2067.283000
2067.913000
2068.526000
2069.140000
2069.770000
2070.383000
2071.013000
2071.627000
2072.240000
2072.870000
2073.484000
2074.114000
2074.727000
2075.340000
2075.970000
2076.584000
2077.214000
2077.827000
2078.441000
2079.071000
2079.684000
2080.314000
2080.928000
2081.541000
2082.171000
2082.784000
2083.414000
2084.028000
2084.641000
2085.271000
2085.885000
2086.515000
2087.128000
2087.742000
2088.372000
2088.985000
2089.615000
2090.229000
2090.842000
2091.472000
2092.085000
2092.715000
2093.329000
2093.942000
2094.572000
2095.186000
2095.816000
2096.429000
2097.043000
2097.673000
2098.286000
2098.916000
2099.529000
2100.143000
2100.773000
2101.386000
2102.000000
2102.630000
2103.243000
2103.873000
2104.487000
2105.100000
2105.730000
2106.344000
2106.974000
2107.587000
2108.200000
2108.830000
2109.444000
2110.074000
2110.687000
2111.301000
2111.931000
2112.544000
2113.174000
2113.788000
2114.401000
2122.326000
2122.956000
2123.569000
2124.183000
2124.813000
2125.426000
2126.040000
2126.670000
2127.283000
2127.913000
2128.526000
2129.140000
2129.770000
2130.383000
2131.013000
2131.627000
2132.240000
2132.870000
2133.484000
2134.114000
2134.727000
2135.341000
2135.971000
2136.584000
2137.214000
2137.827000
2138.441000
2139.071000
2139.684000
2140.314000
2140.928000
2141.541000
2142.171000
2142.785000
2143.415000
2144.028000
2144.641000
2145.271000
2145.885000
2146.515000
2147.128000
2147.742000
2148.372000
2148.985000
2149.615000
2150.229000
2150.842000
2151.472000
2152.086000
2152.716000
2153.329000
2153.942000
2154.572000
2155.186000
2155.799000
2156.429000
2157.043000
2157.673000
2158.286000
2158.900000
2159.530000
2160.143000
2160.773000
2161.386000
2162.000000
2162.630000
2163.243000
2163.873000
2164.487000
2165.100000
2165.730000
2166.344000
2166.974000
2167.587000
2168.201000
2168.831000
2169.444000
2170.074000
2170.687000
2171.301000
2171.931000
2172.544000
2173.174000
2173.788000
2174.401000
2182.326000
2182.956000
2183.569000
2184.183000
2184.813000
2185.426000
2186.040000
2186.670000
2187.283000
2187.913000
2188.527000
2189.140000
2189.770000
2190.384000
2191.014000
2191.627000
2192.240000
2192.870000
2193.484000
2194.114000
2194.727000
2195.341000
2195.971000
2196.584000
2197.214000
2197.828000
2198.441000
2199.071000
2199.684000
2200.314000
2200.928000
2201.541000
2202.171000
2202.785000
2203.415000
2204.028000
2204.642000
2205.272000
2205.885000
2206.515000
2207.129000
2207.742000
2208.372000
2208.985000
2209.615000
2210.229000
2210.842000
2211.472000
2212.086000
2212.716000
2213.329000
2213.943000
2214.573000
2215.186000
2215.816000
2216.429000
2217.043000
2217.673000
2218.286000
2218.900000
2219.530000
2220.143000
2220.773000
2221.387000
2222.000000
2222.630000
2223.243000
2223.873000
2224.487000
2225.100000
2225.730000
2226.344000
2226.974000
2227.587000
2228.201000
2228.831000
2229.444000
2230.074000
2230.688000
2231.301000
2231.931000
2232.544000
2233.174000
2233.788000
2234.401000
2242.326000
2242.940000
2243.570000
2244.183000
2244.813000
2245.426000
2246.040000
2246.670000
2247.283000
2247.913000
2248.527000
2249.140000
2249.770000
2250.384000
2251.014000
2251.627000
2252.241000
2252.871000
2253.484000
2254.114000
2254.727000
2255.341000
2255.971000
2256.584000
2257.214000
2257.828000
2258.441000
2259.071000
2259.685000
2260.315000
2260.928000
2261.541000
2262.171000
2262.785000
2263.415000
2264.028000
2264.642000
2265.272000
2265.885000
2266.515000
2267.129000
2267.742000
2268.372000
2268.986000
2269.616000
2270.229000
2270.842000
2271.472000
2272.086000
2272.716000
2273.329000
2273.943000
2274.573000
2275.186000
2275.800000
2276.430000
2277.043000
2277.673000
2278.286000
2278.900000
2279.530000
2280.143000
2280.773000
2281.387000
2282.000000
2282.630000
2283.244000
2283.874000
2284.487000
2285.100000
2285.730000
2286.344000
2286.974000
2287.587000
2288.201000
2288.831000
2289.444000
2290.074000
2290.688000
2291.301000
2291.931000
2292.545000
2293.175000
2293.788000
2294.401000
2302.326000
2302.940000
2303.553000
2304.183000
2304.797000
2305.427000
2306.040000
2306.653000
2307.283000
2307.897000
2308.527000
2309.140000
2309.754000
2310.384000
2310.997000
2311.627000
2312.241000
2312.854000
2313.484000
2314.098000
2314.728000
2315.341000
2315.954000
2316.584000
2317.198000
2317.828000
2318.441000
2319.055000
2319.685000
2320.298000
2320.912000
2321.542000
2322.155000
2322.785000
2323.398000
2324.012000
2324.642000
2325.255000
2325.885000
2326.499000
2327.112000
2327.742000
2328.356000
2328.986000
2329.599000
2330.212000
2330.843000
2331.456000
2332.086000
2332.699000
2333.313000
2333.943000
2334.556000
2335.186000
2335.800000
2336.413000
2337.043000
2337.657000
2338.287000
2338.900000
2339.513000
2340.143000
2340.757000
2341.387000
2342.000000
2342.614000
2343.244000
2343.857000
2344.487000
2345.101000
2345.714000
2346.344000
2346.957000
2347.588000
2348.201000
2348.814000
2349.444000
2350.058000
2350.688000
2351.301000
2351.915000
2352.545000
2353.158000
2353.772000
2354.402000
2362.326000
2362.940000
2363.553000
2364.183000
2364.797000
2365.427000
2366.040000
2366.654000
2367.284000
2367.897000
2368.527000
2369.140000
2369.754000
2370.384000
2370.997000
2371.627000
2372.241000
2372.854000
2373.484000
2374.098000
2374.728000
2375.341000
2375.955000
2376.585000
2377.198000
2377.828000
2378.441000
2379.055000
2379.685000
2380.298000
2380.912000
2381.542000
2382.155000
2382.785000
2383.399000
2384.012000
2384.642000
2385.255000
2385.885000
2386.499000
2387.112000
2387.742000
2388.356000
2388.986000
2389.599000
2390.213000
2390.843000
2391.456000
2392.086000
2392.700000
2393.313000
2393.943000
2394.556000
2395.186000
2395.800000
2396.413000
2397.043000
2397.657000
2398.287000
2398.900000
2399.514000
2400.144000
2400.757000
2401.387000
2402.000000
2402.614000
2403.244000
2403.857000
2404.487000
2405.101000
2405.714000
2406.344000
2406.958000
2407.588000
2408.201000
2408.815000
2409.445000
2410.058000
2410.688000
2411.301000
2411.915000
2412.545000
2413.158000
2413.772000
2414.402000
2422.327000
2422.940000
2423.553000
2424.183000
2424.797000
2425.427000
2426.040000
2426.654000
2427.284000
2427.897000
2428.527000
2429.141000
2429.754000
2430.384000
2430.998000
2431.628000
2432.241000
2432.854000
2433.484000
2434.098000
2434.728000
2435.341000
2435.955000
2436.585000
2437.198000
2437.812000
2438.442000
2439.055000
2439.685000
2440.298000
2440.912000
2441.542000
2442.155000
2442.785000
2443.399000
2444.012000
2444.642000
2445.256000
2445.886000
2446.499000
2447.112000
2447.742000
2448.356000
2448.986000
2449.599000
2450.213000
2450.843000
2451.456000
2452.086000
2452.700000
2453.313000
2453.943000
2454.557000
2455.187000
2455.800000
2456.413000
2457.043000
2457.657000
2458.287000
2458.900000
2459.514000
2460.144000
2460.757000
2461.387000
2462.001000
2462.614000
2463.244000
2463.857000
2464.487000
2465.101000
2465.714000
2466.344000
2466.958000
2467.588000
2468.201000
2468.815000
2469.445000
2470.058000
2470.672000
2471.302000
2471.915000
2472.545000
2473.158000
2473.772000
2474.402000
