1039.280000
1040.524000
1041.767000
1045.481000
1046.724000
1047.968000
1050.455000
1051.682000
1052.925000
1054.169000
1055.412000
1057.882000
1060.369000
1061.613000
1064.083000
1065.326000
1066.570000
1067.813000
1070.284000
1071.527000
1072.770000
1075.241000
1076.484000
1078.971000
1080.214000
1081.441000
1082.685000
1083.928000
1085.172000
1098.054000
1099.281000
1100.524000
1103.011000
1104.254000
1105.481000
1106.725000
1107.968000
1109.211000
1111.682000
1114.169000
1115.412000
1116.656000
1117.882000
1119.126000
1120.369000
1121.613000
1122.840000
1124.083000
1125.326000
1126.570000
1130.284000
1131.527000
1132.770000
1134.014000
1136.484000
1137.728000
1138.971000
1140.215000
1142.685000
1143.928000
1159.281000
1163.011000
1164.254000
1165.481000
1166.725000
1167.968000
1169.212000
1174.169000
1175.412000
1179.126000
1180.369000
1181.613000
1182.840000
1184.083000
1185.327000
1186.570000
1187.813000
1189.040000
1190.284000
1191.527000
1194.014000
1200.215000
1205.172000
1219.281000
1220.524000
1224.255000
1225.481000
1231.682000
1232.925000
1234.169000
1236.656000
1237.883000
1239.126000
1240.370000
1241.613000
1242.840000
1247.814000
1249.040000
1254.014000
1255.241000
1256.484000
1257.728000
1258.971000
1260.215000
1262.685000
1263.929000
1265.172000
1278.054000
1279.281000
1280.524000
1281.768000
1284.255000
1285.482000
1286.725000
1287.968000
1291.682000
1294.169000
1295.412000
1296.656000
1297.883000
1299.126000
1301.613000
1305.327000
1306.570000
1307.814000
1309.041000
1310.284000
1311.527000
1312.771000
1316.485000
1318.972000
1321.442000
1325.172000
1343.011000
1345.482000
1349.212000
1351.682000
1354.169000
1355.413000
1357.883000
1359.126000
1365.327000
1369.041000
1370.284000
1374.014000
1376.485000
1381.442000
1382.685000
1385.172000
1399.281000
1400.525000
1401.768000
1403.011000
1404.255000
1405.482000
1406.725000
1409.212000
1412.926000
1414.169000
1415.413000
1416.640000
1419.126000
1421.613000
1422.840000
1424.084000
1425.327000
1426.571000
1429.041000
1435.241000
1437.728000
1438.972000
1440.215000
1441.442000
1442.686000
1443.929000
1445.172000
1460.525000
1463.012000
1464.255000
1466.725000
1469.212000
1470.456000
1471.683000
1472.926000
1474.169000
1475.413000
1476.640000
1477.883000
1480.370000
1481.613000
1482.840000
1486.571000
1489.041000
1491.528000
1492.771000
1494.015000
1496.485000
1497.728000
1500.215000
1501.442000
1502.686000
1505.173000
1506.416000
1518.038000
1519.281000
1520.525000
1522.995000
1524.239000
1525.482000
1526.725000
1527.952000
1530.439000
1531.683000
1535.396000
1537.883000
1544.084000
1545.327000
1546.554000
1549.041000
1550.285000
1553.998000
1555.242000
1557.712000
1558.955000
1560.199000
1561.442000
1562.686000
1566.400000
1578.038000
1579.282000
1581.752000
1582.995000
1585.482000
1587.952000
1590.439000
1592.926000
1594.153000
1595.397000
1596.640000
1597.883000
1601.597000
1602.841000
1604.084000
1605.328000
1607.798000
1611.512000
1612.755000
1613.998000
1615.242000
1616.485000
1618.956000
1620.199000
1621.442000
1622.686000
1625.156000
1639.282000
1640.525000
1641.752000
1644.239000
1647.953000
1649.196000
1652.926000
1655.397000
1656.640000
1657.884000
1660.354000
1661.597000
1665.328000
1667.798000
1669.041000
1670.285000
1675.242000
1677.712000
1680.199000
1681.443000
1682.686000
1698.038000
1699.282000
1701.752000
1702.996000
1704.239000
1705.482000
1709.196000
1711.683000
1714.153000
1715.397000
1717.884000
1719.127000
1721.597000
1722.841000
1724.084000
1726.555000
1727.798000
1729.042000
1732.755000
1733.999000
1735.242000
1742.686000
1743.913000
1745.157000
