317.497000
319.967000
321.210000
323.681000
327.411000
337.325000
344.769000
354.684000
373.766000
374.993000
383.681000
401.039000
404.753000
405.996000
412.197000
413.440000
417.154000
430.036000
434.993000
442.437000
444.924000
448.638000
452.368000
453.595000
464.753000
474.684000
477.154000
507.395000
509.882000
512.369000
521.039000
523.526000
525.997000
534.684000
552.523000
555.010000
573.612000
577.326000
597.171000
598.415000
618.724000
619.968000
623.681000
627.412000
632.369000
634.856000
637.326000
649.727000
674.994000
687.395000
693.596000
698.553000
734.994000
739.968000
741.195000
746.168000
752.353000
764.754000
773.441000
792.524000
796.238000
801.195000
804.925000
808.639000
811.126000
817.326000
822.284000
825.997000
830.955000
835.928000
852.524000
861.195000
862.438000
867.396000
890.955000
895.928000
910.037000
911.281000
916.238000
917.481000
921.195000
929.883000
931.126000
934.840000
937.327000
938.554000
941.040000
948.484000
952.198000
954.685000
970.037000
972.524000
977.481000
982.439000
989.883000
992.353000
993.597000
996.083000
1004.754000
1008.485000
1009.728000
1010.955000
1015.929000
