1767.912000
1769.156000
1770.383000
1771.626000
1774.113000
1775.340000
1776.583000
1777.827000
1779.070000
1780.313000
1781.540000
1782.784000
1784.027000
1785.271000
1786.514000
1787.741000
1788.984000
1790.228000
1791.471000
1792.715000
1793.942000
1795.185000
1796.428000
1797.672000
1798.915000
1800.142000
1801.386000
1802.629000
1803.873000
1805.116000
1806.343000
1807.586000
1808.830000
1810.073000
1813.787000
1825.426000
1826.669000
1827.912000
1829.156000
1830.383000
1831.626000
1832.870000
1834.113000
1835.340000
1836.583000
1839.070000
1840.314000
1841.541000
1842.784000
1844.027000
1845.271000
1846.514000
1847.741000
1848.985000
1850.228000
1851.471000
1852.715000
1853.942000
1855.185000
1856.429000
1857.672000
1860.142000
1861.386000
1862.629000
1863.873000
1865.100000
1866.343000
1867.586000
1868.830000
1870.073000
1872.544000
1885.426000
1886.669000
1887.913000
1889.156000
1890.383000
1891.626000
1892.870000
1894.113000
1895.340000
1896.583000
1897.827000
1899.070000
1900.314000
1901.541000
1902.784000
1905.271000
1906.514000
1907.741000
1908.985000
1910.228000
1911.472000
1912.715000
1913.942000
1915.185000
1916.429000
1917.672000
1920.142000
1921.386000
1922.629000
1923.873000
1925.100000
1926.343000
1927.587000
1930.073000
1931.300000
1932.544000
1945.426000
1946.669000
1947.913000
1950.383000
1951.626000
1952.870000
1954.113000
1955.340000
1956.584000
1957.827000
1959.070000
1960.314000
1962.784000
1964.028000
1965.271000
1966.515000
1967.741000
1968.985000
1970.228000
1971.472000
1975.185000
1978.916000
1980.143000
1983.873000
1985.100000
1986.343000
1987.587000
1988.830000
1990.074000
1991.300000
1992.544000
1993.787000
2005.426000
2006.653000
2007.896000
2010.383000
2011.627000
2012.853000
2014.097000
2015.340000
2016.584000
2017.827000
2019.054000
2020.297000
2021.541000
2022.784000
2024.028000
2025.255000
2026.498000
2027.742000
2028.985000
2030.212000
2031.455000
2032.699000
2033.942000
2035.186000
2036.412000
2037.656000
2038.899000
2040.143000
2041.386000
2045.100000
2046.343000
2047.587000
2048.814000
2052.544000
2053.787000
2065.426000
2066.670000
2067.913000
2069.140000
2070.383000
2071.627000
2072.870000
2074.114000
2075.340000
2076.584000
2077.827000
2079.071000
2080.314000
2081.541000
2082.784000
2084.028000
2085.271000
2086.515000
2088.985000
2090.229000
2091.472000
2092.715000
2093.942000
2095.186000
2097.673000
2098.916000
2100.143000
2101.386000
2102.630000
2103.873000
2105.100000
2106.344000
2107.587000
2108.830000
2110.074000
2111.301000
2112.544000
2113.788000
2125.426000
2127.913000
2129.140000
2131.627000
2132.870000
2134.114000
2135.341000
2136.584000
2137.827000
2139.071000
2140.314000
2141.541000
2142.785000
2144.028000
2145.271000
2146.515000
2147.742000
2148.985000
2150.229000
2152.716000
2153.942000
2155.186000
2156.429000
2157.673000
2160.143000
2161.386000
2162.630000
2163.873000
2165.100000
2166.344000
2170.074000
2171.301000
2172.544000
2173.788000
2185.426000
2186.670000
2187.913000
2189.140000
2190.384000
2191.627000
2192.870000
2194.114000
2195.341000
2196.584000
2197.828000
2199.071000
2200.314000
2201.541000
2202.785000
2204.028000
2205.272000
2206.515000
2207.742000
2208.985000
2210.229000
2211.472000
2212.716000
2213.943000
2215.186000
2216.429000
2218.900000
2220.143000
2221.387000
2222.630000
2223.873000
2225.100000
2226.344000
2227.587000
2228.831000
2230.074000
2231.301000
2232.544000
2233.788000
2245.426000
2246.670000
2247.913000
2249.140000
2251.627000
2255.341000
2256.584000
2257.828000
2259.071000
2260.315000
2261.541000
2262.785000
2264.028000
2267.742000
2268.986000
2270.229000
2271.472000
2273.943000
2275.186000
2276.430000
2277.673000
2282.630000
2283.874000
2285.100000
2286.344000
2287.587000
2288.831000
2290.074000
2291.301000
2292.545000
2293.788000
2305.427000
2306.653000
2307.897000
2309.140000
2310.384000
2312.854000
2314.098000
2315.341000
2316.584000
2317.828000
2319.055000
2320.298000
2321.542000
2322.785000
2324.012000
2325.255000
2326.499000
2327.742000
2328.986000
2330.212000
2331.456000
2332.699000
2333.943000
2335.186000
2338.900000
2340.143000
2341.387000
2342.614000
2343.857000
2345.101000
2346.344000
2347.588000
2348.814000
2350.058000
2351.301000
2352.545000
2365.427000
2366.654000
2367.897000
2369.140000
2370.384000
2371.627000
2372.854000
2374.098000
2375.341000
2376.585000
2377.828000
2379.055000
2380.298000
2381.542000
2382.785000
2384.012000
2385.255000
2386.499000
2387.742000
2388.986000
2390.213000
2391.456000
2392.700000
2393.943000
2395.186000
2396.413000
2397.657000
2398.900000
2400.144000
2401.387000
2402.614000
2403.857000
2405.101000
2406.344000
2407.588000
2408.815000
2410.058000
2411.301000
2412.545000
2413.772000
2425.427000
2426.654000
2427.897000
2429.141000
2430.384000
2432.854000
2434.098000
2435.341000
2436.585000
2437.812000
2439.055000
2440.298000
2442.785000
2444.012000
2445.256000
2446.499000
2448.986000
2450.213000
2451.456000
2452.700000
2453.943000
2455.187000
2456.413000
2457.657000
2458.900000
2460.144000
2461.387000
2462.614000
2463.857000
2468.815000
2470.058000
2473.772000
