1043.011000
1044.254000
1049.211000
1056.655000
1059.126000
1069.040000
1074.014000
1101.767000
1110.455000
1112.925000
1127.813000
1129.040000
1135.241000
1141.441000
1145.172000
1146.415000
1158.054000
1160.524000
1161.768000
1171.682000
1195.241000
1198.971000
1202.685000
1218.054000
1221.768000
1226.725000
1229.212000
1230.455000
1235.412000
1245.327000
1250.284000
1251.527000
1252.771000
1283.011000
1289.212000
1290.455000
1292.926000
1300.370000
1302.840000
1304.083000
1314.014000
1315.241000
1326.416000
1339.281000
1340.524000
1341.768000
1344.255000
1347.969000
1356.656000
1360.370000
1361.613000
1362.840000
1364.084000
1366.570000
1367.814000
1371.528000
1372.771000
1375.241000
1378.972000
1386.416000
1410.456000
1411.682000
1417.883000
1420.370000
1430.284000
1431.528000
1432.771000
1436.485000
1461.768000
1465.482000
1467.969000
1484.084000
1485.327000
1487.814000
1490.284000
1495.242000
1503.929000
1521.752000
1529.196000
1532.926000
1534.153000
1536.640000
1540.354000
1541.597000
1542.840000
1547.798000
1551.528000
1552.755000
1556.485000
1563.913000
1565.156000
1580.525000
1584.239000
1586.726000
1589.196000
1599.127000
1600.354000
1606.554000
1609.041000
1610.285000
1617.712000
1626.400000
1638.038000
1642.995000
1645.482000
1650.440000
1651.683000
1659.127000
1662.841000
1671.512000
1673.999000
1676.485000
1678.956000
1683.913000
1685.156000
1700.525000
1706.726000
1707.953000
1710.440000
1712.927000
1716.640000
1725.328000
1730.285000
1731.512000
1736.486000
1746.400000
