1767.282000
1769.769000
1771.013000
1772.256000
1774.726000
1775.970000
1778.440000
1779.684000
1782.170000
1783.414000
1784.641000
1787.128000
1788.371000
1789.614000
1795.815000
1797.042000
1799.529000
1800.772000
1803.243000
1806.973000
1809.443000
1813.173000
1814.400000
1827.282000
1828.526000
1829.769000
1831.013000
1833.483000
1838.440000
1839.684000
1842.170000
1843.414000
1845.884000
1847.128000
1848.371000
1850.841000
1854.572000
1855.815000
1857.042000
1858.286000
1860.772000
1862.016000
1863.243000
1864.486000
1865.730000
1866.973000
1868.200000
1870.687000
1871.930000
1873.174000
1888.526000
1889.769000
1891.013000
1893.483000
1894.727000
1895.970000
1897.213000
1899.684000
1900.927000
1903.414000
1909.615000
1910.842000
1913.328000
1914.572000
1915.815000
1917.042000
1918.286000
1919.529000
1920.773000
1923.243000
1924.486000
1926.973000
1929.443000
1930.687000
1931.930000
1934.401000
1946.056000
1947.283000
1948.526000
1949.770000
1951.013000
1952.240000
1954.727000
1955.970000
1959.684000
1962.171000
1963.414000
1964.641000
1965.885000
1967.128000
1968.371000
1973.329000
1975.815000
1978.286000
1979.529000
1980.773000
1982.000000
1983.243000
1984.486000
1986.973000
1990.687000
1991.930000
1993.174000
1994.401000
2008.526000
2009.753000
2012.240000
2013.483000
2015.954000
2017.197000
2018.441000
2019.684000
2020.927000
2022.154000
2023.398000
2024.641000
2028.355000
2029.598000
2034.556000
2037.042000
2038.286000
2039.513000
2040.756000
2044.487000
2045.713000
2046.957000
2048.200000
2049.444000
2054.401000
2066.040000
2067.283000
2069.770000
2071.013000
2072.240000
2073.484000
2074.727000
2077.214000
2078.441000
2079.684000
2080.928000
2083.414000
2084.641000
2085.885000
2087.128000
2088.372000
2090.842000
2093.329000
2094.572000
2095.816000
2098.286000
2099.529000
2100.773000
2103.243000
2104.487000
2105.730000
2106.974000
2108.200000
2109.444000
2110.687000
2111.931000
2113.174000
2114.401000
2126.040000
2128.526000
2131.013000
2132.240000
2137.214000
2138.441000
2139.684000
2142.171000
2143.415000
2144.641000
2145.885000
2147.128000
2148.372000
2149.615000
2150.842000
2153.329000
2154.572000
2155.799000
2157.043000
2160.773000
2162.000000
2166.974000
2169.444000
2170.687000
2171.931000
2174.401000
2186.040000
2188.527000
2189.770000
2191.014000
2192.240000
2193.484000
2194.727000
2197.214000
2198.441000
2199.684000
2200.928000
2204.642000
2205.885000
2207.129000
2208.372000
2210.842000
2212.086000
2213.329000
2218.286000
2219.530000
2220.773000
2223.243000
2224.487000
2225.730000
2226.974000
2230.688000
2231.931000
2234.401000
2246.040000
2247.283000
2252.241000
2254.727000
2255.971000
2257.214000
2259.685000
2260.928000
2262.171000
2264.642000
2269.616000
2272.086000
2274.573000
2277.043000
2283.244000
2284.487000
2285.730000
2288.201000
2293.175000
2294.401000
2307.283000
2308.527000
2310.997000
2312.241000
2313.484000
2318.441000
2319.685000
2320.912000
2322.155000
2323.398000
2328.356000
2329.599000
2330.843000
2332.086000
2333.313000
2334.556000
2335.800000
2339.513000
2340.757000
2342.000000
2343.244000
2344.487000
2345.714000
2346.957000
2348.201000
2349.444000
2351.915000
2353.158000
2366.040000
2368.527000
2370.997000
2373.484000
2374.728000
2375.955000
2377.198000
2379.685000
2380.912000
2382.155000
2383.399000
2385.885000
2388.356000
2390.843000
2392.086000
2393.313000
2397.043000
2398.287000
2399.514000
2402.000000
2406.958000
2408.201000
2409.445000
2410.688000
2413.158000
2414.402000
2427.284000
2430.998000
2433.484000
2434.728000
2435.955000
2437.198000
2438.442000
2439.685000
2440.912000
2442.155000
2443.399000
2445.886000
2447.112000
2450.843000
2454.557000
2455.800000
2458.287000
2459.514000
2460.757000
2462.001000
2463.244000
2464.487000
2468.201000
2473.158000
2474.402000
