10.052000
10.665000
11.295000
11.909000
12.522000
13.152000
13.766000
14.396000
15.009000
15.623000
16.253000
16.866000
17.496000
18.109000
18.723000
19.353000
19.966000
20.596000
21.210000
21.823000
23.067000
23.697000
24.310000
24.923000
25.553000
26.167000
26.797000
27.410000
28.024000
28.654000
29.267000
29.881000
30.511000
31.124000
31.754000
32.367000
32.981000
33.611000
34.224000
34.854000
35.468000
36.081000
36.711000
37.325000
37.955000
39.182000
39.812000
40.425000
41.055000
41.668000
42.282000
43.525000
44.155000
44.769000
46.626000
47.256000
47.869000
48.482000
49.112000
49.726000
50.356000
50.969000
52.213000
52.826000
54.070000
54.683000
55.313000
55.927000
56.557000
57.170000
57.783000
58.413000
69.422000
70.052000
70.665000
71.295000
71.909000
72.522000
73.152000
73.766000
74.396000
75.009000
75.623000
76.253000
76.866000
77.480000
78.109000
78.723000
79.353000
79.966000
80.580000
81.210000
81.823000
82.453000
83.067000
83.680000
84.310000
84.924000
85.554000
86.167000
86.780000
88.024000
88.654000
89.267000
89.881000
90.511000
91.124000
92.368000
92.981000
93.611000
94.224000
94.855000
95.468000
96.081000
96.711000
97.325000
98.568000
99.182000
99.812000
100.425000
101.055000
101.669000
102.282000
102.912000
103.525000
104.155000
104.769000
106.012000
106.626000
107.256000
107.869000
108.483000
109.113000
109.726000
110.356000
112.213000
112.826000
113.440000
114.070000
114.683000
115.313000
115.927000
116.540000
117.170000
117.784000
118.414000
129.422000
130.052000
130.666000
131.296000
131.909000
132.522000
133.152000
133.766000
134.396000
135.009000
135.623000
136.253000
136.866000
137.496000
138.110000
138.723000
139.353000
139.967000
140.597000
141.210000
141.823000
143.697000
144.310000
144.924000
145.554000
146.167000
146.781000
147.411000
148.024000
148.654000
149.267000
149.881000
150.511000
151.124000
151.754000
152.368000
152.981000
153.611000
154.225000
154.855000
155.468000
156.712000
157.325000
157.955000
158.568000
159.182000
159.812000
160.425000
161.055000
161.669000
162.282000
162.912000
163.526000
164.156000
164.769000
165.382000
166.012000
167.256000
167.869000
168.483000
169.113000
169.726000
170.356000
170.970000
171.583000
172.213000
172.827000
173.456000
174.070000
174.683000
175.313000
175.927000
176.557000
177.170000
177.784000
178.414000
189.422000
190.052000
190.666000
191.296000
191.909000
193.153000
193.766000
194.396000
195.009000
195.623000
196.253000
197.496000
198.110000
198.723000
199.353000
199.967000
200.597000
201.210000
201.824000
202.454000
203.067000
203.697000
204.310000
204.924000
205.554000
206.167000
207.411000
208.024000
208.654000
209.268000
209.881000
210.511000
211.124000
211.754000
212.368000
212.981000
213.611000
214.225000
214.855000
215.468000
216.082000
216.712000
218.569000
219.182000
219.812000
221.055000
221.669000
222.282000
222.912000
223.526000
224.156000
224.769000
225.383000
226.013000
226.626000
227.256000
227.869000
228.483000
229.113000
229.726000
230.356000
230.970000
231.583000
232.827000
233.457000
234.070000
235.314000
235.927000
236.557000
237.170000
237.784000
238.414000
249.422000
250.052000
250.666000
251.296000
251.909000
252.523000
253.153000
253.766000
254.396000
255.623000
257.496000
258.110000
259.353000
259.967000
261.210000
261.824000
262.454000
263.067000
263.681000
264.311000
264.924000
265.554000
266.167000
266.781000
267.411000
268.024000
269.268000
269.881000
270.511000
271.125000
271.755000
272.981000
273.611000
274.225000
274.855000
275.468000
276.082000
276.712000
277.325000
277.955000
278.569000
279.182000
279.812000
280.426000
281.669000
282.282000
283.526000
284.156000
285.383000
286.013000
287.256000
287.870000
288.483000
289.113000
289.726000
290.356000
290.970000
291.583000
292.213000
292.827000
293.457000
294.070000
294.684000
295.927000
296.540000
297.171000
297.784000
298.414000
