1038.667000
1039.280000
1040.524000
1041.154000
1041.767000
1042.381000
1043.011000
1043.624000
1044.254000
1044.868000
1045.481000
1046.111000
1046.724000
1047.354000
1047.968000
1048.581000
1049.211000
1049.825000
1050.455000
1051.068000
1051.682000
1052.312000
1052.925000
1053.555000
1054.169000
1054.782000
1055.412000
1056.025000
1056.655000
1057.269000
1057.882000
1058.512000
1059.126000
1059.756000
1060.369000
1060.983000
1061.613000
1062.226000
1063.469000
1064.083000
1064.713000
1065.326000
1065.940000
1066.570000
1067.183000
1067.813000
1068.427000
1069.040000
1069.670000
1070.284000
1070.913000
1071.527000
1072.140000
1072.770000
1073.384000
1074.014000
1074.627000
1075.241000
1075.871000
1076.484000
1077.114000
1078.341000
1078.971000
1079.584000
1080.214000
1080.828000
1081.441000
1082.071000
1082.685000
1083.315000
1083.928000
1084.542000
1085.172000
1085.785000
1097.424000
1098.054000
1098.667000
1099.281000
1099.911000
1100.524000
1101.767000
1102.381000
1103.011000
1103.624000
1104.254000
1104.868000
1105.481000
1106.111000
1106.725000
1107.355000
1107.968000
1108.581000
1109.211000
1109.825000
1110.455000
1111.682000
1112.312000
1112.925000
1114.169000
1115.412000
1116.026000
1116.656000
1117.269000
1117.882000
1118.512000
1119.126000
1120.369000
1120.983000
1121.613000
1122.226000
1122.840000
1123.470000
1124.083000
1124.713000
1125.326000
1125.940000
1126.570000
1127.183000
1127.813000
1129.040000
1129.670000
1130.284000
1130.914000
1131.527000
1132.770000
1133.384000
1134.014000
1134.627000
1135.241000
1135.871000
1136.484000
1137.114000
1137.728000
1138.341000
1138.971000
1139.585000
1140.215000
1140.828000
1141.441000
1142.071000
1142.685000
1143.315000
1143.928000
1144.542000
1145.172000
1145.785000
1146.415000
1157.424000
1158.054000
1158.667000
1159.281000
1159.911000
1160.524000
1161.154000
1161.768000
1162.381000
1163.011000
1163.624000
1164.254000
1164.868000
1165.481000
1166.111000
1166.725000
1167.355000
1167.968000
1168.582000
1169.212000
1169.825000
1171.068000
1171.682000
1172.312000
1173.555000
1174.169000
1174.782000
1175.412000
1176.026000
1177.269000
1178.512000
1179.126000
1179.756000
1180.369000
1181.613000
1182.226000
1182.840000
1183.470000
1184.083000
1184.713000
1185.327000
1185.940000
1186.570000
1187.183000
1187.813000
1188.427000
1189.040000
1189.670000
1190.284000
1190.914000
1191.527000
1192.141000
1193.384000
1194.014000
1194.627000
1195.241000
1195.871000
1197.114000
1198.971000
1199.585000
1200.215000
1200.828000
1202.072000
1202.685000
1204.542000
1205.172000
1205.785000
1217.424000
1218.054000
1218.667000
1219.281000
1219.911000
1220.524000
1221.154000
1221.768000
1222.381000
1223.625000
1224.255000
1224.868000
1225.481000
1226.111000
1226.725000
1227.355000
1228.582000
1229.212000
1229.825000
1230.455000
1231.069000
1231.682000
1232.312000
1232.925000
1233.555000
1234.169000
1234.782000
1235.412000
1236.026000
1236.656000
1237.269000
1237.883000
1238.513000
1239.126000
1239.740000
1240.370000
1240.983000
1241.613000
1242.840000
1243.470000
1244.713000
1245.327000
1245.940000
1247.814000
1248.427000
1249.040000
1249.670000
1250.284000
1250.914000
1251.527000
1252.141000
1252.771000
1253.384000
1254.014000
1254.628000
1255.241000
1255.871000
1256.484000
1257.115000
1257.728000
1258.341000
1258.971000
1259.585000
1260.215000
1260.828000
1262.072000
1262.685000
1263.315000
1263.929000
1264.542000
1265.172000
1265.785000
1277.424000
1278.054000
1279.281000
1279.911000
1280.524000
1281.154000
1281.768000
1282.381000
1283.011000
1283.625000
1284.255000
1284.868000
1285.482000
1286.112000
1286.725000
1287.355000
1287.968000
1288.582000
1289.212000
1289.825000
1290.455000
1291.069000
1291.682000
1292.312000
1292.926000
1293.556000
1294.169000
1294.782000
1295.412000
1296.026000
1296.656000
1297.269000
1297.883000
1299.126000
1299.740000
1300.370000
1300.983000
1301.613000
1302.227000
1302.840000
1303.470000
1304.083000
1304.713000
1305.327000
1305.940000
1306.570000
1307.184000
1307.814000
1308.427000
1309.041000
1309.671000
1310.284000
1310.914000
1311.527000
1312.141000
1312.771000
1313.384000
1314.014000
1314.628000
1315.241000
1315.871000
1316.485000
1317.115000
1318.972000
1319.585000
1320.828000
1321.442000
1322.072000
1324.542000
1325.172000
1325.786000
1326.416000
1337.424000
1338.668000
1339.281000
1339.911000
1340.524000
1341.154000
1341.768000
1342.381000
1343.011000
1343.625000
1344.255000
1344.868000
1345.482000
1346.112000
1347.355000
1347.969000
1348.582000
1349.212000
1349.825000
1351.069000
1351.682000
1352.312000
1353.556000
1354.169000
1354.783000
1355.413000
1356.026000
1356.656000
1357.269000
1357.883000
1358.513000
1359.126000
1359.740000
1360.370000
1360.983000
1361.613000
1362.227000
1362.840000
1363.470000
1364.084000
1365.327000
1365.940000
1366.570000
1367.184000
1367.814000
1368.427000
1369.041000
1370.284000
1370.914000
1371.528000
1372.141000
1372.771000
1373.384000
1374.014000
1374.628000
1375.241000
1375.871000
1376.485000
1377.115000
1378.342000
1378.972000
1379.585000
1380.829000
1381.442000
1382.072000
1382.685000
1384.542000
1385.172000
1385.786000
1386.416000
1397.424000
1398.668000
1399.281000
1400.525000
1401.155000
1401.768000
1402.381000
1403.011000
1403.625000
1404.255000
1404.868000
1405.482000
1406.112000
1406.725000
1407.355000
1408.582000
1409.212000
1409.826000
1410.456000
1411.069000
1411.682000
1412.312000
1412.926000
1413.556000
1414.169000
1414.783000
1415.413000
1416.026000
1416.640000
1417.270000
1417.883000
1418.513000
1419.126000
1419.740000
1420.370000
1420.983000
1421.613000
1422.227000
1422.840000
1423.470000
1424.084000
1424.714000
1425.327000
1425.941000
1426.571000
1428.427000
1429.041000
1430.284000
1430.914000
1431.528000
1432.141000
1432.771000
1433.385000
1435.241000
1435.871000
1436.485000
1437.115000
1437.728000
1438.342000
1438.972000
1439.585000
1440.215000
1440.829000
1441.442000
1442.072000
1442.686000
1443.316000
1443.929000
1444.542000
1445.172000
1445.786000
1457.424000
1458.668000
1460.525000
1461.155000
1461.768000
1462.382000
1463.012000
1463.625000
1464.255000
1465.482000
1466.112000
1466.725000
1467.355000
1467.969000
1468.582000
1469.212000
1469.826000
1470.456000
1471.069000
1471.683000
1472.313000
1472.926000
1473.556000
1474.169000
1474.783000
1475.413000
1476.026000
1476.640000
1477.270000
1477.883000
1478.513000
1479.740000
1480.370000
1480.983000
1481.613000
1482.227000
1482.840000
1483.470000
1484.084000
1484.714000
1485.327000
1485.941000
1486.571000
1487.184000
1487.814000
1488.428000
1489.041000
1489.671000
1490.284000
1490.914000
1491.528000
1492.141000
1492.771000
1493.385000
1494.015000
1494.628000
1495.242000
1495.872000
1496.485000
1497.115000
1497.728000
1498.342000
1499.585000
1500.215000
1500.829000
1501.442000
1502.072000
1502.686000
1503.316000
1503.929000
1504.543000
1505.173000
1505.786000
1506.416000
1517.425000
1518.038000
1518.668000
1519.281000
1519.895000
1520.525000
1521.138000
1521.752000
1522.382000
1522.995000
1523.625000
1524.239000
1524.852000
1525.482000
1526.095000
1526.725000
1527.339000
1527.952000
1528.582000
1529.196000
1529.826000
1530.439000
1531.053000
1531.683000
1532.296000
1532.926000
1533.540000
1534.153000
1534.783000
1535.396000
1536.026000
1536.640000
1537.253000
1537.883000
1538.497000
1539.740000
1540.354000
1540.984000
1541.597000
1542.227000
1542.840000
1543.454000
1544.084000
1544.697000
1545.327000
1545.941000
1546.554000
1547.184000
1547.798000
1548.428000
1549.041000
1549.655000
1550.285000
1550.898000
1551.528000
1552.141000
1552.755000
1553.385000
1553.998000
1554.612000
1555.242000
1555.855000
1556.485000
1557.099000
1557.712000
1558.342000
1558.955000
1559.585000
1560.199000
1560.812000
1561.442000
1562.056000
1562.686000
1563.299000
1563.913000
1564.543000
1565.156000
1565.786000
1566.400000
1577.425000
1578.038000
1578.652000
1579.282000
1579.895000
1580.525000
1581.138000
1581.752000
1582.382000
1582.995000
1583.625000
1584.239000
1584.852000
1585.482000
1586.726000
1587.339000
1587.952000
1588.583000
1589.196000
1589.826000
1590.439000
1591.053000
1592.296000
1592.926000
1593.540000
1594.153000
1594.783000
1595.397000
1596.027000
1596.640000
1597.253000
1597.883000
1598.497000
1599.127000
1599.740000
1600.354000
1600.984000
1601.597000
1602.227000
1602.841000
1603.454000
1604.084000
1604.697000
1605.328000
1605.941000
1606.554000
1607.184000
1607.798000
1608.428000
1609.041000
1609.655000
1610.285000
1610.898000
1611.512000
1612.142000
1612.755000
1613.385000
1613.998000
1614.612000
1615.242000
1615.855000
1616.485000
1617.099000
1617.712000
1618.342000
1618.956000
1619.586000
1620.199000
1620.812000
1621.442000
1622.056000
1622.686000
1623.299000
1625.156000
1625.786000
1626.400000
1637.425000
1638.038000
1638.652000
1639.282000
1639.895000
1640.525000
1641.139000
1641.752000
1642.382000
1642.995000
1643.625000
1644.239000
1644.852000
1645.482000
1646.096000
1647.953000
1648.583000
1649.196000
1649.826000
1650.440000
1651.683000
1652.296000
1652.926000
1654.783000
1655.397000
1656.027000
1656.640000
1657.254000
1657.884000
1658.497000
1659.127000
1659.740000
1660.354000
1660.984000
1661.597000
1662.227000
1662.841000
1663.454000
1664.698000
1665.328000
1665.941000
1667.184000
1667.798000
1668.428000
1669.041000
1670.285000
1670.898000
1671.512000
1672.142000
1673.999000
1674.612000
1675.242000
1675.855000
1676.485000
1677.099000
1677.712000
1678.342000
1678.956000
1679.586000
1680.199000
1680.813000
1681.443000
1682.056000
1682.686000
1683.299000
1683.913000
1684.543000
1685.156000
1685.786000
1697.425000
1698.038000
1698.652000
1699.282000
1699.895000
1700.525000
1701.139000
1701.752000
1702.382000
1702.996000
1703.626000
1704.239000
1704.852000
1705.482000
1706.096000
1706.726000
1707.339000
1707.953000
1708.583000
1709.196000
1709.826000
1710.440000
1711.053000
1711.683000
1712.297000
1712.927000
1714.153000
1715.397000
1716.027000
1716.640000
1717.254000
1717.884000
1718.497000
1719.127000
1719.741000
1720.984000
1721.597000
1722.227000
1722.841000
1723.454000
1724.084000
1724.698000
1725.328000
1725.941000
1726.555000
1727.185000
1727.798000
1728.412000
1729.042000
1729.655000
1730.285000
1730.898000
1731.512000
1732.142000
1732.755000
1733.385000
1733.999000
1734.612000
1735.242000
1735.856000
1736.486000
1737.099000
1742.056000
1742.686000
1743.300000
1743.913000
1744.543000
1745.157000
1746.400000
