311.296000
312.523000
313.766000
315.010000
316.253000
318.723000
322.454000
324.924000
326.168000
329.881000
331.125000
332.368000
333.612000
334.855000
336.082000
338.569000
339.812000
341.056000
342.283000
343.526000
346.013000
350.970000
352.213000
353.457000
355.927000
357.171000
358.414000
370.036000
371.280000
376.237000
377.480000
378.724000
379.967000
382.437000
384.924000
386.168000
387.395000
388.638000
389.881000
391.125000
392.368000
393.595000
396.082000
397.325000
398.569000
402.283000
403.526000
407.240000
409.727000
410.954000
414.684000
415.927000
418.398000
431.280000
432.523000
433.767000
436.237000
437.480000
438.724000
439.967000
441.194000
443.681000
446.168000
447.395000
449.882000
451.125000
454.839000
456.082000
457.326000
459.796000
461.039000
462.283000
463.526000
465.997000
468.483000
469.727000
470.954000
478.398000
490.036000
491.280000
492.523000
493.767000
494.994000
496.237000
497.480000
499.967000
501.194000
502.438000
503.681000
504.925000
506.168000
508.638000
511.125000
513.595000
514.839000
517.326000
519.796000
522.283000
524.753000
527.240000
530.954000
533.441000
535.928000
551.297000
553.767000
556.254000
557.481000
558.724000
559.967000
562.454000
563.681000
564.925000
566.168000
567.412000
569.882000
571.125000
572.369000
574.856000
576.082000
578.569000
579.813000
581.056000
582.283000
583.527000
584.770000
586.013000
587.257000
588.484000
589.727000
590.971000
592.214000
593.441000
594.684000
595.928000
611.297000
612.524000
613.767000
615.010000
616.254000
617.481000
622.454000
624.925000
626.168000
628.655000
629.882000
631.125000
633.612000
636.083000
638.569000
639.813000
641.056000
642.283000
643.527000
644.770000
646.013000
647.257000
648.484000
652.214000
654.684000
657.171000
658.415000
670.037000
671.280000
672.524000
676.237000
677.481000
678.724000
679.968000
681.195000
682.438000
683.681000
684.925000
688.639000
689.882000
691.126000
692.369000
694.839000
696.083000
699.796000
701.040000
702.283000
703.527000
704.754000
707.240000
708.484000
709.727000
710.954000
712.198000
714.685000
715.928000
717.155000
718.398000
730.037000
732.524000
733.767000
736.238000
737.481000
738.724000
742.438000
743.682000
744.925000
747.395000
748.639000
749.882000
751.126000
753.596000
756.083000
757.326000
758.553000
759.797000
761.040000
762.283000
763.527000
765.997000
767.241000
768.484000
769.728000
772.198000
774.685000
775.928000
777.155000
778.398000
790.037000
791.280000
793.767000
794.994000
797.481000
798.725000
802.438000
803.682000
806.169000
807.395000
809.882000
812.353000
813.596000
814.840000
816.083000
818.553000
819.797000
821.040000
823.527000
824.754000
827.241000
828.484000
829.728000
832.198000
834.685000
837.155000
838.399000
850.037000
851.281000
853.767000
854.994000
856.238000
857.481000
858.725000
859.968000
863.682000
864.925000
866.169000
868.639000
869.882000
871.126000
872.353000
874.840000
876.083000
877.327000
878.553000
881.040000
882.284000
883.527000
884.754000
885.997000
887.241000
888.484000
889.728000
892.198000
893.442000
894.685000
897.155000
912.524000
913.768000
914.994000
918.725000
919.968000
922.439000
923.682000
924.925000
926.169000
928.639000
932.353000
936.083000
939.797000
942.284000
943.527000
944.754000
945.998000
947.241000
949.728000
950.955000
953.442000
955.929000
957.155000
958.399000
971.281000
973.768000
976.238000
978.725000
979.968000
981.195000
983.682000
986.169000
987.396000
988.639000
991.126000
994.840000
997.327000
998.554000
999.797000
1001.041000
1002.284000
1003.527000
1005.998000
1007.241000
1012.198000
1013.442000
1014.685000
1017.156000
1018.399000
