310.666000
313.153000
314.396000
315.623000
316.867000
318.110000
319.353000
320.597000
321.824000
323.067000
324.311000
325.554000
328.024000
329.268000
330.511000
331.755000
332.982000
334.225000
335.468000
336.712000
337.955000
339.182000
340.426000
341.669000
342.913000
344.156000
345.383000
346.626000
349.113000
350.357000
351.583000
352.827000
354.070000
355.314000
356.541000
357.784000
369.423000
370.666000
371.893000
373.136000
374.380000
375.623000
376.867000
378.094000
379.337000
380.580000
381.824000
383.067000
384.294000
385.538000
386.781000
388.025000
389.268000
390.495000
391.738000
392.982000
394.225000
395.469000
396.695000
399.182000
400.426000
401.653000
404.140000
405.383000
406.626000
407.853000
409.097000
410.340000
411.584000
412.827000
414.054000
417.784000
429.423000
431.893000
433.137000
434.380000
435.623000
436.867000
438.094000
439.337000
440.581000
443.067000
444.294000
445.538000
446.781000
448.025000
449.268000
450.495000
451.738000
452.982000
454.225000
455.469000
457.939000
460.426000
461.653000
462.896000
464.140000
465.383000
469.097000
470.340000
474.054000
476.541000
477.784000
489.423000
490.666000
491.893000
494.380000
498.094000
499.337000
500.581000
501.824000
503.068000
504.294000
505.538000
508.025000
509.268000
510.495000
511.739000
512.982000
514.225000
516.696000
517.939000
520.426000
521.653000
522.896000
524.140000
525.383000
526.627000
529.097000
531.584000
532.827000
534.054000
535.298000
549.423000
551.910000
553.153000
554.397000
555.624000
556.867000
558.111000
559.354000
560.581000
561.824000
563.068000
564.311000
565.555000
566.781000
568.025000
570.512000
571.755000
572.982000
574.226000
575.469000
576.712000
577.956000
579.183000
580.426000
581.670000
582.913000
584.157000
585.383000
586.627000
587.870000
589.114000
590.341000
591.584000
592.827000
594.071000
595.314000
596.541000
597.785000
609.423000
610.667000
611.910000
613.154000
614.397000
615.624000
616.867000
619.354000
620.581000
621.824000
623.068000
624.311000
625.555000
626.782000
628.025000
629.269000
630.512000
631.755000
632.982000
634.226000
635.469000
636.713000
637.956000
639.183000
640.426000
641.670000
642.913000
644.157000
645.384000
646.627000
647.870000
649.114000
654.071000
655.314000
656.541000
657.785000
670.667000
671.894000
673.137000
674.381000
675.624000
676.867000
678.094000
679.338000
680.581000
681.825000
683.068000
684.295000
685.538000
686.782000
688.025000
689.269000
691.739000
692.982000
694.226000
695.453000
699.183000
701.653000
702.897000
704.140000
706.627000
707.854000
709.097000
710.341000
711.584000
712.828000
714.055000
715.298000
716.541000
717.785000
729.423000
730.667000
733.137000
734.381000
738.094000
739.338000
740.581000
741.825000
743.068000
744.295000
748.025000
749.269000
750.496000
751.739000
752.983000
754.226000
755.453000
756.696000
757.940000
759.183000
760.427000
761.653000
762.897000
764.140000
765.384000
766.627000
767.854000
769.098000
770.341000
771.584000
772.828000
775.298000
776.542000
777.785000
789.424000
790.667000
791.894000
793.137000
794.381000
795.624000
798.095000
799.338000
801.825000
803.068000
804.295000
805.539000
806.782000
808.025000
809.269000
810.496000
811.739000
812.983000
814.226000
815.453000
816.696000
817.940000
819.183000
820.427000
821.654000
822.897000
824.140000
825.384000
826.627000
827.854000
829.098000
830.341000
831.585000
834.055000
835.298000
836.542000
837.785000
849.424000
850.667000
851.894000
853.138000
854.381000
856.868000
858.095000
859.338000
861.825000
863.068000
864.295000
866.782000
868.026000
869.269000
870.496000
871.739000
872.983000
874.226000
876.697000
877.940000
881.654000
882.897000
884.141000
886.627000
887.854000
889.098000
890.341000
891.585000
892.828000
894.055000
895.298000
896.542000
897.785000
909.424000
910.667000
913.138000
914.381000
918.095000
919.338000
920.582000
921.825000
923.069000
924.295000
925.539000
926.782000
928.026000
929.253000
930.496000
932.983000
934.226000
935.453000
936.697000
937.940000
939.184000
941.654000
942.897000
944.141000
946.628000
947.854000
949.098000
950.341000
951.585000
952.828000
954.055000
956.542000
957.785000
969.424000
970.667000
971.894000
973.138000
974.381000
975.625000
976.868000
978.095000
979.338000
980.582000
981.825000
983.069000
984.296000
985.539000
986.782000
988.026000
989.253000
990.496000
991.740000
992.983000
994.227000
995.453000
996.697000
997.940000
999.184000
1000.427000
1001.654000
1002.897000
1004.141000
1005.384000
1006.628000
1007.855000
1011.585000
1012.828000
1014.055000
1015.299000
1016.542000
1017.786000
