310.666000
311.296000
312.523000
313.153000
313.766000
314.396000
315.010000
315.623000
316.253000
316.867000
317.497000
318.110000
318.723000
319.353000
319.967000
320.597000
321.210000
321.824000
322.454000
323.067000
323.681000
324.311000
324.924000
325.554000
326.168000
327.411000
328.024000
329.268000
329.881000
330.511000
331.125000
331.755000
332.368000
332.982000
333.612000
334.225000
334.855000
335.468000
336.082000
336.712000
337.325000
337.955000
338.569000
339.182000
339.812000
340.426000
341.056000
341.669000
342.283000
342.913000
343.526000
344.156000
344.769000
345.383000
346.013000
346.626000
349.113000
350.357000
350.970000
351.583000
352.213000
352.827000
353.457000
354.070000
354.684000
355.314000
355.927000
356.541000
357.171000
357.784000
358.414000
369.423000
370.036000
370.666000
371.280000
371.893000
373.136000
373.766000
374.380000
374.993000
375.623000
376.237000
376.867000
377.480000
378.094000
378.724000
379.337000
379.967000
380.580000
381.824000
382.437000
383.067000
383.681000
384.294000
384.924000
385.538000
386.168000
386.781000
387.395000
388.025000
388.638000
389.268000
389.881000
390.495000
391.125000
391.738000
392.368000
392.982000
393.595000
394.225000
395.469000
396.082000
396.695000
397.325000
398.569000
399.182000
400.426000
401.039000
401.653000
402.283000
403.526000
404.140000
404.753000
405.383000
405.996000
406.626000
407.240000
407.853000
409.097000
409.727000
410.340000
410.954000
411.584000
412.197000
412.827000
413.440000
414.054000
414.684000
415.927000
417.154000
417.784000
418.398000
429.423000
430.036000
431.280000
431.893000
432.523000
433.137000
433.767000
434.380000
434.993000
435.623000
436.237000
436.867000
437.480000
438.094000
438.724000
439.337000
439.967000
440.581000
441.194000
442.437000
443.067000
443.681000
444.294000
444.924000
445.538000
446.168000
446.781000
447.395000
448.025000
448.638000
449.268000
449.882000
450.495000
451.125000
451.738000
452.368000
452.982000
453.595000
454.225000
454.839000
455.469000
456.082000
457.326000
457.939000
459.796000
460.426000
461.039000
461.653000
462.283000
462.896000
463.526000
464.140000
464.753000
465.383000
465.997000
468.483000
469.097000
469.727000
470.340000
470.954000
474.054000
474.684000
476.541000
477.154000
477.784000
478.398000
489.423000
490.036000
490.666000
491.280000
491.893000
492.523000
493.767000
494.380000
494.994000
496.237000
497.480000
498.094000
499.337000
499.967000
500.581000
501.194000
501.824000
502.438000
503.068000
503.681000
504.294000
504.925000
505.538000
506.168000
507.395000
508.025000
508.638000
509.268000
509.882000
510.495000
511.125000
511.739000
512.369000
512.982000
513.595000
514.225000
514.839000
516.696000
517.326000
517.939000
519.796000
520.426000
521.039000
521.653000
522.283000
522.896000
523.526000
524.140000
524.753000
525.383000
525.997000
526.627000
527.240000
529.097000
530.954000
531.584000
532.827000
533.441000
534.054000
534.684000
535.298000
535.928000
549.423000
551.297000
551.910000
552.523000
553.153000
553.767000
554.397000
555.010000
555.624000
556.254000
556.867000
557.481000
558.111000
558.724000
559.354000
559.967000
560.581000
561.824000
562.454000
563.068000
563.681000
564.311000
564.925000
565.555000
566.168000
566.781000
567.412000
568.025000
569.882000
570.512000
571.125000
571.755000
572.369000
572.982000
573.612000
574.226000
574.856000
575.469000
576.082000
576.712000
577.326000
577.956000
578.569000
579.183000
579.813000
580.426000
581.056000
581.670000
582.283000
582.913000
583.527000
584.157000
584.770000
585.383000
586.013000
586.627000
587.257000
587.870000
588.484000
589.114000
589.727000
590.341000
590.971000
591.584000
592.214000
592.827000
593.441000
594.071000
594.684000
595.314000
595.928000
596.541000
597.171000
597.785000
598.415000
609.423000
610.667000
611.297000
611.910000
612.524000
613.154000
613.767000
614.397000
615.010000
615.624000
616.254000
616.867000
617.481000
618.724000
619.354000
619.968000
620.581000
621.824000
622.454000
623.068000
623.681000
624.311000
624.925000
625.555000
626.168000
626.782000
627.412000
628.025000
628.655000
629.269000
629.882000
630.512000
631.125000
631.755000
632.369000
632.982000
633.612000
634.226000
634.856000
635.469000
636.083000
636.713000
637.326000
637.956000
638.569000
639.183000
639.813000
640.426000
641.056000
641.670000
642.283000
642.913000
643.527000
644.157000
644.770000
645.384000
646.013000
646.627000
647.257000
647.870000
648.484000
649.114000
649.727000
652.214000
654.071000
654.684000
655.314000
656.541000
657.171000
657.785000
658.415000
670.037000
670.667000
671.280000
671.894000
672.524000
673.137000
674.381000
674.994000
675.624000
676.237000
676.867000
677.481000
678.094000
678.724000
679.338000
679.968000
680.581000
681.195000
681.825000
682.438000
683.068000
683.681000
684.295000
684.925000
685.538000
686.782000
687.395000
688.025000
688.639000
689.269000
689.882000
691.126000
691.739000
692.369000
692.982000
693.596000
694.226000
694.839000
695.453000
696.083000
698.553000
699.183000
699.796000
701.040000
701.653000
702.283000
702.897000
703.527000
704.140000
704.754000
706.627000
707.240000
707.854000
708.484000
709.097000
709.727000
710.341000
710.954000
711.584000
712.198000
712.828000
714.055000
714.685000
715.298000
715.928000
716.541000
717.155000
717.785000
718.398000
729.423000
730.037000
730.667000
732.524000
733.137000
733.767000
734.381000
734.994000
736.238000
737.481000
738.094000
738.724000
739.338000
739.968000
740.581000
741.195000
741.825000
742.438000
743.068000
743.682000
744.295000
744.925000
746.168000
747.395000
748.025000
748.639000
749.269000
749.882000
750.496000
751.126000
751.739000
752.353000
752.983000
753.596000
754.226000
755.453000
756.083000
756.696000
757.326000
757.940000
758.553000
759.183000
759.797000
760.427000
761.040000
761.653000
762.283000
762.897000
763.527000
764.140000
764.754000
765.384000
765.997000
766.627000
767.241000
767.854000
768.484000
769.098000
769.728000
770.341000
771.584000
772.198000
772.828000
773.441000
774.685000
775.298000
775.928000
776.542000
777.155000
777.785000
778.398000
789.424000
790.037000
790.667000
791.280000
791.894000
792.524000
793.137000
793.767000
794.381000
794.994000
795.624000
796.238000
797.481000
798.095000
798.725000
799.338000
801.195000
801.825000
802.438000
803.068000
803.682000
804.295000
804.925000
805.539000
806.169000
806.782000
807.395000
808.025000
808.639000
809.269000
809.882000
810.496000
811.126000
811.739000
812.353000
812.983000
813.596000
814.226000
814.840000
815.453000
816.083000
816.696000
817.326000
817.940000
818.553000
819.183000
819.797000
820.427000
821.040000
821.654000
822.284000
822.897000
823.527000
824.140000
824.754000
825.384000
825.997000
826.627000
827.241000
827.854000
828.484000
829.098000
829.728000
830.341000
830.955000
831.585000
832.198000
834.055000
834.685000
835.298000
835.928000
836.542000
837.155000
837.785000
838.399000
849.424000
850.037000
850.667000
851.281000
851.894000
852.524000
853.138000
853.767000
854.381000
854.994000
856.238000
856.868000
857.481000
858.095000
858.725000
859.338000
859.968000
861.195000
861.825000
862.438000
863.068000
863.682000
864.295000
864.925000
866.169000
866.782000
867.396000
868.026000
868.639000
869.269000
869.882000
870.496000
871.126000
871.739000
872.353000
872.983000
874.226000
874.840000
876.083000
876.697000
877.327000
877.940000
878.553000
881.040000
881.654000
882.284000
882.897000
883.527000
884.141000
884.754000
885.997000
886.627000
887.241000
887.854000
888.484000
889.098000
889.728000
890.341000
890.955000
891.585000
892.198000
892.828000
893.442000
894.055000
894.685000
895.298000
895.928000
896.542000
897.155000
897.785000
909.424000
910.037000
910.667000
911.281000
912.524000
913.138000
913.768000
914.381000
914.994000
916.238000
917.481000
918.095000
918.725000
919.338000
919.968000
920.582000
921.195000
921.825000
922.439000
923.069000
923.682000
924.295000
924.925000
925.539000
926.169000
926.782000
928.026000
928.639000
929.253000
929.883000
930.496000
931.126000
932.353000
932.983000
934.226000
934.840000
935.453000
936.083000
936.697000
937.327000
937.940000
938.554000
939.184000
939.797000
941.040000
941.654000
942.284000
942.897000
943.527000
944.141000
944.754000
945.998000
946.628000
947.241000
947.854000
948.484000
949.098000
949.728000
950.341000
950.955000
951.585000
952.198000
952.828000
953.442000
954.055000
954.685000
955.929000
956.542000
957.155000
957.785000
958.399000
969.424000
970.037000
970.667000
971.281000
971.894000
972.524000
973.138000
973.768000
974.381000
975.625000
976.238000
976.868000
977.481000
978.095000
978.725000
979.338000
979.968000
980.582000
981.195000
981.825000
982.439000
983.069000
983.682000
984.296000
985.539000
986.169000
986.782000
987.396000
988.026000
988.639000
989.253000
989.883000
990.496000
991.126000
991.740000
992.353000
992.983000
993.597000
994.227000
994.840000
995.453000
996.083000
996.697000
997.327000
997.940000
998.554000
999.184000
999.797000
1000.427000
1001.041000
1001.654000
1002.284000
1002.897000
1003.527000
1004.141000
1004.754000
1005.384000
1005.998000
1006.628000
1007.241000
1007.855000
1008.485000
1009.728000
1010.955000
1011.585000
1012.198000
1012.828000
1013.442000
1014.055000
1014.685000
1015.299000
1015.929000
1016.542000
1017.156000
1017.786000
1018.399000
