312.532000
321.203000
324.933000
327.403000
337.334000
338.561000
339.804000
343.535000
348.492000
353.449000
357.163000
370.045000
378.732000
387.403000
388.647000
396.091000
409.736000
413.449000
432.532000
442.446000
454.848000
458.561000
462.292000
466.005000
468.492000
470.963000
478.407000
490.045000
493.776000
495.002000
499.976000
501.203000
503.690000
504.933000
516.091000
518.561000
528.492000
538.407000
550.045000
552.516000
556.246000
557.473000
561.203000
563.673000
567.404000
568.647000
574.848000
577.318000
578.562000
581.048000
582.275000
586.006000
587.233000
592.206000
594.677000
611.289000
622.447000
634.848000
639.805000
642.275000
646.006000
650.963000
676.246000
684.917000
689.874000
692.361000
697.318000
707.233000
708.476000
709.720000
714.677000
733.759000
741.204000
743.674000
748.648000
764.763000
798.717000
807.404000
816.075000
819.806000
821.049000
826.006000
827.233000
855.003000
861.204000
862.447000
864.918000
866.161000
869.875000
887.233000
890.964000
911.273000
913.760000
917.474000
919.961000
923.674000
926.161000
928.648000
939.806000
942.276000
944.763000
946.006000
947.233000
948.477000
953.434000
971.273000
973.760000
984.918000
987.405000
992.362000
994.849000
996.076000
998.563000
1007.233000
1013.434000
1014.678000
1017.164000
1018.408000
