9.431000
10.044000
10.674000
11.288000
11.901000
12.531000
13.775000
14.388000
15.001000
15.631000
16.245000
16.875000
17.488000
18.102000
18.732000
19.345000
19.975000
20.589000
21.202000
21.832000
22.445000
23.075000
23.689000
24.302000
24.932000
25.546000
26.176000
26.789000
27.403000
28.033000
28.646000
29.276000
29.889000
30.503000
31.133000
31.746000
32.360000
32.990000
33.603000
34.233000
34.847000
35.460000
36.704000
37.334000
37.947000
38.560000
39.190000
39.804000
40.434000
41.047000
41.661000
42.291000
42.904000
43.534000
44.148000
44.761000
45.391000
46.004000
46.634000
47.248000
47.861000
48.491000
49.105000
49.735000
50.348000
50.962000
51.592000
52.205000
53.449000
54.062000
54.692000
55.305000
55.935000
56.549000
57.162000
57.792000
58.406000
69.431000
70.044000
70.674000
71.288000
71.901000
72.531000
73.145000
73.775000
74.388000
75.001000
75.631000
76.245000
76.875000
77.488000
78.102000
78.732000
79.345000
79.975000
80.589000
81.202000
81.832000
82.446000
83.076000
83.689000
84.302000
84.932000
85.546000
86.176000
86.789000
87.403000
88.033000
88.646000
89.260000
89.890000
90.503000
91.133000
91.746000
92.990000
93.603000
94.233000
94.847000
95.460000
96.090000
96.704000
97.334000
97.947000
98.561000
99.191000
99.804000
100.434000
101.047000
101.661000
102.291000
102.904000
104.148000
104.761000
105.391000
106.005000
106.635000
107.248000
107.861000
108.491000
109.105000
109.735000
110.348000
110.962000
111.592000
112.205000
112.835000
113.449000
114.062000
114.692000
115.306000
115.936000
116.549000
117.162000
117.792000
118.406000
129.431000
130.044000
130.674000
131.288000
131.901000
132.531000
133.145000
133.775000
134.388000
135.002000
135.632000
136.245000
136.875000
137.488000
138.102000
138.732000
139.345000
139.975000
140.589000
141.202000
141.832000
142.446000
143.076000
143.689000
144.303000
144.933000
145.546000
146.176000
146.789000
147.403000
148.033000
148.646000
149.260000
149.890000
150.503000
151.133000
151.747000
152.360000
152.990000
153.603000
154.233000
154.847000
155.460000
156.090000
156.704000
157.334000
157.947000
158.561000
159.191000
159.804000
160.434000
161.048000
161.661000
162.291000
162.904000
163.534000
164.761000
165.391000
166.005000
166.635000
167.248000
167.862000
168.492000
169.105000
169.735000
170.348000
170.962000
172.835000
174.062000
174.692000
175.306000
175.936000
176.549000
177.163000
177.793000
178.406000
189.431000
190.045000
190.675000
191.288000
191.901000
192.531000
193.145000
193.775000
194.388000
195.002000
195.632000
196.245000
196.875000
197.489000
198.102000
198.732000
199.345000
199.976000
201.202000
201.832000
202.446000
203.076000
203.689000
204.303000
204.933000
205.546000
206.160000
206.790000
207.403000
208.033000
208.646000
209.260000
209.890000
210.503000
211.133000
211.747000
212.360000
212.990000
213.604000
214.234000
215.460000
216.091000
216.704000
217.334000
217.947000
218.561000
219.191000
219.804000
220.434000
221.048000
221.661000
222.291000
222.905000
223.535000
224.148000
224.761000
225.391000
226.005000
226.635000
227.248000
227.862000
228.492000
229.105000
229.735000
230.349000
230.962000
231.592000
232.205000
232.836000
233.449000
234.062000
234.692000
235.306000
235.936000
236.549000
237.163000
237.793000
238.406000
249.431000
250.045000
250.675000
251.288000
251.902000
252.532000
253.145000
253.775000
254.388000
255.002000
255.632000
256.245000
256.875000
257.489000
258.102000
258.732000
259.346000
259.976000
260.589000
261.202000
261.832000
262.446000
263.076000
263.689000
264.303000
264.933000
265.546000
266.160000
266.790000
267.403000
268.033000
268.647000
269.260000
269.890000
270.503000
271.133000
271.747000
272.360000
272.990000
273.604000
274.234000
274.847000
275.461000
276.091000
276.704000
277.334000
277.947000
278.561000
279.191000
279.804000
280.434000
281.048000
281.661000
282.291000
282.905000
283.535000
284.148000
284.762000
285.392000
286.005000
286.635000
287.248000
287.862000
288.492000
289.105000
289.735000
290.349000
290.962000
291.592000
292.206000
292.836000
293.449000
294.063000
295.306000
295.936000
296.549000
297.163000
297.793000
298.406000
