311.288000
313.775000
315.002000
316.245000
317.489000
318.732000
319.976000
322.446000
323.690000
326.160000
328.647000
333.604000
334.847000
336.091000
341.048000
342.291000
344.762000
346.005000
347.249000
349.735000
350.962000
352.206000
354.693000
355.919000
371.288000
372.532000
373.775000
375.002000
376.246000
377.489000
379.976000
381.203000
383.690000
384.933000
386.177000
391.134000
392.361000
393.604000
394.847000
397.334000
398.561000
399.805000
401.048000
402.292000
403.535000
404.762000
406.005000
407.249000
408.492000
410.962000
412.206000
414.693000
415.936000
417.163000
418.406000
430.045000
431.289000
433.775000
435.002000
436.246000
438.733000
439.976000
441.203000
443.690000
444.933000
447.404000
448.647000
449.890000
451.134000
452.361000
453.604000
456.091000
457.334000
461.048000
463.535000
464.762000
467.249000
469.736000
472.206000
473.449000
474.693000
475.936000
477.163000
491.289000
492.532000
496.246000
497.489000
498.733000
502.446000
506.177000
507.404000
508.647000
509.891000
511.134000
513.604000
514.848000
517.335000
519.805000
521.048000
522.292000
523.535000
524.762000
526.006000
527.249000
530.963000
532.206000
533.450000
534.693000
535.936000
537.163000
551.289000
553.759000
555.003000
558.716000
559.960000
564.917000
566.160000
569.874000
571.118000
572.361000
573.604000
576.075000
579.805000
583.519000
584.762000
588.476000
589.719000
590.963000
593.433000
595.920000
597.163000
598.407000
610.046000
612.516000
613.759000
615.003000
616.246000
617.473000
618.716000
619.960000
621.203000
623.674000
624.917000
626.160000
627.404000
628.647000
629.874000
631.118000
632.361000
633.605000
636.075000
637.318000
638.562000
641.049000
647.233000
648.476000
649.720000
652.206000
653.433000
654.677000
655.920000
658.407000
671.289000
672.516000
673.759000
675.003000
677.473000
678.717000
679.960000
681.203000
682.447000
683.674000
686.161000
687.404000
688.648000
691.118000
693.605000
694.848000
696.075000
698.562000
699.805000
701.049000
702.276000
703.519000
704.762000
706.006000
710.963000
713.433000
715.920000
717.164000
718.407000
731.273000
732.516000
735.003000
736.246000
737.473000
738.717000
739.960000
742.447000
744.917000
746.161000
747.404000
749.874000
751.118000
752.361000
753.605000
754.848000
756.075000
757.319000
758.562000
759.806000
762.276000
763.519000
766.006000
767.233000
768.476000
769.720000
770.963000
772.207000
773.434000
774.677000
775.920000
777.164000
778.407000
790.046000
791.273000
792.516000
793.760000
795.003000
796.247000
797.473000
799.960000
801.204000
802.447000
803.674000
804.917000
806.161000
808.648000
809.875000
811.118000
812.362000
813.605000
817.319000
818.562000
822.276000
823.519000
824.763000
828.476000
829.720000
830.963000
832.207000
833.434000
834.677000
835.921000
837.164000
838.407000
850.046000
851.273000
852.516000
853.760000
856.247000
857.474000
858.717000
859.960000
863.674000
867.404000
868.648000
871.118000
872.362000
873.605000
874.849000
876.075000
877.319000
878.562000
879.806000
881.033000
882.276000
883.519000
884.763000
886.006000
888.477000
889.720000
892.207000
893.434000
894.677000
895.921000
897.164000
898.408000
910.046000
912.516000
915.003000
916.247000
918.717000
921.204000
922.447000
924.918000
927.405000
929.875000
931.118000
932.362000
933.605000
934.849000
938.562000
941.033000
943.520000
949.720000
950.964000
952.207000
954.677000
955.921000
957.164000
958.408000
970.046000
972.517000
975.003000
976.247000
977.474000
978.717000
979.961000
981.204000
982.448000
983.674000
986.161000
988.648000
989.875000
991.118000
993.605000
997.319000
999.806000
1001.033000
1002.276000
1003.520000
1004.763000
1006.007000
1008.477000
1010.964000
1012.207000
1015.921000
