310.675000
311.902000
313.145000
314.389000
315.632000
318.102000
319.346000
320.589000
321.833000
323.076000
324.303000
325.546000
326.790000
329.260000
334.234000
335.461000
336.704000
337.948000
339.191000
340.435000
341.661000
342.905000
344.148000
345.392000
346.635000
347.862000
349.105000
350.349000
351.592000
352.836000
354.063000
355.306000
356.549000
357.793000
369.432000
370.675000
371.902000
373.145000
374.389000
375.632000
376.876000
378.103000
379.346000
381.833000
383.076000
384.303000
385.547000
386.790000
388.033000
389.277000
391.747000
392.991000
394.234000
395.461000
396.704000
397.948000
399.191000
400.435000
401.661000
402.905000
404.148000
405.392000
406.635000
407.862000
409.106000
410.349000
411.592000
412.836000
414.063000
415.306000
416.550000
417.793000
429.432000
430.675000
431.902000
433.145000
434.389000
435.632000
436.876000
438.103000
439.346000
440.589000
441.833000
443.076000
444.303000
445.547000
446.790000
448.034000
449.277000
450.504000
451.747000
452.991000
454.234000
455.461000
456.704000
457.948000
460.435000
461.662000
462.905000
464.149000
465.392000
466.635000
467.862000
469.106000
470.349000
471.593000
472.836000
474.063000
475.306000
476.550000
477.793000
489.432000
490.675000
491.902000
493.146000
494.389000
496.876000
498.103000
499.346000
500.590000
501.833000
503.076000
504.303000
505.547000
506.790000
508.034000
509.261000
510.504000
511.747000
512.991000
514.234000
515.461000
516.705000
517.948000
519.191000
520.435000
521.662000
522.905000
524.149000
525.392000
526.636000
527.862000
529.106000
530.349000
531.593000
532.836000
534.063000
535.306000
536.550000
537.793000
549.415000
550.659000
551.902000
553.146000
554.373000
555.616000
556.859000
558.103000
559.346000
560.573000
561.817000
563.060000
564.303000
565.547000
566.774000
568.017000
569.261000
570.504000
571.748000
572.974000
574.218000
575.461000
576.705000
577.948000
579.175000
580.418000
581.662000
582.905000
584.149000
585.376000
586.619000
587.863000
589.106000
590.333000
591.576000
592.820000
594.063000
596.534000
597.777000
609.415000
610.659000
611.902000
613.146000
614.373000
615.616000
616.860000
618.103000
619.346000
620.573000
621.817000
623.060000
624.304000
625.547000
626.774000
628.017000
629.261000
631.748000
632.975000
634.218000
635.461000
636.705000
637.948000
639.175000
640.419000
641.662000
642.905000
645.376000
646.619000
647.863000
649.106000
650.333000
651.577000
652.820000
654.063000
655.307000
656.534000
657.777000
669.416000
670.659000
671.902000
673.146000
674.373000
675.616000
676.860000
678.103000
679.347000
680.574000
681.817000
683.060000
684.304000
685.547000
686.774000
688.017000
689.261000
690.504000
691.748000
692.975000
694.218000
695.462000
696.705000
697.948000
699.175000
700.419000
701.662000
702.906000
704.149000
705.376000
706.619000
707.863000
709.106000
710.333000
711.577000
712.820000
714.064000
715.307000
716.534000
717.777000
729.416000
730.659000
731.903000
733.146000
734.373000
735.616000
736.860000
738.103000
739.347000
740.574000
741.817000
743.060000
744.304000
745.547000
746.774000
748.018000
749.261000
750.504000
751.748000
752.975000
754.218000
755.462000
756.705000
757.949000
759.175000
760.419000
761.662000
762.906000
764.133000
765.376000
766.619000
767.863000
769.106000
770.333000
771.577000
772.820000
774.064000
775.307000
776.534000
777.777000
789.416000
790.659000
791.903000
793.146000
794.373000
795.617000
796.860000
798.104000
799.347000
800.574000
801.817000
803.061000
804.304000
805.547000
806.774000
808.018000
809.261000
810.505000
811.748000
812.975000
815.462000
816.705000
817.949000
819.176000
820.419000
821.662000
822.906000
824.133000
825.376000
826.620000
827.863000
829.106000
830.333000
831.577000
832.820000
834.064000
835.307000
836.534000
837.777000
849.416000
850.659000
851.903000
853.146000
854.373000
855.617000
856.860000
858.104000
859.347000
860.574000
861.817000
863.061000
864.304000
865.548000
866.774000
868.018000
869.261000
870.505000
871.748000
872.975000
874.219000
875.462000
876.705000
877.949000
879.176000
880.419000
881.663000
882.906000
884.133000
885.376000
886.620000
887.863000
889.107000
890.333000
891.577000
892.820000
894.064000
895.307000
896.534000
897.778000
909.416000
910.660000
911.903000
913.146000
914.373000
915.617000
916.860000
918.104000
919.347000
920.574000
921.817000
923.061000
924.304000
925.548000
926.775000
928.018000
929.261000
930.505000
931.748000
932.975000
934.219000
935.462000
937.949000
940.419000
941.663000
942.906000
944.133000
945.376000
946.620000
947.863000
949.107000
950.334000
951.577000
952.821000
954.064000
955.307000
956.534000
957.778000
969.416000
970.660000
971.903000
973.147000
974.373000
975.617000
976.860000
978.104000
979.347000
980.574000
981.818000
984.304000
985.548000
986.775000
988.018000
989.262000
990.505000
991.748000
992.975000
994.219000
995.462000
996.706000
997.933000
999.176000
1000.419000
1001.663000
1002.906000
1004.133000
1005.377000
1006.620000
1007.863000
1009.107000
1010.334000
1011.577000
1012.821000
1014.064000
1015.308000
1016.534000
1017.778000
