1766.667000
1767.280000
1767.910000
1768.524000
1769.154000
1769.767000
1770.380000
1771.010000
1771.624000
1772.254000
1772.867000
1773.481000
1774.111000
1774.724000
1775.354000
1775.968000
1776.581000
1777.211000
1777.825000
1778.455000
1779.068000
1779.681000
1780.311000
1780.925000
1781.555000
1782.168000
1782.782000
1783.412000
1784.025000
1784.655000
1785.269000
1785.882000
1786.512000
1787.125000
1787.755000
1788.369000
1788.982000
1789.612000
1790.226000
1790.856000
1791.469000
1792.083000
1792.713000
1793.326000
1793.940000
1794.570000
1795.183000
1795.813000
1796.426000
1797.040000
1797.670000
1798.283000
1798.913000
1799.527000
1800.140000
1801.384000
1802.014000
1802.627000
1803.240000
1804.484000
1805.114000
1805.727000
1806.341000
1806.971000
1807.584000
1808.214000
1808.828000
1809.441000
1810.071000
1810.685000
1811.315000
1811.928000
1812.541000
1814.415000
1825.423000
1826.037000
1826.667000
1827.280000
1827.894000
1828.524000
1829.767000
1830.381000
1830.994000
1831.624000
1832.237000
1832.867000
1833.481000
1834.094000
1835.338000
1835.968000
1836.581000
1837.195000
1837.825000
1839.052000
1839.682000
1840.295000
1840.925000
1841.538000
1842.152000
1842.782000
1843.395000
1844.025000
1844.639000
1845.252000
1845.882000
1846.496000
1847.126000
1847.739000
1848.352000
1848.982000
1849.596000
1850.226000
1850.839000
1851.453000
1852.083000
1852.696000
1853.326000
1853.940000
1854.553000
1855.183000
1855.797000
1857.040000
1857.653000
1858.283000
1858.897000
1859.527000
1860.140000
1860.754000
1861.384000
1861.997000
1862.627000
1863.241000
1863.854000
1864.484000
1865.097000
1866.341000
1866.954000
1867.584000
1868.198000
1868.828000
1869.441000
1870.055000
1871.298000
1871.912000
1872.542000
1873.155000
1873.785000
1874.398000
1885.424000
1886.037000
1887.280000
1887.894000
1888.524000
1889.137000
1890.381000
1890.994000
1891.624000
1892.238000
1892.868000
1893.481000
1894.094000
1894.725000
1895.338000
1895.968000
1896.581000
1897.195000
1897.825000
1898.438000
1899.052000
1899.682000
1900.295000
1900.925000
1901.539000
1902.152000
1902.782000
1903.395000
1904.025000
1904.639000
1905.252000
1905.882000
1906.496000
1907.126000
1907.739000
1908.353000
1908.983000
1909.596000
1910.226000
1910.839000
1911.453000
1912.083000
1912.696000
1914.553000
1915.183000
1915.797000
1916.427000
1917.654000
1918.284000
1918.897000
1919.527000
1920.140000
1920.754000
1921.384000
1921.997000
1923.241000
1923.854000
1924.484000
1925.098000
1925.728000
1926.341000
1926.954000
1927.584000
1928.198000
1928.828000
1929.441000
1930.055000
1930.685000
1931.298000
1931.912000
1932.542000
1933.155000
1933.785000
1934.399000
1945.424000
1946.037000
1946.667000
1947.894000
1948.524000
1949.137000
1949.767000
1950.381000
1950.994000
1951.624000
1952.238000
1953.481000
1954.095000
1954.725000
1955.338000
1955.951000
1956.581000
1957.195000
1957.825000
1958.438000
1959.052000
1959.682000
1960.295000
1960.925000
1961.539000
1962.152000
1962.782000
1963.396000
1964.026000
1964.639000
1965.252000
1965.882000
1966.496000
1967.126000
1967.739000
1968.353000
1968.983000
1969.596000
1970.226000
1970.840000
1971.453000
1972.083000
1972.696000
1973.326000
1973.940000
1974.553000
1975.183000
1975.797000
1976.427000
1977.040000
1977.654000
1978.284000
1978.897000
1979.527000
1980.141000
1980.754000
1981.384000
1981.997000
1982.627000
1983.241000
1983.854000
1984.484000
1985.098000
1985.728000
1986.341000
1986.955000
1987.585000
1988.198000
1988.828000
1989.441000
1990.055000
1990.685000
1991.298000
1991.912000
1992.542000
1993.155000
1993.785000
1994.399000
2005.424000
2006.037000
2006.667000
2007.281000
2007.894000
2008.524000
2009.138000
2009.768000
2010.381000
2010.994000
2011.624000
2012.238000
2012.868000
2013.481000
2014.095000
2014.725000
2015.338000
2015.952000
2016.582000
2017.195000
2017.825000
2018.438000
2019.052000
2019.682000
2020.295000
2020.925000
2021.539000
2022.152000
2022.782000
2023.396000
2024.026000
2024.639000
2025.883000
2026.496000
2027.126000
2027.739000
2028.353000
2028.983000
2029.596000
2030.226000
2030.840000
2031.453000
2032.083000
2032.697000
2033.940000
2034.554000
2035.183000
2035.797000
2036.427000
2037.040000
2037.654000
2038.284000
2038.897000
2039.527000
2040.141000
2040.754000
2041.384000
2041.998000
2042.628000
2043.241000
2043.854000
2044.484000
2045.098000
2045.728000
2046.341000
2046.955000
2047.585000
2048.198000
2048.812000
2049.442000
2050.055000
2050.685000
2051.298000
2051.912000
2052.542000
2053.155000
2053.785000
2054.399000
2065.424000
2066.054000
2066.667000
2067.281000
2067.911000
2068.524000
2069.768000
2070.381000
2071.011000
2071.625000
2072.255000
2072.868000
2073.481000
2074.111000
2074.725000
2075.355000
2075.968000
2076.582000
2077.212000
2077.825000
2078.455000
2079.069000
2079.682000
2080.312000
2080.926000
2081.556000
2082.169000
2082.782000
2083.412000
2084.026000
2084.656000
2085.269000
2085.883000
2086.513000
2087.126000
2087.740000
2088.370000
2088.983000
2089.613000
2090.226000
2090.840000
2091.470000
2092.083000
2092.713000
2093.327000
2093.940000
2094.570000
2095.184000
2095.814000
2096.427000
2097.041000
2097.671000
2098.284000
2098.914000
2099.527000
2100.141000
2100.771000
2101.384000
2102.014000
2102.628000
2103.241000
2103.871000
2104.485000
2105.115000
2105.728000
2106.341000
2106.971000
2107.585000
2108.215000
2108.828000
2109.442000
2110.072000
2110.685000
2111.315000
2111.929000
2112.542000
2113.172000
2113.785000
2114.415000
2125.424000
2126.038000
2126.668000
2127.281000
2127.894000
2128.524000
2129.138000
2129.768000
2130.381000
2130.995000
2131.625000
2132.238000
2132.852000
2134.095000
2134.725000
2135.338000
2135.952000
2136.582000
2137.195000
2137.825000
2138.439000
2139.052000
2139.682000
2140.296000
2140.926000
2141.539000
2142.153000
2142.783000
2143.396000
2144.026000
2145.253000
2145.883000
2146.496000
2147.740000
2149.597000
2150.227000
2150.840000
2151.453000
2152.083000
2152.697000
2153.327000
2153.940000
2154.554000
2155.184000
2155.797000
2156.427000
2157.041000
2157.654000
2158.284000
2158.898000
2159.528000
2160.141000
2160.754000
2161.384000
2161.998000
2162.628000
2163.241000
2163.855000
2164.485000
2165.098000
2165.712000
2166.342000
2166.955000
2167.585000
2168.198000
2168.812000
2169.442000
2170.055000
2170.685000
2171.299000
2171.912000
2172.542000
2173.156000
2173.786000
2174.399000
2185.424000
2186.668000
2187.281000
2187.895000
2188.525000
2189.138000
2189.768000
2190.381000
2190.995000
2191.625000
2192.238000
2192.852000
2193.482000
2194.095000
2194.725000
2195.339000
2195.952000
2196.582000
2197.195000
2198.439000
2199.052000
2199.682000
2200.296000
2200.926000
2201.539000
2202.153000
2202.783000
2203.396000
2204.026000
2204.640000
2205.253000
2205.883000
2206.496000
2207.126000
2207.740000
2208.353000
2208.983000
2209.597000
2210.227000
2211.454000
2212.084000
2212.697000
2213.327000
2213.940000
2214.554000
2215.184000
2215.797000
2216.427000
2217.041000
2217.654000
2218.284000
2218.898000
2219.528000
2220.141000
2220.755000
2221.385000
2221.998000
2222.628000
2223.241000
2223.855000
2224.485000
2225.098000
2225.712000
2226.342000
2226.955000
2227.585000
2228.199000
2228.812000
2229.442000
2230.055000
2230.685000
2231.299000
2231.912000
2232.542000
2233.156000
2233.786000
2245.424000
2246.038000
2246.668000
2247.895000
2248.525000
2249.752000
2250.382000
2251.625000
2252.238000
2252.852000
2253.482000
2254.095000
2254.725000
2255.339000
2255.952000
2256.582000
2257.196000
2257.826000
2258.439000
2259.052000
2259.682000
2260.296000
2260.926000
2261.539000
2262.153000
2262.783000
2263.396000
2264.026000
2264.640000
2265.253000
2265.883000
2266.497000
2267.127000
2267.740000
2268.353000
2268.983000
2269.597000
2270.227000
2270.840000
2271.454000
2272.084000
2272.697000
2273.327000
2273.941000
2274.554000
2275.184000
2275.797000
2276.427000
2277.041000
2277.654000
2278.284000
2278.898000
2279.528000
2280.141000
2280.755000
2281.385000
2281.998000
2282.612000
2283.242000
2283.855000
2284.485000
2285.098000
2285.712000
2286.342000
2286.955000
2287.585000
2288.199000
2288.812000
2289.442000
2290.056000
2290.686000
2291.299000
2291.912000
2292.542000
2293.156000
2293.786000
2294.399000
2305.424000
2306.038000
2306.668000
2307.281000
2307.895000
2308.525000
2309.138000
2309.752000
2310.382000
2310.995000
2311.625000
2312.239000
2312.852000
2313.482000
2314.095000
2314.725000
2315.339000
2315.952000
2316.582000
2317.196000
2317.826000
2318.439000
2319.053000
2319.683000
2320.296000
2320.926000
2321.539000
2322.153000
2322.783000
2323.396000
2324.026000
2324.640000
2325.253000
2326.497000
2327.127000
2327.740000
2328.354000
2328.984000
2329.597000
2330.227000
2330.840000
2331.454000
2332.084000
2332.697000
2333.327000
2333.941000
2334.554000
2335.184000
2335.798000
2336.428000
2337.041000
2337.654000
2338.284000
2338.898000
2339.528000
2340.141000
2340.755000
2341.385000
2341.998000
2342.612000
2343.242000
2343.855000
2344.485000
2345.099000
2345.712000
2346.342000
2346.955000
2347.585000
2348.199000
2348.812000
2349.442000
2350.056000
2350.686000
2351.299000
2351.913000
2352.543000
2353.156000
2353.786000
2354.399000
2365.425000
2366.038000
2366.651000
2367.895000
2368.525000
2369.138000
2369.752000
2370.382000
2370.995000
2371.625000
2372.239000
2373.482000
2374.096000
2374.726000
2375.339000
2375.952000
2376.582000
2377.196000
2377.826000
2378.439000
2379.053000
2379.683000
2380.296000
2380.926000
2381.540000
2382.153000
2382.783000
2383.396000
2384.027000
2384.640000
2385.253000
2385.883000
2386.497000
2387.127000
2387.740000
2388.984000
2389.597000
2390.227000
2390.841000
2391.454000
2392.084000
2392.697000
2393.327000
2393.941000
2394.554000
2395.184000
2395.798000
2396.428000
2397.041000
2397.655000
2398.285000
2398.898000
2399.528000
2400.141000
2400.755000
2401.385000
2401.998000
2402.612000
2403.242000
2403.855000
2405.099000
2405.712000
2406.342000
2406.956000
2407.586000
2408.199000
2409.442000
2410.056000
2410.686000
2411.299000
2411.913000
2412.543000
2413.156000
2413.786000
2414.400000
2425.425000
2426.038000
2426.652000
2427.282000
2427.895000
2428.525000
2429.139000
2429.752000
2430.382000
2431.625000
2432.239000
2432.852000
2433.482000
2434.096000
2434.726000
2435.339000
2435.953000
2436.583000
2437.196000
2437.826000
2438.439000
2439.053000
2439.683000
2440.296000
2440.926000
2441.540000
2442.153000
2442.783000
2443.397000
2444.027000
2444.640000
2445.884000
2446.497000
2447.127000
2447.740000
2448.354000
2448.984000
2449.597000
2450.227000
2450.841000
2451.454000
2452.084000
2452.698000
2453.941000
2454.555000
2455.184000
2455.798000
2456.428000
2457.041000
2457.655000
2458.285000
2458.898000
2459.512000
2460.142000
2460.755000
2461.385000
2461.999000
2462.612000
2463.242000
2463.855000
2464.485000
2465.099000
2465.712000
2466.342000
2466.956000
2467.586000
2468.813000
2469.443000
2470.056000
2470.686000
2471.299000
2471.913000
2472.543000
2473.156000
2473.786000
2474.400000
