1034.328000
1034.942000
1035.572000
1036.185000
1036.815000
1037.429000
1038.042000
1038.672000
1039.285000
1039.915000
1040.529000
1041.142000
1041.772000
1042.386000
1043.016000
1043.629000
1044.243000
1044.873000
1045.486000
1046.116000
1046.729000
1047.343000
1047.973000
1048.586000
1049.200000
1049.830000
1050.443000
1051.073000
1051.687000
1052.300000
1052.930000
1053.544000
1054.174000
1054.787000
1055.400000
1056.030000
1056.644000
1057.274000
1057.887000
1058.501000
1059.131000
1059.744000
1060.374000
1060.988000
1061.601000
1062.231000
1062.844000
1063.474000
1064.088000
1064.701000
1065.331000
1065.945000
1066.575000
1067.188000
1067.802000
1068.432000
1069.045000
1069.675000
1070.289000
1070.902000
1071.532000
1072.145000
1072.775000
1073.389000
1074.002000
1074.632000
1075.246000
1075.876000
1076.489000
1077.103000
1077.733000
1078.346000
1078.976000
1079.589000
1080.203000
1080.833000
1081.446000
1082.060000
1082.690000
1083.303000
1083.933000
1084.547000
1085.160000
1085.790000
1086.403000
1094.328000
1094.942000
1095.572000
1096.185000
1096.815000
1097.429000
1098.042000
1098.672000
1099.286000
1099.916000
1100.529000
1101.142000
1101.772000
1102.386000
1103.016000
1103.629000
1104.243000
1104.873000
1105.486000
1106.100000
1106.730000
1107.343000
1107.973000
1108.586000
1109.200000
1109.830000
1110.443000
1111.073000
1111.687000
1112.300000
1112.930000
1113.544000
1114.174000
1114.787000
1115.401000
1116.031000
1116.644000
1117.274000
1117.887000
1118.501000
1119.131000
1119.744000
1120.374000
1120.988000
1121.601000
1122.231000
1122.845000
1123.475000
1124.088000
1124.701000
1125.331000
1125.945000
1126.575000
1127.188000
1127.802000
1128.432000
1129.045000
1129.675000
1130.289000
1130.902000
1131.532000
1132.145000
1132.776000
1133.389000
1134.002000
1134.632000
1135.246000
1135.876000
1136.489000
1137.103000
1137.733000
1138.346000
1138.960000
1139.590000
1140.203000
1140.833000
1141.446000
1142.060000
1142.690000
1143.303000
1143.933000
1144.547000
1145.160000
1145.790000
1146.404000
1154.329000
1154.942000
1155.572000
1156.185000
1156.815000
1157.429000
1158.042000
1158.672000
1159.286000
1159.916000
1160.529000
1161.143000
1161.773000
1162.386000
1163.016000
1163.629000
1164.243000
1164.873000
1165.486000
1166.100000
1166.730000
1167.343000
1167.973000
1168.587000
1169.200000
1169.830000
1170.443000
1171.073000
1171.687000
1172.300000
1172.930000
1173.544000
1174.174000
1174.787000
1175.401000
1176.031000
1176.644000
1177.274000
1177.888000
1178.501000
1179.131000
1179.744000
1180.374000
1180.988000
1181.601000
1182.231000
1182.845000
1183.475000
1184.088000
1184.702000
1185.332000
1185.945000
1186.575000
1187.188000
1187.802000
1188.432000
1189.045000
1189.675000
1190.289000
1190.902000
1191.532000
1192.146000
1192.776000
1193.389000
1194.002000
1194.633000
1195.246000
1195.876000
1196.489000
1197.103000
1197.733000
1198.346000
1198.960000
1199.590000
1200.203000
1200.833000
1201.447000
1202.060000
1202.690000
1203.303000
1203.933000
1204.547000
1205.160000
1205.790000
1206.404000
1214.329000
1214.942000
1215.572000
1216.186000
1216.815000
1217.429000
1218.042000
1218.672000
1219.286000
1219.916000
1220.529000
1221.143000
1221.773000
1222.386000
1223.000000
1223.630000
1224.243000
1224.873000
1225.486000
1226.100000
1226.730000
1227.343000
1227.973000
1228.587000
1229.200000
1229.830000
1230.444000
1231.074000
1231.687000
1232.300000
1232.931000
1233.544000
1234.174000
1234.787000
1235.401000
1236.031000
1236.644000
1237.274000
1237.888000
1238.501000
1239.131000
1239.745000
1240.375000
1240.988000
1241.601000
1242.231000
1242.845000
1243.475000
1244.088000
1244.702000
1245.332000
1245.945000
1246.575000
1247.189000
1247.802000
1248.432000
1249.045000
1249.675000
1250.289000
1250.902000
1251.532000
1252.146000
1252.776000
1253.389000
1254.003000
1254.633000
1255.246000
1255.860000
1256.490000
1257.103000
1257.733000
1258.346000
1258.960000
1259.590000
1260.203000
1260.833000
1261.447000
1262.060000
1262.690000
1263.304000
1263.934000
1264.547000
1265.160000
1265.790000
1266.404000
1274.329000
1274.942000
1275.572000
1276.186000
1276.816000
1277.429000
1278.042000
1278.672000
1279.286000
1279.916000
1280.529000
1281.143000
1281.773000
1282.386000
1283.000000
1283.630000
1284.243000
1284.873000
1285.487000
1286.100000
1286.730000
1287.343000
1287.973000
1288.587000
1289.200000
1289.830000
1290.444000
1291.074000
1291.687000
1292.301000
1292.931000
1293.544000
1294.174000
1294.787000
1295.401000
1296.031000
1296.644000
1297.274000
1297.888000
1298.501000
1299.131000
1299.745000
1300.375000
1300.988000
1301.602000
1302.232000
1302.845000
1303.475000
1304.088000
1304.702000
1305.332000
1305.945000
1306.575000
1307.189000
1307.802000
1308.432000
1309.046000
1309.676000
1310.289000
1310.902000
1311.532000
1312.146000
1312.776000
1313.389000
1314.003000
1314.633000
1315.246000
1315.860000
1316.490000
1317.103000
1317.733000
1318.347000
1318.960000
1319.590000
1320.203000
1320.833000
1321.447000
1322.060000
1322.690000
1323.304000
1323.934000
1324.547000
1325.161000
1325.791000
1326.404000
1334.312000
1334.942000
1335.556000
1336.186000
1336.799000
1337.413000
1338.043000
1338.656000
1339.286000
1339.899000
1340.513000
1341.143000
1341.756000
1342.386000
1343.000000
1343.613000
1344.243000
1344.857000
1345.487000
1346.100000
1346.714000
1347.344000
1347.957000
1348.587000
1349.200000
1349.814000
1350.444000
1351.057000
1351.687000
1352.301000
1352.914000
1353.544000
1354.158000
1354.788000
1355.401000
1356.014000
1356.644000
1357.258000
1357.888000
1358.501000
1359.115000
1359.745000
1360.358000
1360.972000
1361.602000
1362.215000
1362.845000
1363.459000
1364.072000
1364.702000
1365.315000
1365.945000
1366.559000
1367.172000
1367.802000
1368.416000
1369.046000
1369.659000
1370.273000
1370.903000
1371.516000
1372.146000
1372.759000
1373.373000
1374.003000
1374.616000
1375.246000
1375.860000
1376.473000
1377.103000
1377.717000
1378.347000
1378.960000
1379.574000
1380.204000
1380.817000
1381.447000
1382.060000
1382.674000
1383.304000
1383.917000
1384.547000
1385.161000
1385.774000
1386.404000
1394.312000
1394.942000
1395.556000
1396.186000
1396.799000
1397.413000
1398.043000
1398.656000
1399.286000
1399.900000
1400.513000
1401.143000
1401.757000
1402.387000
1403.000000
1403.613000
1404.243000
1404.857000
1405.487000
1406.100000
1406.714000
1407.344000
1407.957000
1408.587000
1409.201000
1409.814000
1410.444000
1411.057000
1411.687000
1412.301000
1412.914000
1413.544000
1414.158000
1414.788000
1415.401000
1416.015000
1416.645000
1417.258000
1417.888000
1418.502000
1419.115000
1419.745000
1420.358000
1420.972000
1421.602000
1422.215000
1422.845000
1423.459000
1424.072000
1424.702000
1425.316000
1425.946000
1426.559000
1427.172000
1427.802000
1428.416000
1429.046000
1429.659000
1430.273000
1430.903000
1431.516000
1432.146000
1432.760000
1433.373000
1434.003000
1434.616000
1435.246000
1435.860000
1436.473000
1437.103000
1437.717000
1438.347000
1438.960000
1439.574000
1440.204000
1440.817000
1441.447000
1442.061000
1442.674000
1443.304000
1443.917000
1444.547000
1445.161000
1445.774000
1446.404000
1454.313000
1454.943000
1455.556000
1456.186000
1456.799000
1457.413000
1458.043000
1458.656000
1459.286000
1459.900000
1460.513000
1461.143000
1461.757000
1462.387000
1463.000000
1463.614000
1464.244000
1464.857000
1465.487000
1466.100000
1466.714000
1467.344000
1467.957000
1468.587000
1469.201000
1469.814000
1470.444000
1471.058000
1471.688000
1472.301000
1472.914000
1473.544000
1474.158000
1474.788000
1475.401000
1476.015000
1476.645000
1477.258000
1477.872000
1478.502000
1479.115000
1479.745000
1480.358000
1480.972000
1481.602000
1482.215000
1482.845000
1483.459000
1484.072000
1484.702000
1485.316000
1485.946000
1486.559000
1487.173000
1487.803000
1488.416000
1489.046000
1489.659000
1490.273000
1490.903000
1491.516000
1492.146000
1492.760000
1493.373000
1494.003000
1494.617000
1495.247000
1495.860000
1496.473000
1497.103000
1497.717000
1498.347000
1498.960000
1499.574000
1500.204000
1500.817000
1501.447000
1502.061000
1502.674000
1503.304000
1503.918000
1504.548000
1505.161000
1505.774000
1506.404000
1514.313000
1514.943000
1515.556000
1516.186000
1516.800000
1517.413000
1518.043000
1518.656000
1519.286000
1519.900000
1520.513000
1521.143000
1521.757000
1522.387000
1523.000000
1523.614000
1524.244000
1524.857000
1525.487000
1526.101000
1526.714000
1527.344000
1527.957000
1528.587000
1529.201000
1529.814000
1530.444000
1531.058000
1531.688000
1532.301000
1532.915000
1533.545000
1534.158000
1534.788000
1535.401000
1536.015000
1536.645000
1537.258000
1537.872000
1538.502000
1539.115000
1539.745000
1540.359000
1540.972000
1541.602000
1542.216000
1542.846000
1543.459000
1544.072000
1544.702000
1545.316000
1545.946000
1546.559000
1547.173000
1547.803000
1548.416000
1549.046000
1549.660000
1550.273000
1550.903000
1551.516000
1552.146000
1552.760000
1553.373000
1554.003000
1554.617000
1555.247000
1555.860000
1556.474000
1557.104000
1557.717000
1558.347000
1558.960000
1559.574000
1560.204000
1560.817000
1561.447000
1562.061000
1562.674000
1563.304000
1563.918000
1564.548000
1565.161000
1565.775000
1566.405000
1574.329000
1574.943000
1575.573000
1576.186000
1576.800000
1577.430000
1578.043000
1578.673000
1579.287000
1579.900000
1580.530000
1581.143000
1581.773000
1582.387000
1583.000000
1583.630000
1584.244000
1584.874000
1585.487000
1586.101000
1586.731000
1587.344000
1587.974000
1588.588000
1589.201000
1589.831000
1590.444000
1591.074000
1591.688000
1592.301000
1592.931000
1593.545000
1594.175000
1594.788000
1595.402000
1596.032000
1596.645000
1597.275000
1597.888000
1598.502000
1599.132000
1599.745000
1600.375000
1600.989000
1601.602000
1602.232000
1602.846000
1603.476000
1604.089000
1604.703000
1605.333000
1605.946000
1606.576000
1607.189000
1607.803000
1608.433000
1609.046000
1609.660000
1610.290000
1610.903000
1611.533000
1612.147000
1612.760000
1613.390000
1614.003000
1614.633000
1615.247000
1615.860000
1616.490000
1617.104000
1617.734000
1618.347000
1618.961000
1619.591000
1620.204000
1620.834000
1621.448000
1622.061000
1622.691000
1623.304000
1623.934000
1624.548000
1625.161000
1625.791000
1626.405000
1634.313000
1634.943000
1635.556000
1636.186000
1636.800000
1637.413000
1638.043000
1638.657000
1639.287000
1639.900000
1640.514000
1641.144000
1641.757000
1642.387000
1643.000000
1643.614000
1644.244000
1644.857000
1645.487000
1646.101000
1646.714000
1647.344000
1647.958000
1648.588000
1649.201000
1649.815000
1650.445000
1651.058000
1651.688000
1652.301000
1652.915000
1653.545000
1654.158000
1654.772000
1655.402000
1656.015000
1656.645000
1657.259000
1657.872000
1658.502000
1659.115000
1659.745000
1660.359000
1660.972000
1661.602000
1662.216000
1662.846000
1663.459000
1664.073000
1664.703000
1665.316000
1665.946000
1666.560000
1667.173000
1667.803000
1668.416000
1669.046000
1669.660000
1670.273000
1670.903000
1671.517000
1672.147000
1672.760000
1673.374000
1674.004000
1674.617000
1675.247000
1675.860000
1676.474000
1677.104000
1677.717000
1678.347000
1678.961000
1679.574000
1680.204000
1680.818000
1681.448000
1682.061000
1682.675000
1683.305000
1683.918000
1684.548000
1685.161000
1685.775000
1686.405000
1694.313000
1694.943000
1695.557000
1696.187000
1696.800000
1697.413000
1698.043000
1698.657000
1699.287000
1699.900000
1700.514000
1701.144000
1701.757000
1702.387000
1703.001000
1703.614000
1704.244000
1704.857000
1705.487000
1706.101000
1706.714000
1707.344000
1707.958000
1708.588000
1709.201000
1709.815000
1710.445000
1711.058000
1711.672000
1712.302000
1712.915000
1713.545000
1714.158000
1714.772000
1715.402000
1716.015000
1716.645000
1717.259000
1717.872000
1718.502000
1719.116000
1719.746000
1720.359000
1720.972000
1721.602000
1722.216000
1722.846000
1723.459000
1724.073000
1724.703000
1725.316000
1725.946000
1726.560000
1727.173000
1727.803000
1728.417000
1729.047000
1729.660000
1730.273000
1730.903000
1731.517000
1732.147000
1732.760000
1733.374000
1734.004000
1734.617000
1735.247000
1735.861000
1736.474000
1737.104000
1737.717000
1738.347000
1738.961000
1739.574000
1740.204000
1740.818000
1741.448000
1742.061000
1742.675000
1743.305000
1743.918000
1744.532000
1745.162000
1745.775000
1746.405000
