1041.772000
1043.016000
1044.243000
1047.973000
1054.174000
1056.644000
1060.374000
1066.575000
1071.532000
1075.246000
1078.976000
1080.203000
1082.690000
1086.403000
1104.243000
1106.730000
1109.200000
1116.644000
1122.845000
1124.088000
1126.575000
1129.045000
1130.289000
1136.489000
1138.960000
1142.690000
1159.286000
1163.016000
1166.730000
1176.644000
1181.601000
1186.575000
1192.776000
1196.489000
1201.447000
1205.160000
1206.404000
1218.042000
1224.243000
1225.486000
1231.687000
1237.888000
1251.532000
1257.733000
1261.447000
1262.690000
1263.934000
1265.160000
1279.286000
1283.000000
1284.243000
1290.444000
1296.644000
1299.131000
1302.845000
1314.003000
1318.960000
1343.000000
1354.158000
1355.401000
1360.358000
1369.046000
1370.273000
1375.246000
1380.204000
1382.674000
1399.286000
1400.513000
1407.957000
1410.444000
1411.687000
1415.401000
1419.115000
1421.602000
1422.845000
1427.802000
1434.003000
1438.960000
1446.404000
1460.513000
1461.757000
1466.714000
1474.158000
1476.645000
1480.358000
1484.072000
1487.803000
1492.760000
1494.003000
1496.473000
1497.717000
1530.444000
1536.645000
1549.046000
1561.447000
1579.287000
1581.773000
1592.931000
1597.888000
1599.132000
1601.602000
1606.576000
1609.046000
1612.760000
1614.003000
1618.961000
1641.757000
1643.000000
1651.688000
1655.402000
1664.073000
1680.204000
1685.161000
1700.514000
1710.445000
1735.247000
1737.717000
1740.204000
1741.448000
1742.675000
1743.918000
