1767.280000
1768.524000
1772.254000
1773.481000
1774.724000
1779.681000
1783.412000
1792.083000
1803.240000
1806.971000
1808.214000
1827.280000
1833.481000
1839.682000
1842.152000
1843.395000
1852.083000
1853.326000
1861.997000
1868.198000
1869.441000
1871.912000
1874.398000
1892.238000
1894.725000
1898.438000
1902.152000
1903.395000
1908.353000
1918.284000
1921.997000
1924.484000
1928.198000
1929.441000
1934.399000
1952.238000
1953.481000
1964.639000
1965.882000
1970.840000
1974.553000
1981.997000
1988.198000
2010.994000
2032.083000
2037.040000
2039.527000
2040.754000
2048.198000
2049.442000
2053.155000
2072.255000
2077.212000
2082.169000
2083.412000
2084.656000
2085.883000
2092.083000
2093.327000
2105.728000
2126.038000
2132.238000
2138.439000
2139.682000
2140.926000
2154.554000
2155.797000
2159.528000
2160.754000
2163.241000
2170.685000
2189.768000
2192.238000
2195.952000
2209.597000
2213.327000
2224.485000
2252.238000
2257.196000
2259.682000
2262.153000
2263.396000
2264.640000
2265.883000
2267.127000
2270.840000
2280.755000
2284.485000
2285.712000
2290.686000
2293.156000
2294.399000
2317.196000
2318.439000
2319.683000
2323.396000
2330.840000
2333.327000
2334.554000
2341.998000
2350.686000
2353.156000
2385.883000
2387.127000
2394.554000
2397.041000
2399.528000
2405.712000
2408.199000
2426.038000
2429.752000
2439.683000
2443.397000
2457.041000
2463.242000
2465.712000
2466.956000
2473.156000
