1039.285000
1040.529000
1045.486000
1046.729000
1049.200000
1050.443000
1051.687000
1052.930000
1055.400000
1057.887000
1059.131000
1061.601000
1062.844000
1064.088000
1065.331000
1067.802000
1069.045000
1070.289000
1072.775000
1074.002000
1076.489000
1077.733000
1081.446000
1083.933000
1085.160000
1098.042000
1099.286000
1100.529000
1101.772000
1105.486000
1107.973000
1110.443000
1111.687000
1112.930000
1114.174000
1115.401000
1117.887000
1119.131000
1120.374000
1121.601000
1125.331000
1127.802000
1131.532000
1132.776000
1134.002000
1135.246000
1137.733000
1140.203000
1141.446000
1143.933000
1145.160000
1146.404000
1158.042000
1160.529000
1161.773000
1164.243000
1165.486000
1167.973000
1169.200000
1170.443000
1171.687000
1172.930000
1174.174000
1175.401000
1179.131000
1180.374000
1182.845000
1184.088000
1185.332000
1187.802000
1189.045000
1190.289000
1191.532000
1194.002000
1195.246000
1197.733000
1198.960000
1200.203000
1202.690000
1203.933000
1219.286000
1220.529000
1221.773000
1223.000000
1226.730000
1227.973000
1229.200000
1230.444000
1232.931000
1234.174000
1235.401000
1236.644000
1239.131000
1240.375000
1241.601000
1242.845000
1244.088000
1245.332000
1246.575000
1247.802000
1249.045000
1250.289000
1252.776000
1254.003000
1255.246000
1256.490000
1258.960000
1260.203000
1266.404000
1278.042000
1280.529000
1281.773000
1285.487000
1286.730000
1287.973000
1289.200000
1291.687000
1292.931000
1294.174000
1295.401000
1297.888000
1300.375000
1301.602000
1304.088000
1305.332000
1306.575000
1307.802000
1309.046000
1310.289000
1311.532000
1315.246000
1316.490000
1320.203000
1321.447000
1322.690000
1323.934000
1325.161000
1326.404000
1338.043000
1339.286000
1340.513000
1341.756000
1344.243000
1345.487000
1346.714000
1347.957000
1349.200000
1350.444000
1351.687000
1352.914000
1356.644000
1357.888000
1359.115000
1361.602000
1362.845000
1364.072000
1365.315000
1366.559000
1367.802000
1371.516000
1372.759000
1374.003000
1376.473000
1377.717000
1378.960000
1381.447000
1383.917000
1385.161000
1386.404000
1398.043000
1401.757000
1403.000000
1404.243000
1405.487000
1406.714000
1409.201000
1412.914000
1414.158000
1416.645000
1417.888000
1420.358000
1424.072000
1425.316000
1426.559000
1429.046000
1430.273000
1431.516000
1432.760000
1435.246000
1436.473000
1440.204000
1442.674000
1443.917000
1445.161000
1458.043000
1459.286000
1463.000000
1464.244000
1465.487000
1467.957000
1469.201000
1470.444000
1471.688000
1472.914000
1475.401000
1477.872000
1479.115000
1481.602000
1485.316000
1486.559000
1489.046000
1490.273000
1491.516000
1495.247000
1498.960000
1501.447000
1502.674000
1503.918000
1506.404000
1518.043000
1519.286000
1520.513000
1521.757000
1523.000000
1524.244000
1525.487000
1526.714000
1529.201000
1531.688000
1532.915000
1534.158000
1535.401000
1537.872000
1539.115000
1540.359000
1541.602000
1542.846000
1544.072000
1545.316000
1546.559000
1547.803000
1550.273000
1551.516000
1552.760000
1554.003000
1555.247000
1556.474000
1557.717000
1558.960000
1560.204000
1562.674000
1563.918000
1565.161000
1566.405000
1578.043000
1580.530000
1583.000000
1584.244000
1585.487000
1586.731000
1587.974000
1589.201000
1590.444000
1594.175000
1595.402000
1596.645000
1600.375000
1602.846000
1604.089000
1605.333000
1607.803000
1610.290000
1611.533000
1615.247000
1616.490000
1617.734000
1620.204000
1621.448000
1622.691000
1623.934000
1625.161000
1626.405000
1638.043000
1639.287000
1640.514000
1644.244000
1646.714000
1647.958000
1649.201000
1650.445000
1652.915000
1654.158000
1656.645000
1657.872000
1659.115000
1660.359000
1661.602000
1662.846000
1665.316000
1666.560000
1667.803000
1669.046000
1670.273000
1671.517000
1672.760000
1674.004000
1675.247000
1676.474000
1677.717000
1678.961000
1681.448000
1682.675000
1683.918000
1686.405000
1698.043000
1699.287000
1701.757000
1703.001000
1704.244000
1705.487000
1706.714000
1707.958000
1709.201000
1711.672000
1712.915000
1714.158000
1715.402000
1716.645000
1717.872000
1719.116000
1720.359000
1722.846000
1725.316000
1726.560000
1729.047000
1730.273000
1731.517000
1732.760000
1734.004000
1736.474000
1738.961000
1746.405000
