1769.767000
1771.010000
1775.968000
1777.211000
1778.455000
1780.925000
1782.168000
1784.655000
1785.882000
1787.125000
1788.369000
1789.612000
1790.856000
1793.326000
1794.570000
1795.813000
1797.040000
1798.283000
1799.527000
1802.014000
1804.484000
1805.727000
1809.441000
1810.685000
1811.928000
1814.415000
1826.037000
1828.524000
1829.767000
1830.994000
1832.237000
1835.968000
1837.195000
1840.925000
1844.639000
1845.882000
1847.126000
1848.352000
1849.596000
1850.839000
1854.553000
1855.797000
1857.040000
1858.283000
1859.527000
1860.754000
1863.241000
1864.484000
1866.954000
1873.155000
1886.037000
1887.280000
1888.524000
1890.994000
1893.481000
1895.968000
1897.195000
1899.682000
1900.925000
1904.639000
1905.882000
1907.126000
1909.596000
1910.839000
1912.083000
1914.553000
1915.797000
1919.527000
1920.754000
1923.241000
1925.728000
1926.954000
1930.685000
1931.912000
1933.155000
1946.037000
1948.524000
1949.767000
1950.994000
1954.725000
1955.951000
1957.195000
1958.438000
1959.682000
1960.925000
1962.152000
1963.396000
1967.126000
1968.353000
1969.596000
1972.083000
1973.326000
1975.797000
1977.040000
1978.284000
1979.527000
1980.754000
1983.241000
1984.484000
1985.728000
1986.955000
1989.441000
1990.685000
1991.912000
1993.155000
1994.399000
2006.037000
2007.281000
2008.524000
2009.768000
2012.238000
2013.481000
2014.725000
2015.952000
2017.195000
2018.438000
2019.682000
2020.925000
2022.152000
2023.396000
2024.639000
2025.883000
2027.126000
2028.353000
2029.596000
2030.840000
2034.554000
2035.797000
2038.284000
2041.998000
2043.241000
2044.484000
2045.728000
2046.955000
2050.685000
2051.912000
2054.399000
2066.054000
2067.281000
2068.524000
2069.768000
2071.011000
2073.481000
2074.725000
2075.968000
2078.455000
2079.682000
2080.926000
2087.126000
2088.370000
2089.613000
2090.840000
2094.570000
2095.814000
2097.041000
2098.284000
2099.527000
2100.771000
2102.014000
2103.241000
2104.485000
2106.971000
2108.215000
2109.442000
2110.685000
2111.929000
2113.172000
2114.415000
2127.281000
2128.524000
2129.768000
2130.995000
2134.725000
2135.952000
2137.195000
2142.153000
2143.396000
2145.883000
2149.597000
2150.840000
2152.083000
2153.327000
2157.041000
2158.284000
2161.998000
2164.485000
2165.712000
2166.955000
2168.198000
2169.442000
2171.912000
2173.156000
2174.399000
2187.281000
2188.525000
2190.995000
2193.482000
2194.725000
2197.195000
2198.439000
2199.682000
2200.926000
2202.153000
2203.396000
2204.640000
2205.883000
2207.126000
2208.353000
2212.084000
2214.554000
2215.797000
2217.041000
2218.284000
2219.528000
2220.755000
2221.998000
2223.241000
2225.712000
2226.955000
2228.199000
2229.442000
2230.685000
2231.912000
2233.156000
2246.038000
2248.525000
2249.752000
2253.482000
2254.725000
2255.952000
2258.439000
2260.926000
2268.353000
2269.597000
2272.084000
2273.327000
2274.554000
2275.797000
2277.041000
2278.284000
2279.528000
2281.998000
2283.242000
2286.955000
2288.199000
2289.442000
2291.912000
2306.038000
2307.281000
2308.525000
2309.752000
2310.995000
2312.239000
2313.482000
2314.725000
2315.952000
2320.926000
2322.153000
2324.640000
2327.127000
2328.354000
2329.597000
2332.084000
2335.798000
2337.041000
2338.284000
2339.528000
2340.755000
2343.242000
2344.485000
2345.712000
2346.955000
2348.199000
2349.442000
2351.913000
2354.399000
2366.038000
2368.525000
2369.752000
2370.995000
2372.239000
2373.482000
2374.726000
2375.952000
2377.196000
2378.439000
2379.683000
2380.926000
2382.153000
2383.396000
2384.640000
2389.597000
2390.841000
2392.084000
2393.327000
2395.798000
2398.285000
2400.755000
2401.998000
2403.242000
2406.956000
2409.442000
2410.686000
2411.913000
2413.156000
2414.400000
2427.282000
2428.525000
2432.239000
2433.482000
2434.726000
2435.953000
2437.196000
2438.439000
2440.926000
2442.153000
2444.640000
2445.884000
2447.127000
2448.354000
2449.597000
2450.841000
2452.084000
2454.555000
2455.798000
2458.285000
2459.512000
2460.755000
2461.999000
2464.485000
2469.443000
2470.686000
2471.913000
2474.400000
