6.330000
6.944000
7.574000
8.187000
8.801000
9.431000
10.044000
10.674000
11.288000
11.901000
12.531000
13.144000
13.775000
14.388000
15.001000
15.631000
16.245000
16.875000
17.488000
18.102000
18.732000
19.345000
19.975000
20.589000
21.202000
21.832000
22.445000
23.075000
23.689000
24.302000
24.932000
25.546000
26.176000
26.789000
27.403000
28.033000
28.646000
29.276000
29.889000
30.503000
31.133000
31.746000
32.360000
32.990000
33.603000
34.233000
34.847000
35.460000
36.090000
36.704000
37.334000
37.947000
38.560000
39.190000
39.804000
40.434000
41.047000
41.661000
42.291000
42.904000
43.534000
44.148000
44.761000
45.391000
46.004000
46.634000
47.248000
47.861000
48.491000
49.105000
49.735000
50.348000
50.962000
51.592000
52.205000
52.835000
53.449000
54.062000
54.692000
55.305000
55.935000
56.549000
57.162000
57.792000
58.406000
66.331000
66.944000
67.574000
68.187000
68.801000
69.431000
70.044000
70.674000
71.288000
71.901000
72.531000
73.145000
73.775000
74.388000
75.001000
75.631000
76.245000
76.875000
77.488000
78.102000
78.732000
79.345000
79.975000
80.589000
81.202000
81.832000
82.446000
83.076000
83.689000
84.302000
84.932000
85.546000
86.176000
86.789000
87.403000
88.033000
88.646000
89.260000
89.890000
90.503000
91.133000
91.746000
92.360000
92.990000
93.603000
94.233000
94.847000
95.460000
96.090000
96.704000
97.334000
97.947000
98.561000
99.191000
99.804000
100.434000
101.047000
101.661000
102.291000
102.904000
103.534000
104.148000
104.761000
105.391000
106.005000
106.635000
107.248000
107.861000
108.491000
109.105000
109.735000
110.348000
110.962000
111.592000
112.205000
112.835000
113.449000
114.062000
114.692000
115.306000
115.936000
116.549000
117.162000
117.792000
118.406000
126.331000
126.944000
127.574000
128.188000
128.801000
129.431000
130.044000
130.674000
131.288000
131.901000
132.531000
133.145000
133.775000
134.388000
135.002000
135.632000
136.245000
136.875000
137.488000
138.102000
138.732000
139.345000
139.975000
140.589000
141.202000
141.832000
142.446000
143.076000
143.689000
144.303000
144.933000
145.546000
146.176000
146.789000
147.403000
148.033000
148.646000
149.260000
149.890000
150.503000
151.133000
151.747000
152.360000
152.990000
153.603000
154.233000
154.847000
155.460000
156.090000
156.704000
157.334000
157.947000
158.561000
159.191000
159.804000
160.434000
161.048000
161.661000
162.291000
162.904000
163.534000
164.148000
164.761000
165.391000
166.005000
166.635000
167.248000
167.862000
168.492000
169.105000
169.735000
170.348000
170.962000
171.592000
172.205000
172.835000
173.449000
174.062000
174.692000
175.306000
175.936000
176.549000
177.163000
177.793000
178.406000
186.331000
186.944000
187.574000
188.188000
188.801000
189.431000
190.045000
190.675000
191.288000
191.901000
192.531000
193.145000
193.775000
194.388000
195.002000
195.632000
196.245000
196.875000
197.489000
198.102000
198.732000
199.345000
199.976000
200.589000
201.202000
201.832000
202.446000
203.076000
203.689000
204.303000
204.933000
205.546000
206.160000
206.790000
207.403000
208.033000
208.646000
209.260000
209.890000
210.503000
211.133000
211.747000
212.360000
212.990000
213.604000
214.234000
214.847000
215.460000
216.091000
216.704000
217.334000
217.947000
218.561000
219.191000
219.804000
220.434000
221.048000
221.661000
222.291000
222.905000
223.535000
224.148000
224.761000
225.391000
226.005000
226.635000
227.248000
227.862000
228.492000
229.105000
229.735000
230.349000
230.962000
231.592000
232.205000
232.836000
233.449000
234.062000
234.692000
235.306000
235.936000
236.549000
237.163000
237.793000
238.406000
246.331000
246.944000
247.574000
248.188000
248.801000
249.431000
250.045000
250.675000
251.288000
251.902000
252.532000
253.145000
253.775000
254.388000
255.002000
255.632000
256.245000
256.875000
257.489000
258.102000
258.732000
259.346000
259.976000
260.589000
261.202000
261.832000
262.446000
263.076000
263.689000
264.303000
264.933000
265.546000
266.160000
266.790000
267.403000
268.033000
268.647000
269.260000
269.890000
270.503000
271.133000
271.747000
272.360000
272.990000
273.604000
274.234000
274.847000
275.461000
276.091000
276.704000
277.334000
277.947000
278.561000
279.191000
279.804000
280.434000
281.048000
281.661000
282.291000
282.905000
283.535000
284.148000
284.762000
285.392000
286.005000
286.635000
287.248000
287.862000
288.492000
289.105000
289.735000
290.349000
290.962000
291.592000
292.206000
292.836000
293.449000
294.063000
294.692000
295.306000
295.936000
296.549000
297.163000
297.793000
298.406000
306.331000
306.945000
307.575000
308.188000
308.801000
309.431000
310.045000
310.675000
311.288000
311.902000
312.532000
313.145000
313.775000
314.389000
315.002000
315.632000
316.245000
316.875000
317.489000
318.102000
318.732000
319.346000
319.976000
320.589000
321.203000
321.833000
322.446000
323.076000
323.690000
324.303000
324.933000
325.546000
326.160000
326.790000
327.403000
328.033000
328.647000
329.260000
329.890000
330.504000
331.134000
331.747000
332.360000
332.990000
333.604000
334.234000
334.847000
335.461000
336.091000
336.704000
337.334000
337.948000
338.561000
339.191000
339.804000
340.435000
341.048000
341.661000
342.291000
342.905000
343.535000
344.148000
344.762000
345.392000
346.005000
346.635000
347.249000
347.862000
348.492000
349.105000
349.735000
350.349000
350.962000
351.592000
352.206000
352.836000
353.449000
354.063000
354.693000
355.306000
355.919000
356.549000
357.163000
357.793000
358.406000
366.331000
366.945000
367.575000
368.188000
368.802000
369.432000
370.045000
370.675000
371.288000
371.902000
372.532000
373.145000
373.775000
374.389000
375.002000
375.632000
376.246000
376.876000
377.489000
378.103000
378.732000
379.346000
379.976000
380.589000
381.203000
381.833000
382.446000
383.076000
383.690000
384.303000
384.933000
385.547000
386.177000
386.790000
387.403000
388.033000
388.647000
389.277000
389.890000
390.504000
391.134000
391.747000
392.361000
392.991000
393.604000
394.234000
394.847000
395.461000
396.091000
396.704000
397.334000
397.948000
398.561000
399.191000
399.805000
400.435000
401.048000
401.661000
402.292000
402.905000
403.535000
404.148000
404.762000
405.392000
406.005000
406.635000
407.249000
407.862000
408.492000
409.106000
409.736000
410.349000
410.962000
411.592000
412.206000
412.836000
413.449000
414.063000
414.693000
415.306000
415.936000
416.550000
417.163000
417.793000
418.406000
426.331000
426.945000
427.575000
428.188000
428.802000
429.432000
430.045000
430.675000
431.289000
431.902000
432.532000
433.145000
433.775000
434.389000
435.002000
435.632000
436.246000
436.876000
437.489000
438.103000
438.733000
439.346000
439.976000
440.589000
441.203000
441.833000
442.446000
443.076000
443.690000
444.303000
444.933000
445.547000
446.177000
446.790000
447.404000
448.034000
448.647000
449.277000
449.890000
450.504000
451.134000
451.747000
452.361000
452.991000
453.604000
454.234000
454.848000
455.461000
456.091000
456.704000
457.334000
457.948000
458.561000
459.191000
459.805000
460.435000
461.048000
461.662000
462.292000
462.905000
463.535000
464.149000
464.762000
465.392000
466.005000
466.635000
467.249000
467.862000
468.492000
469.106000
469.736000
470.349000
470.963000
471.593000
472.206000
472.836000
473.449000
474.063000
474.693000
475.306000
475.936000
476.550000
477.163000
477.793000
478.407000
486.331000
486.945000
487.575000
488.188000
488.802000
489.432000
490.045000
490.675000
491.289000
491.902000
492.532000
493.146000
493.776000
494.389000
495.002000
495.632000
496.246000
496.876000
497.489000
498.103000
498.733000
499.346000
499.976000
500.590000
501.203000
501.833000
502.446000
503.076000
503.690000
504.303000
504.933000
505.547000
506.177000
506.790000
507.404000
508.034000
508.647000
509.261000
509.891000
510.504000
511.134000
511.747000
512.361000
512.991000
513.604000
514.234000
514.848000
515.461000
516.091000
516.705000
517.335000
517.948000
518.561000
519.191000
519.805000
520.435000
521.048000
521.662000
522.292000
522.905000
523.535000
524.149000
524.762000
525.392000
526.006000
526.636000
527.249000
527.862000
528.492000
529.106000
529.736000
530.349000
530.963000
531.593000
532.206000
532.836000
533.450000
534.063000
534.693000
535.306000
535.936000
536.550000
537.163000
537.793000
538.407000
546.315000
546.945000
547.558000
548.189000
548.802000
549.415000
550.045000
550.659000
551.289000
551.902000
552.516000
553.146000
553.759000
554.373000
555.003000
555.616000
556.246000
556.859000
557.473000
558.103000
558.716000
559.346000
559.960000
560.573000
561.203000
561.817000
562.447000
563.060000
563.673000
564.303000
564.917000
565.547000
566.160000
566.774000
567.404000
568.017000
568.647000
569.261000
569.874000
570.504000
571.118000
571.748000
572.361000
572.974000
573.604000
574.218000
574.848000
575.461000
576.075000
576.705000
577.318000
577.948000
578.562000
579.175000
579.805000
580.418000
581.048000
581.662000
582.275000
582.905000
583.519000
584.149000
584.762000
585.376000
586.006000
586.619000
587.233000
587.863000
588.476000
589.106000
589.719000
590.333000
590.963000
591.576000
592.206000
592.820000
593.433000
594.063000
594.677000
595.307000
595.920000
596.534000
597.163000
597.777000
598.407000
606.315000
606.945000
607.559000
608.189000
608.802000
609.415000
610.046000
610.659000
611.289000
611.902000
612.516000
613.146000
613.759000
614.373000
615.003000
615.616000
616.246000
616.860000
617.473000
618.103000
618.716000
619.346000
619.960000
620.573000
621.203000
621.817000
622.447000
623.060000
623.674000
624.304000
624.917000
625.547000
626.160000
626.774000
627.404000
628.017000
628.647000
629.261000
629.874000
630.504000
631.118000
631.748000
632.361000
632.975000
633.605000
634.218000
634.848000
635.461000
636.075000
636.705000
637.318000
637.948000
638.562000
639.175000
639.805000
640.419000
641.049000
641.662000
642.275000
642.905000
643.519000
644.149000
644.763000
645.376000
646.006000
646.619000
647.233000
647.863000
648.476000
649.106000
649.720000
650.333000
650.963000
651.577000
652.206000
652.820000
653.433000
654.063000
654.677000
655.307000
655.920000
656.534000
657.164000
657.777000
658.407000
666.315000
666.945000
667.559000
668.189000
668.802000
669.416000
670.046000
670.659000
671.289000
671.902000
672.516000
673.146000
673.759000
674.373000
675.003000
675.616000
676.246000
676.860000
677.473000
678.103000
678.717000
679.347000
679.960000
680.574000
681.203000
681.817000
682.447000
683.060000
683.674000
684.304000
684.917000
685.547000
686.161000
686.774000
687.404000
688.017000
688.648000
689.261000
689.874000
690.504000
691.118000
691.748000
692.361000
692.975000
693.605000
694.218000
694.848000
695.462000
696.075000
696.705000
697.318000
697.948000
698.562000
699.175000
699.805000
700.419000
701.049000
701.662000
702.276000
702.906000
703.519000
704.149000
704.762000
705.376000
706.006000
706.619000
707.233000
707.863000
708.476000
709.106000
709.720000
710.333000
710.963000
711.577000
712.207000
712.820000
713.433000
714.064000
714.677000
715.307000
715.920000
716.534000
717.164000
717.777000
718.407000
726.315000
726.945000
727.559000
728.189000
728.802000
729.416000
730.046000
730.659000
731.273000
731.903000
732.516000
733.146000
733.759000
734.373000
735.003000
735.616000
736.246000
736.860000
737.473000
738.103000
738.717000
739.347000
739.960000
740.574000
741.204000
741.817000
742.447000
743.060000
743.674000
744.304000
744.917000
745.547000
746.161000
746.774000
747.404000
748.018000
748.648000
749.261000
749.874000
750.504000
751.118000
751.748000
752.361000
752.975000
753.605000
754.218000
754.848000
755.462000
756.075000
756.705000
757.319000
757.949000
758.562000
759.175000
759.806000
760.419000
761.049000
761.662000
762.276000
762.906000
763.519000
764.133000
764.763000
765.376000
766.006000
766.619000
767.233000
767.863000
768.476000
769.106000
769.720000
770.333000
770.963000
771.577000
772.207000
772.820000
773.434000
774.064000
774.677000
775.307000
775.920000
776.534000
777.164000
777.777000
778.407000
786.316000
786.946000
787.559000
788.189000
788.802000
789.416000
790.046000
790.659000
791.273000
791.903000
792.516000
793.146000
793.760000
794.373000
795.003000
795.617000
796.247000
796.860000
797.473000
798.104000
798.717000
799.347000
799.960000
800.574000
801.204000
801.817000
802.447000
803.061000
803.674000
804.304000
804.917000
805.547000
806.161000
806.774000
807.404000
808.018000
808.648000
809.261000
809.875000
810.505000
811.118000
811.748000
812.362000
812.975000
813.605000
814.218000
814.848000
815.462000
816.075000
816.705000
817.319000
817.949000
818.562000
819.176000
819.806000
820.419000
821.049000
821.662000
822.276000
822.906000
823.519000
824.133000
824.763000
825.376000
826.006000
826.620000
827.233000
827.863000
828.476000
829.106000
829.720000
830.333000
830.963000
831.577000
832.207000
832.820000
833.434000
834.064000
834.677000
835.307000
835.921000
836.534000
837.164000
837.777000
838.407000
846.316000
846.946000
847.559000
848.173000
848.803000
849.416000
850.046000
850.659000
851.273000
851.903000
852.516000
853.146000
853.760000
854.373000
855.003000
855.617000
856.247000
856.860000
857.474000
858.104000
858.717000
859.347000
859.960000
860.574000
861.204000
861.817000
862.447000
863.061000
863.674000
864.304000
864.918000
865.548000
866.161000
866.774000
867.404000
868.018000
868.648000
869.261000
869.875000
870.505000
871.118000
871.748000
872.362000
872.975000
873.605000
874.219000
874.849000
875.462000
876.075000
876.705000
877.319000
877.949000
878.562000
879.176000
879.806000
880.419000
881.033000
881.663000
882.276000
882.906000
883.519000
884.133000
884.763000
885.376000
886.006000
886.620000
887.233000
887.863000
888.477000
889.107000
889.720000
890.333000
890.964000
891.577000
892.207000
892.820000
893.434000
894.064000
894.677000
895.307000
895.921000
896.534000
897.164000
897.778000
898.408000
906.316000
906.946000
907.559000
908.173000
908.803000
909.416000
910.046000
910.660000
911.273000
911.903000
912.516000
913.146000
913.760000
914.373000
915.003000
915.617000
916.247000
916.860000
917.474000
918.104000
918.717000
919.347000
919.961000
920.574000
921.204000
921.817000
922.447000
923.061000
923.674000
924.304000
924.918000
925.548000
926.161000
926.775000
927.405000
928.018000
928.648000
929.261000
929.875000
930.505000
931.118000
931.748000
932.362000
932.975000
933.605000
934.219000
934.849000
935.462000
936.076000
936.706000
937.319000
937.949000
938.562000
939.176000
939.806000
940.419000
941.033000
941.663000
942.276000
942.906000
943.520000
944.133000
944.763000
945.376000
946.006000
946.620000
947.233000
947.863000
948.477000
949.107000
949.720000
950.334000
950.964000
951.577000
952.207000
952.821000
953.434000
954.064000
954.677000
955.307000
955.921000
956.534000
957.164000
957.778000
958.408000
966.316000
966.946000
967.559000
968.173000
968.803000
969.416000
970.046000
970.660000
971.273000
971.903000
972.517000
973.147000
973.760000
974.373000
975.003000
975.617000
976.247000
976.860000
977.474000
978.104000
978.717000
979.347000
979.961000
980.574000
981.204000
981.818000
982.448000
983.061000
983.674000
984.304000
984.918000
985.548000
986.161000
986.775000
987.405000
988.018000
988.648000
989.262000
989.875000
990.505000
991.118000
991.748000
992.362000
992.975000
993.605000
994.219000
994.849000
995.462000
996.076000
996.706000
997.319000
997.933000
998.563000
999.176000
999.806000
1000.419000
1001.033000
1001.663000
1002.276000
1002.906000
1003.520000
1004.133000
1004.763000
1005.377000
1006.007000
1006.620000
1007.233000
1007.863000
1008.477000
1009.107000
1009.720000
1010.334000
1010.964000
1011.577000
1012.207000
1012.821000
1013.434000
1014.064000
1014.678000
1015.308000
1015.921000
1016.534000
1017.164000
1017.778000
1018.408000
