1766.667000
1767.910000
1769.154000
1770.380000
1771.624000
1772.867000
1774.111000
1775.354000
1776.581000
1777.825000
1779.068000
1780.311000
1781.555000
1782.782000
1784.025000
1785.269000
1786.512000
1787.755000
1788.982000
1790.226000
1791.469000
1792.713000
1793.940000
1795.183000
1796.426000
1797.670000
1798.913000
1800.140000
1801.384000
1802.627000
1805.114000
1806.341000
1807.584000
1808.828000
1810.071000
1811.315000
1812.541000
1825.423000
1826.667000
1827.894000
1830.381000
1831.624000
1832.867000
1834.094000
1835.338000
1836.581000
1837.825000
1839.052000
1840.295000
1841.538000
1842.782000
1844.025000
1845.252000
1846.496000
1847.739000
1848.982000
1850.226000
1851.453000
1852.696000
1853.940000
1855.183000
1857.653000
1858.897000
1860.140000
1861.384000
1862.627000
1863.854000
1865.097000
1866.341000
1867.584000
1868.828000
1870.055000
1871.298000
1872.542000
1873.785000
1885.424000
1887.894000
1889.137000
1890.381000
1891.624000
1892.868000
1894.094000
1895.338000
1896.581000
1897.825000
1899.052000
1900.295000
1901.539000
1902.782000
1904.025000
1905.252000
1906.496000
1907.739000
1908.983000
1910.226000
1911.453000
1912.696000
1915.183000
1916.427000
1917.654000
1918.897000
1920.140000
1921.384000
1923.854000
1925.098000
1926.341000
1927.584000
1928.828000
1930.055000
1931.298000
1932.542000
1933.785000
1945.424000
1946.667000
1947.894000
1949.137000
1950.381000
1951.624000
1954.095000
1955.338000
1956.581000
1957.825000
1959.052000
1960.295000
1961.539000
1962.782000
1964.026000
1965.252000
1966.496000
1967.739000
1968.983000
1970.226000
1971.453000
1972.696000
1973.940000
1975.183000
1976.427000
1977.654000
1978.897000
1980.141000
1981.384000
1982.627000
1983.854000
1985.098000
1986.341000
1987.585000
1988.828000
1990.055000
1991.298000
1992.542000
1993.785000
2005.424000
2006.667000
2007.894000
2009.138000
2010.381000
2011.624000
2012.868000
2014.095000
2015.338000
2016.582000
2017.825000
2019.052000
2020.295000
2021.539000
2022.782000
2024.026000
2026.496000
2027.739000
2028.983000
2030.226000
2031.453000
2032.697000
2033.940000
2035.183000
2036.427000
2037.654000
2038.897000
2040.141000
2041.384000
2042.628000
2043.854000
2045.098000
2046.341000
2047.585000
2048.812000
2050.055000
2051.298000
2052.542000
2053.785000
2065.424000
2066.667000
2067.911000
2070.381000
2071.625000
2072.868000
2074.111000
2075.355000
2076.582000
2077.825000
2079.069000
2080.312000
2081.556000
2082.782000
2084.026000
2085.269000
2086.513000
2087.740000
2088.983000
2090.226000
2091.470000
2092.713000
2093.940000
2095.184000
2096.427000
2097.671000
2098.914000
2100.141000
2101.384000
2102.628000
2103.871000
2105.115000
2106.341000
2107.585000
2108.828000
2110.072000
2111.315000
2112.542000
2113.785000
2125.424000
2126.668000
2127.894000
2129.138000
2130.381000
2131.625000
2132.852000
2134.095000
2135.338000
2136.582000
2137.825000
2139.052000
2140.296000
2141.539000
2142.783000
2144.026000
2145.253000
2146.496000
2147.740000
2150.227000
2151.453000
2152.697000
2153.940000
2155.184000
2156.427000
2157.654000
2158.898000
2160.141000
2161.384000
2162.628000
2163.855000
2165.098000
2166.342000
2167.585000
2168.812000
2170.055000
2171.299000
2172.542000
2173.786000
2185.424000
2186.668000
2187.895000
2189.138000
2190.381000
2191.625000
2192.852000
2194.095000
2195.339000
2196.582000
2199.052000
2200.296000
2201.539000
2202.783000
2204.026000
2205.253000
2206.496000
2207.740000
2208.983000
2210.227000
2211.454000
2212.697000
2213.940000
2215.184000
2216.427000
2217.654000
2218.898000
2220.141000
2221.385000
2222.628000
2223.855000
2225.098000
2226.342000
2227.585000
2228.812000
2230.055000
2231.299000
2232.542000
2233.786000
2245.424000
2246.668000
2247.895000
2250.382000
2251.625000
2252.852000
2254.095000
2255.339000
2256.582000
2257.826000
2259.052000
2260.296000
2261.539000
2262.783000
2264.026000
2265.253000
2266.497000
2267.740000
2268.983000
2270.227000
2271.454000
2272.697000
2273.941000
2275.184000
2276.427000
2277.654000
2278.898000
2280.141000
2281.385000
2282.612000
2283.855000
2285.098000
2286.342000
2287.585000
2288.812000
2290.056000
2291.299000
2292.542000
2293.786000
2305.424000
2306.668000
2307.895000
2309.138000
2310.382000
2311.625000
2312.852000
2314.095000
2315.339000
2316.582000
2317.826000
2319.053000
2320.296000
2321.539000
2322.783000
2324.026000
2325.253000
2326.497000
2327.740000
2328.984000
2330.227000
2331.454000
2332.697000
2333.941000
2335.184000
2336.428000
2337.654000
2338.898000
2340.141000
2341.385000
2342.612000
2343.855000
2345.099000
2346.342000
2347.585000
2348.812000
2350.056000
2351.299000
2352.543000
2353.786000
2365.425000
2366.651000
2367.895000
2369.138000
2370.382000
2371.625000
2374.096000
2375.339000
2376.582000
2377.826000
2379.053000
2380.296000
2381.540000
2382.783000
2384.027000
2385.253000
2386.497000
2387.740000
2388.984000
2390.227000
2391.454000
2392.697000
2393.941000
2395.184000
2396.428000
2397.655000
2398.898000
2400.141000
2401.385000
2402.612000
2403.855000
2405.099000
2406.342000
2407.586000
2410.056000
2411.299000
2412.543000
2413.786000
2425.425000
2426.652000
2427.895000
2429.139000
2430.382000
2431.625000
2432.852000
2434.096000
2435.339000
2436.583000
2437.826000
2439.053000
2440.296000
2441.540000
2442.783000
2444.027000
2446.497000
2447.740000
2448.984000
2450.227000
2451.454000
2452.698000
2453.941000
2455.184000
2456.428000
2457.655000
2458.898000
2460.142000
2461.385000
2462.612000
2463.855000
2465.099000
2466.342000
2467.586000
2468.813000
2470.056000
2471.299000
2472.543000
2473.786000
