1039.915000
1041.142000
1042.386000
1043.629000
1044.873000
1046.116000
1047.343000
1048.586000
1049.830000
1051.073000
1052.300000
1053.544000
1054.787000
1056.030000
1057.274000
1058.501000
1059.744000
1060.988000
1062.231000
1063.474000
1064.701000
1065.945000
1067.188000
1068.432000
1069.675000
1070.902000
1072.145000
1073.389000
1074.632000
1077.103000
1078.346000
1079.589000
1080.833000
1082.060000
1083.303000
1084.547000
1085.790000
1097.429000
1098.672000
1099.916000
1101.142000
1102.386000
1103.629000
1104.873000
1106.100000
1107.343000
1108.586000
1109.830000
1111.073000
1112.300000
1113.544000
1114.787000
1117.274000
1118.501000
1119.744000
1120.988000
1122.231000
1123.475000
1124.701000
1125.945000
1127.188000
1128.432000
1129.675000
1130.902000
1132.145000
1133.389000
1134.632000
1135.876000
1137.103000
1138.346000
1139.590000
1140.833000
1142.060000
1143.303000
1144.547000
1145.790000
1157.429000
1158.672000
1159.916000
1161.143000
1162.386000
1163.629000
1164.873000
1166.100000
1167.343000
1168.587000
1169.830000
1171.073000
1172.300000
1173.544000
1174.787000
1176.031000
1177.274000
1178.501000
1179.744000
1180.988000
1182.231000
1183.475000
1184.702000
1185.945000
1187.188000
1188.432000
1189.675000
1190.902000
1192.146000
1193.389000
1194.633000
1195.876000
1198.346000
1199.590000
1202.060000
1203.303000
1204.547000
1205.790000
1217.429000
1221.143000
1222.386000
1223.630000
1224.873000
1226.100000
1227.343000
1228.587000
1229.830000
1231.074000
1232.300000
1233.544000
1234.787000
1236.031000
1237.274000
1238.501000
1239.745000
1240.988000
1242.231000
1243.475000
1244.702000
1245.945000
1247.189000
1248.432000
1249.675000
1250.902000
1252.146000
1253.389000
1254.633000
1255.860000
1257.103000
1258.346000
1259.590000
1262.060000
1263.304000
1264.547000
1265.790000
1277.429000
1278.672000
1279.916000
1281.143000
1282.386000
1283.630000
1284.873000
1286.100000
1287.343000
1288.587000
1289.830000
1291.074000
1292.301000
1293.544000
1294.787000
1296.031000
1297.274000
1298.501000
1299.745000
1302.232000
1303.475000
1304.702000
1305.945000
1307.189000
1308.432000
1309.676000
1310.902000
1312.146000
1313.389000
1314.633000
1315.860000
1317.103000
1318.347000
1319.590000
1320.833000
1322.060000
1323.304000
1324.547000
1325.791000
1337.413000
1338.656000
1339.899000
1341.143000
1342.386000
1343.613000
1344.857000
1346.100000
1347.344000
1348.587000
1349.814000
1352.301000
1353.544000
1354.788000
1356.014000
1357.258000
1358.501000
1359.745000
1360.972000
1362.215000
1363.459000
1364.702000
1365.945000
1367.172000
1368.416000
1369.659000
1370.903000
1372.146000
1373.373000
1374.616000
1375.860000
1377.103000
1378.347000
1379.574000
1380.817000
1382.060000
1383.304000
1384.547000
1385.774000
1397.413000
1398.656000
1399.900000
1401.143000
1402.387000
1403.613000
1404.857000
1406.100000
1407.344000
1408.587000
1409.814000
1411.057000
1412.301000
1413.544000
1414.788000
1416.015000
1417.258000
1418.502000
1419.745000
1420.972000
1422.215000
1423.459000
1424.702000
1425.946000
1427.172000
1428.416000
1429.659000
1430.903000
1432.146000
1433.373000
1435.860000
1437.103000
1439.574000
1440.817000
1442.061000
1443.304000
1444.547000
1445.774000
1457.413000
1458.656000
1459.900000
1461.143000
1462.387000
1463.614000
1464.857000
1466.100000
1467.344000
1468.587000
1469.814000
1471.058000
1472.301000
1473.544000
1474.788000
1476.015000
1477.258000
1478.502000
1479.745000
1480.972000
1482.215000
1483.459000
1484.702000
1485.946000
1487.173000
1488.416000
1489.659000
1490.903000
1492.146000
1493.373000
1494.617000
1495.860000
1497.103000
1498.347000
1499.574000
1500.817000
1502.061000
1503.304000
1504.548000
1505.774000
1517.413000
1518.656000
1519.900000
1521.143000
1522.387000
1523.614000
1524.857000
1526.101000
1527.344000
1528.587000
1529.814000
1531.058000
1532.301000
1533.545000
1534.788000
1536.015000
1537.258000
1538.502000
1539.745000
1540.972000
1542.216000
1543.459000
1544.702000
1545.946000
1547.173000
1548.416000
1549.660000
1550.903000
1552.146000
1553.373000
1554.617000
1555.860000
1557.104000
1559.574000
1560.817000
1562.061000
1563.304000
1564.548000
1565.775000
1577.430000
1578.673000
1579.900000
1581.143000
1582.387000
1583.630000
1584.874000
1586.101000
1588.588000
1589.831000
1591.074000
1592.301000
1593.545000
1594.788000
1596.032000
1597.275000
1598.502000
1599.745000
1600.989000
1602.232000
1603.476000
1604.703000
1607.189000
1608.433000
1609.660000
1610.903000
1612.147000
1613.390000
1614.633000
1615.860000
1617.104000
1618.347000
1619.591000
1620.834000
1622.061000
1623.304000
1624.548000
1625.791000
1637.413000
1638.657000
1639.900000
1641.144000
1642.387000
1643.614000
1644.857000
1646.101000
1647.344000
1648.588000
1649.815000
1651.058000
1652.301000
1653.545000
1654.772000
1656.015000
1657.259000
1658.502000
1659.745000
1660.972000
1662.216000
1663.459000
1664.703000
1665.946000
1667.173000
1668.416000
1669.660000
1670.903000
1672.147000
1673.374000
1674.617000
1677.104000
1678.347000
1679.574000
1680.818000
1682.061000
1683.305000
1684.548000
1685.775000
1698.657000
1699.900000
1701.144000
1702.387000
1703.614000
1704.857000
1706.101000
1707.344000
1708.588000
1709.815000
1711.058000
1712.302000
1713.545000
1714.772000
1716.015000
1717.259000
1718.502000
1719.746000
1720.972000
1722.216000
1723.459000
1724.703000
1725.946000
1727.173000
1728.417000
1729.660000
1730.903000
1732.147000
1733.374000
1734.617000
1735.861000
1737.104000
1738.347000
1739.574000
1740.818000
1742.061000
1743.305000
1744.532000
1745.775000
