1769.765000
1772.252000
1778.453000
1782.167000
1784.654000
1787.124000
1788.367000
1790.854000
1795.811000
1803.255000
1847.124000
1853.325000
1859.525000
1862.012000
1869.440000
1870.683000
1873.170000
1874.413000
1900.923000
1904.654000
1915.812000
1919.525000
1924.483000
1928.213000
1931.927000
1933.170000
1947.296000
1952.253000
1953.480000
1954.723000
1960.924000
1969.611000
1978.282000
1982.012000
1985.726000
2017.193000
2019.680000
2035.795000
2039.526000
2040.752000
2041.996000
2044.483000
2053.154000
2054.397000
2072.236000
2082.167000
2098.282000
2100.753000
2101.996000
2103.239000
2104.483000
2108.197000
2128.523000
2137.194000
2144.638000
2147.125000
2150.838000
2154.552000
2155.796000
2159.526000
2169.440000
2170.684000
2173.154000
2174.397000
2189.766000
2190.993000
2193.480000
2195.967000
2200.924000
2204.638000
2209.595000
2212.082000
2214.552000
2221.996000
2226.954000
2247.280000
2252.237000
2255.967000
2264.638000
2283.240000
2285.727000
2288.197000
2289.441000
2290.684000
2291.927000
2307.280000
2308.523000
2310.993000
2312.237000
2317.194000
2319.681000
2320.924000
2325.882000
2345.727000
2348.197000
2367.280000
2368.523000
2369.767000
2378.438000
2380.925000
2392.082000
2393.326000
2400.753000
2403.240000
2405.727000
2406.954000
2410.684000
2411.928000
2413.155000
2427.280000
2430.994000
2435.968000
2437.194000
2440.925000
2442.168000
2448.369000
2450.839000
2453.326000
2454.553000
2455.796000
2461.997000
2463.240000
2470.684000
2473.155000
