1041.767000
1046.725000
1049.212000
1056.656000
1057.882000
1059.126000
1060.369000
1069.040000
1070.284000
1071.527000
1074.014000
1076.484000
1080.215000
1082.685000
1099.281000
1100.524000
1102.994000
1106.725000
1112.925000
1117.883000
1119.126000
1129.040000
1133.998000
1165.481000
1191.527000
1193.998000
1219.281000
1223.011000
1226.725000
1240.370000
1245.327000
1251.528000
1255.241000
1260.215000
1262.685000
1291.682000
1295.413000
1301.613000
1302.840000
1311.528000
1320.215000
1322.685000
1339.281000
1357.883000
1360.370000
1361.613000
1398.038000
1400.525000
1405.482000
1415.396000
1416.640000
1429.041000
1430.284000
1435.242000
1472.926000
1486.554000
1496.485000
1505.156000
1524.239000
1526.726000
1530.439000
1535.397000
1537.884000
1539.127000
1540.354000
1561.443000
1565.156000
1566.400000
1578.038000
1582.996000
1586.726000
1589.196000
1592.926000
1595.397000
1597.884000
1600.354000
1605.328000
1606.555000
1611.512000
1615.242000
1626.400000
1640.525000
1641.752000
1654.153000
1669.042000
1671.512000
1677.713000
1681.443000
1686.400000
1699.282000
1702.996000
1704.239000
1705.483000
1710.440000
1711.683000
1721.598000
1735.242000
1736.486000
