1766.665000
1767.909000
1769.152000
1770.395000
1771.622000
1772.866000
1774.109000
1776.596000
1777.823000
1779.066000
1780.310000
1781.553000
1782.780000
1784.024000
1785.267000
1786.510000
1787.754000
1788.981000
1790.224000
1791.468000
1792.711000
1793.954000
1795.181000
1796.425000
1797.668000
1798.912000
1800.155000
1801.382000
1802.625000
1803.869000
1805.112000
1806.356000
1807.583000
1808.826000
1810.069000
1811.313000
1812.540000
1813.783000
1825.422000
1826.665000
1827.909000
1829.152000
1830.396000
1831.622000
1832.866000
1834.109000
1835.353000
1836.580000
1837.823000
1839.066000
1840.310000
1841.553000
1842.780000
1844.024000
1845.267000
1846.511000
1847.754000
1848.981000
1850.224000
1851.468000
1852.711000
1853.955000
1855.181000
1856.425000
1857.668000
1858.912000
1860.155000
1861.382000
1862.626000
1863.869000
1865.112000
1866.356000
1867.583000
1868.826000
1870.070000
1871.313000
1872.540000
1873.783000
1885.422000
1886.665000
1887.909000
1889.152000
1891.623000
1892.866000
1894.109000
1895.353000
1896.580000
1897.823000
1899.067000
1900.310000
1901.554000
1902.780000
1904.024000
1905.267000
1906.511000
1907.754000
1908.981000
1910.224000
1911.468000
1912.711000
1913.955000
1915.182000
1916.425000
1917.668000
1918.912000
1920.155000
1921.382000
1922.626000
1923.869000
1925.113000
1926.356000
1927.583000
1928.826000
1930.070000
1931.313000
1932.540000
1933.784000
1945.422000
1946.666000
1947.909000
1949.152000
1950.396000
1951.623000
1954.110000
1955.353000
1956.580000
1957.823000
1959.067000
1960.310000
1961.554000
1962.780000
1964.024000
1965.267000
1966.511000
1967.754000
1968.981000
1970.225000
1971.468000
1972.711000
1973.955000
1975.182000
1976.425000
1977.669000
1978.912000
1980.156000
1981.382000
1982.626000
1983.869000
1985.113000
1986.340000
1987.583000
1988.826000
1990.070000
1991.313000
1992.540000
1993.784000
2005.422000
2006.666000
2007.893000
2009.136000
2010.379000
2011.623000
2012.866000
2014.093000
2015.337000
2016.580000
2017.823000
2019.067000
2020.294000
2021.537000
2022.781000
2024.024000
2025.268000
2026.494000
2030.225000
2031.452000
2032.695000
2033.938000
2035.182000
2036.425000
2037.652000
2038.896000
2040.139000
2041.383000
2042.626000
2043.853000
2045.096000
2046.340000
2047.583000
2048.827000
2050.053000
2051.297000
2052.540000
2053.784000
2065.422000
2066.666000
2067.893000
2069.136000
2070.380000
2071.623000
2072.866000
2074.093000
2075.337000
2076.580000
2080.294000
2081.537000
2082.781000
2084.024000
2085.268000
2086.495000
2087.738000
2088.981000
2090.225000
2091.452000
2092.695000
2093.939000
2095.182000
2096.425000
2097.652000
2098.896000
2100.139000
2101.383000
2102.626000
2103.853000
2105.096000
2106.340000
2107.583000
2108.827000
2110.054000
2111.297000
2112.540000
2113.784000
2125.422000
2126.666000
2127.893000
2129.136000
2130.380000
2131.623000
2132.867000
2134.093000
2135.337000
2136.580000
2137.824000
2139.067000
2140.294000
2141.537000
2142.781000
2144.024000
2145.268000
2146.495000
2147.738000
2148.982000
2150.225000
2151.452000
2152.695000
2153.939000
2155.182000
2156.426000
2157.652000
2158.896000
2160.139000
2161.383000
2163.853000
2165.097000
2166.340000
2167.583000
2168.827000
2170.054000
2171.297000
2172.541000
2173.784000
2185.423000
2186.666000
2187.893000
2189.136000
2190.380000
2191.623000
2192.867000
2194.094000
2195.337000
2196.580000
2197.824000
2199.067000
2200.294000
2201.538000
2202.781000
2204.024000
2205.268000
2206.495000
2207.738000
2208.982000
2210.225000
2211.452000
2212.695000
2213.939000
2215.182000
2216.426000
2217.653000
2218.896000
2220.139000
2221.383000
2223.853000
2225.097000
2226.340000
2227.584000
2228.827000
2230.054000
2232.541000
2233.784000
2245.423000
2246.666000
2247.893000
2249.136000
2250.380000
2251.623000
2254.094000
2255.337000
2256.581000
2257.824000
2259.067000
2260.294000
2261.538000
2262.781000
2265.268000
2266.495000
2267.738000
2268.982000
2270.225000
2271.452000
2272.696000
2273.939000
2275.182000
2276.426000
2277.653000
2278.896000
2280.140000
2281.383000
2282.626000
2283.853000
2285.097000
2286.340000
2287.584000
2288.827000
2290.054000
2291.297000
2292.541000
2293.784000
2305.423000
2306.666000
2307.893000
2309.137000
2310.380000
2311.623000
2312.867000
2314.094000
2315.337000
2316.581000
2317.824000
2319.068000
2321.538000
2322.781000
2324.025000
2325.252000
2326.495000
2327.738000
2328.982000
2330.225000
2331.452000
2332.696000
2333.939000
2335.183000
2336.426000
2337.653000
2338.896000
2340.140000
2341.383000
2342.627000
2343.853000
2345.097000
2346.340000
2347.584000
2348.827000
2350.054000
2351.298000
2352.541000
2353.784000
2365.423000
2366.666000
2367.893000
2369.137000
2370.380000
2371.624000
2372.867000
2374.094000
2375.337000
2376.581000
2377.824000
2379.068000
2380.295000
2381.538000
2382.781000
2384.025000
2385.252000
2388.982000
2390.225000
2391.452000
2392.696000
2393.939000
2395.183000
2396.426000
2397.653000
2398.896000
2400.140000
2401.383000
2402.627000
2403.854000
2405.097000
2406.340000
2407.584000
2408.827000
2410.054000
2411.298000
2412.541000
2413.785000
2425.423000
2426.667000
2427.893000
2429.137000
2430.380000
2431.624000
2432.867000
2434.094000
2435.338000
2436.581000
2437.824000
2439.068000
2440.295000
2441.538000
2442.782000
2444.025000
2445.268000
2446.495000
2447.739000
2448.982000
2450.226000
2451.452000
2452.696000
2453.939000
2455.183000
2456.426000
2457.653000
2458.897000
2461.383000
2462.627000
2463.854000
2465.097000
2466.341000
2467.584000
2468.827000
2470.054000
2471.298000
2472.541000
2473.785000
