311.280000
312.524000
313.767000
315.011000
316.254000
318.724000
322.455000
323.682000
324.925000
326.169000
327.412000
329.882000
331.126000
333.613000
336.083000
337.326000
339.813000
346.014000
348.484000
353.441000
354.685000
355.928000
357.172000
358.415000
370.054000
371.281000
372.524000
373.767000
375.011000
377.481000
381.211000
382.455000
383.682000
384.925000
389.882000
392.369000
396.083000
397.326000
398.570000
399.813000
401.040000
402.284000
403.527000
404.771000
406.014000
407.241000
408.484000
409.728000
413.441000
414.685000
417.172000
430.037000
431.281000
433.768000
436.238000
437.481000
438.725000
439.952000
442.438000
443.682000
444.925000
446.152000
447.396000
449.883000
451.126000
453.596000
456.083000
457.327000
459.797000
463.527000
465.998000
469.728000
474.685000
475.912000
477.155000
491.281000
492.524000
493.768000
494.995000
496.238000
498.725000
499.952000
501.195000
502.439000
503.682000
504.925000
506.152000
508.639000
509.883000
512.353000
513.596000
514.840000
516.083000
519.797000
522.284000
523.527000
524.754000
528.485000
530.955000
534.685000
537.155000
550.038000
551.281000
552.524000
553.768000
554.995000
556.238000
561.195000
563.682000
566.152000
567.396000
568.639000
569.883000
571.126000
572.353000
574.840000
576.083000
577.327000
579.797000
581.041000
582.284000
587.241000
589.712000
590.955000
592.198000
593.442000
595.912000
597.156000
610.038000
612.525000
613.768000
614.995000
616.238000
617.482000
618.725000
621.195000
622.439000
623.682000
626.153000
627.396000
628.639000
629.883000
631.126000
633.597000
634.840000
636.084000
637.327000
639.797000
641.041000
642.284000
643.528000
644.754000
645.998000
647.241000
650.955000
654.685000
655.912000
657.156000
658.399000
671.281000
675.012000
676.255000
682.456000
684.926000
686.169000
687.413000
692.370000
694.840000
696.084000
698.571000
702.284000
706.015000
707.241000
708.485000
709.728000
710.972000
712.215000
714.686000
715.929000
730.038000
732.525000
733.752000
734.995000
736.239000
737.482000
738.725000
739.952000
741.196000
742.439000
743.683000
744.926000
747.396000
748.640000
751.127000
752.353000
756.084000
757.327000
758.554000
759.798000
761.041000
762.284000
764.755000
765.998000
767.242000
768.485000
769.712000
773.442000
774.686000
775.913000
778.399000
793.752000
794.995000
796.239000
797.482000
799.952000
801.196000
802.439000
803.683000
804.926000
806.153000
808.640000
809.883000
812.354000
813.597000
814.841000
817.327000
818.554000
819.798000
822.285000
823.528000
825.998000
828.485000
830.956000
833.442000
835.913000
838.400000
850.038000
853.752000
854.995000
856.239000
857.482000
858.726000
859.953000
861.196000
862.439000
863.683000
864.926000
867.397000
868.640000
869.883000
871.127000
872.354000
873.597000
874.841000
877.328000
879.798000
881.041000
882.285000
883.512000
884.755000
885.998000
890.956000
892.199000
894.686000
895.913000
897.156000
898.400000
911.282000
913.752000
914.995000
916.239000
917.482000
918.726000
926.153000
927.397000
928.640000
929.884000
931.127000
932.354000
934.841000
937.328000
941.041000
943.512000
944.755000
947.242000
949.712000
953.443000
954.686000
957.156000
958.400000
972.525000
974.996000
976.239000
977.482000
981.196000
982.440000
983.683000
984.927000
986.153000
987.397000
994.841000
996.084000
997.328000
998.555000
999.798000
1001.042000
1002.285000
1003.512000
1004.755000
1005.999000
1008.486000
1009.712000
1010.956000
1013.443000
1014.686000
1015.913000
1017.157000
1018.400000
