1767.295000
1768.522000
1771.009000
1773.479000
1774.723000
1775.966000
1777.209000
1779.680000
1780.923000
1783.410000
1785.880000
1789.611000
1792.081000
1793.324000
1794.568000
1797.055000
1798.282000
1799.525000
1800.769000
1804.482000
1805.726000
1806.969000
1808.213000
1809.456000
1810.683000
1811.926000
1813.170000
1814.413000
1826.052000
1827.295000
1828.522000
1829.766000
1831.009000
1832.252000
1833.496000
1834.723000
1835.966000
1837.210000
1838.453000
1839.680000
1840.923000
1842.167000
1844.654000
1845.881000
1848.367000
1849.611000
1850.854000
1852.081000
1854.568000
1855.811000
1857.055000
1858.282000
1860.769000
1863.256000
1864.482000
1865.726000
1866.969000
1868.213000
1871.926000
1886.052000
1887.295000
1888.522000
1889.766000
1891.009000
1892.253000
1893.496000
1894.723000
1895.966000
1898.453000
1899.680000
1902.167000
1903.410000
1905.881000
1907.124000
1908.368000
1909.611000
1910.854000
1912.081000
1913.325000
1914.568000
1918.282000
1920.769000
1922.012000
1923.256000
1925.726000
1926.969000
1929.440000
1930.683000
1934.414000
1946.052000
1948.522000
1949.766000
1951.009000
1955.966000
1957.210000
1958.453000
1959.680000
1962.167000
1963.411000
1964.654000
1965.881000
1967.124000
1968.368000
1970.855000
1972.081000
1973.325000
1974.568000
1975.812000
1977.055000
1979.525000
1980.769000
1984.483000
1986.970000
1988.213000
1989.440000
1990.683000
1991.927000
1993.170000
1994.414000
2006.036000
2007.279000
2009.766000
2010.993000
2012.236000
2013.480000
2014.723000
2015.967000
2018.437000
2023.394000
2024.638000
2025.881000
2027.124000
2029.595000
2030.838000
2032.082000
2033.325000
2034.552000
2038.282000
2043.239000
2045.726000
2046.953000
2048.197000
2049.440000
2051.927000
2066.036000
2068.523000
2069.766000
2070.993000
2073.480000
2074.723000
2075.967000
2077.194000
2078.437000
2079.680000
2080.924000
2083.394000
2084.638000
2085.881000
2087.125000
2088.368000
2089.595000
2090.838000
2092.082000
2093.325000
2094.552000
2095.795000
2097.039000
2099.526000
2105.726000
2106.953000
2109.440000
2110.684000
2111.927000
2113.154000
2114.397000
2126.036000
2127.279000
2129.766000
2130.993000
2132.237000
2133.480000
2134.723000
2135.967000
2138.437000
2139.681000
2140.924000
2142.167000
2143.394000
2145.881000
2148.351000
2149.595000
2152.082000
2153.325000
2157.039000
2158.282000
2160.753000
2161.996000
2164.483000
2165.727000
2166.953000
2168.197000
2186.036000
2187.279000
2188.523000
2192.237000
2197.194000
2198.437000
2199.681000
2202.168000
2203.395000
2207.125000
2208.352000
2210.839000
2213.325000
2215.796000
2217.039000
2218.283000
2219.526000
2220.753000
2223.240000
2224.483000
2225.727000
2229.440000
2230.684000
2231.927000
2233.154000
2234.398000
2246.036000
2248.523000
2249.766000
2250.993000
2253.480000
2254.724000
2257.194000
2258.437000
2259.681000
2260.924000
2262.168000
2263.395000
2265.881000
2267.125000
2268.352000
2269.595000
2270.839000
2272.082000
2273.326000
2274.552000
2275.796000
2278.283000
2279.526000
2280.753000
2284.483000
2286.954000
2293.154000
2306.036000
2309.767000
2313.480000
2314.724000
2315.967000
2318.438000
2322.168000
2323.395000
2324.638000
2328.352000
2329.595000
2330.839000
2332.082000
2333.326000
2334.553000
2335.796000
2337.039000
2338.283000
2339.526000
2340.753000
2341.997000
2343.240000
2344.483000
2346.954000
2349.441000
2350.684000
2351.928000
2353.154000
2354.398000
2366.036000
2370.994000
2372.237000
2373.481000
2377.194000
2379.681000
2382.168000
2383.395000
2384.638000
2385.882000
2387.125000
2389.595000
2390.839000
2394.553000
2395.796000
2397.040000
2398.283000
2399.526000
2401.997000
2404.484000
2408.197000
2409.441000
2414.398000
2426.037000
2428.523000
2429.767000
2432.237000
2433.481000
2434.724000
2438.438000
2439.681000
2443.395000
2444.638000
2445.882000
2447.125000
2449.596000
2452.083000
2457.040000
2458.283000
2459.527000
2464.484000
2465.727000
2466.954000
2468.198000
2469.441000
2471.928000
