310.667000
311.280000
311.910000
312.524000
313.154000
313.767000
314.381000
315.011000
315.624000
316.254000
318.724000
319.354000
321.825000
322.455000
323.068000
323.682000
324.312000
324.925000
325.555000
326.169000
326.782000
327.412000
328.025000
328.655000
329.269000
329.882000
330.512000
331.126000
331.756000
332.369000
332.983000
333.613000
334.226000
334.856000
335.469000
336.083000
336.713000
337.326000
337.940000
338.570000
339.183000
339.813000
340.427000
342.914000
345.384000
346.014000
346.627000
347.871000
348.484000
349.114000
350.341000
351.584000
352.828000
353.441000
354.071000
354.685000
355.315000
355.928000
356.542000
357.172000
357.785000
358.415000
369.424000
370.054000
371.281000
371.911000
372.524000
373.154000
373.767000
374.381000
375.011000
375.624000
376.254000
376.868000
377.481000
378.111000
380.581000
381.211000
381.825000
382.455000
383.068000
383.682000
384.312000
384.925000
385.555000
386.782000
387.412000
388.026000
388.656000
389.269000
389.882000
391.756000
392.369000
392.983000
393.613000
394.226000
394.840000
395.470000
396.083000
396.713000
397.326000
397.940000
398.570000
399.183000
399.813000
400.427000
401.040000
401.670000
402.284000
402.914000
403.527000
404.141000
404.771000
405.384000
406.014000
407.241000
407.871000
408.484000
409.114000
409.728000
410.341000
411.585000
412.828000
413.441000
414.071000
414.685000
415.315000
415.928000
416.542000
417.172000
417.785000
418.415000
429.424000
430.037000
430.667000
431.281000
431.894000
432.524000
433.138000
433.768000
434.381000
435.624000
436.238000
436.868000
437.481000
438.095000
438.725000
439.338000
439.952000
440.582000
441.825000
442.438000
443.052000
443.682000
444.295000
444.925000
445.539000
446.152000
446.782000
447.396000
448.026000
449.253000
449.883000
450.496000
451.126000
451.739000
452.353000
453.596000
454.226000
454.840000
455.453000
456.083000
456.697000
457.327000
457.940000
458.553000
459.183000
459.797000
460.427000
461.654000
463.527000
464.141000
464.754000
465.384000
465.998000
466.628000
467.241000
467.854000
468.484000
469.098000
469.728000
470.341000
470.955000
471.585000
472.198000
472.812000
474.055000
474.685000
475.298000
475.912000
477.155000
478.399000
489.424000
490.037000
490.667000
491.281000
491.894000
492.524000
493.138000
493.768000
494.381000
494.995000
495.625000
496.238000
496.868000
497.481000
498.725000
499.338000
499.952000
500.582000
501.195000
501.825000
502.439000
503.052000
503.682000
504.295000
504.925000
505.539000
506.152000
506.782000
507.396000
508.639000
509.253000
509.883000
510.496000
512.353000
512.983000
513.596000
514.226000
514.840000
515.453000
516.083000
517.327000
518.554000
519.184000
519.797000
520.427000
521.040000
521.654000
522.284000
522.897000
523.527000
524.141000
524.754000
525.384000
527.241000
527.855000
528.485000
529.098000
530.955000
531.585000
534.055000
534.685000
536.542000
537.155000
537.785000
549.424000
550.038000
550.668000
551.281000
551.894000
552.524000
553.138000
553.768000
554.381000
554.995000
555.625000
556.238000
556.852000
557.482000
558.095000
558.725000
559.338000
559.952000
560.582000
561.195000
561.825000
563.052000
563.682000
564.926000
565.539000
566.152000
566.782000
567.396000
568.026000
568.639000
569.253000
569.883000
570.496000
571.126000
571.740000
572.353000
573.597000
574.227000
574.840000
575.453000
576.083000
576.697000
577.327000
577.940000
578.554000
579.184000
579.797000
580.427000
581.041000
581.654000
582.284000
582.897000
585.384000
586.628000
587.241000
587.855000
588.485000
589.098000
589.712000
590.955000
591.585000
592.198000
592.812000
593.442000
594.055000
594.685000
595.299000
595.912000
596.542000
597.156000
597.786000
598.399000
609.424000
610.038000
610.668000
611.281000
611.894000
612.525000
613.138000
613.768000
614.381000
614.995000
615.625000
616.238000
616.852000
617.482000
618.725000
619.339000
619.952000
620.582000
621.195000
621.825000
622.439000
623.052000
623.682000
624.296000
624.926000
625.539000
626.153000
626.783000
627.396000
628.026000
628.639000
629.253000
629.883000
630.496000
631.126000
631.740000
632.353000
632.983000
633.597000
634.227000
634.840000
635.454000
636.084000
636.697000
637.327000
637.940000
638.554000
639.184000
639.797000
640.427000
641.041000
641.654000
642.284000
642.898000
643.528000
644.141000
644.754000
645.384000
645.998000
646.628000
647.241000
647.855000
648.485000
649.098000
650.342000
650.955000
651.585000
652.199000
653.442000
654.055000
654.685000
655.299000
655.912000
656.542000
657.156000
657.786000
658.399000
669.424000
670.054000
670.668000
671.281000
671.911000
672.525000
673.155000
673.768000
674.382000
675.012000
675.625000
676.255000
676.868000
677.482000
678.112000
678.725000
679.355000
679.969000
680.582000
681.826000
682.456000
683.069000
683.682000
684.312000
684.926000
685.556000
686.169000
686.783000
687.413000
688.026000
688.640000
689.270000
689.883000
690.513000
691.127000
691.740000
692.370000
692.983000
693.613000
694.227000
694.840000
695.470000
696.084000
696.714000
697.941000
698.571000
699.184000
699.814000
700.427000
702.284000
702.914000
703.528000
704.141000
704.771000
705.385000
706.015000
706.628000
707.241000
707.872000
708.485000
709.115000
709.728000
710.342000
710.972000
711.585000
712.215000
712.829000
713.442000
714.072000
714.686000
715.316000
715.929000
716.542000
717.172000
729.424000
730.038000
730.668000
731.281000
731.895000
732.525000
733.138000
733.752000
734.382000
734.995000
735.625000
736.239000
736.852000
737.482000
738.095000
738.725000
739.339000
739.952000
740.582000
741.196000
741.826000
742.439000
743.053000
743.683000
744.296000
744.926000
745.539000
746.153000
746.783000
747.396000
748.026000
748.640000
749.253000
749.883000
750.497000
751.127000
751.740000
752.353000
752.984000
753.597000
754.227000
754.840000
755.454000
756.084000
756.697000
757.327000
757.941000
758.554000
759.184000
759.798000
760.428000
761.041000
761.654000
762.284000
762.898000
763.528000
764.141000
764.755000
765.385000
765.998000
766.612000
767.242000
767.855000
768.485000
769.098000
769.712000
770.342000
770.955000
771.585000
772.199000
772.812000
773.442000
774.056000
774.686000
775.299000
775.913000
777.156000
777.786000
778.399000
789.425000
790.038000
790.668000
791.281000
792.525000
793.138000
793.752000
794.382000
794.995000
795.625000
796.239000
796.852000
797.482000
798.096000
798.726000
799.339000
799.952000
800.582000
801.196000
801.826000
802.439000
803.053000
803.683000
804.296000
804.926000
805.540000
806.153000
806.783000
807.396000
808.026000
808.640000
809.253000
809.883000
810.497000
811.740000
812.354000
812.984000
813.597000
814.227000
814.841000
815.454000
816.084000
816.697000
817.327000
817.941000
818.554000
819.184000
819.798000
820.428000
821.041000
821.655000
822.285000
822.898000
823.528000
824.141000
824.755000
825.385000
825.998000
826.612000
827.242000
827.855000
828.485000
829.099000
829.712000
830.342000
830.956000
831.586000
832.199000
832.812000
833.442000
834.056000
835.299000
835.913000
836.543000
838.400000
849.425000
850.038000
850.652000
851.282000
851.895000
852.525000
853.138000
853.752000
854.382000
854.995000
855.625000
856.239000
856.852000
857.482000
858.096000
858.726000
859.339000
859.953000
860.583000
861.196000
861.826000
862.439000
863.053000
863.683000
864.296000
864.926000
865.540000
866.153000
866.783000
867.397000
868.027000
868.640000
869.253000
869.883000
870.497000
871.127000
871.740000
872.354000
873.597000
874.227000
874.841000
876.698000
877.328000
878.554000
879.184000
879.798000
880.428000
881.041000
882.285000
883.512000
884.142000
884.755000
885.385000
885.998000
886.612000
887.855000
888.485000
889.099000
890.956000
891.586000
892.199000
892.813000
893.443000
894.056000
894.686000
895.299000
895.913000
896.543000
897.156000
897.786000
898.400000
909.425000
910.038000
910.652000
911.282000
911.895000
913.752000
914.382000
914.995000
915.625000
916.239000
916.852000
917.482000
918.096000
918.726000
919.339000
919.953000
920.583000
921.196000
921.826000
922.440000
923.053000
923.683000
924.296000
924.926000
925.540000
926.153000
926.783000
927.397000
928.027000
928.640000
929.254000
929.884000
930.497000
931.127000
931.740000
932.354000
932.984000
933.597000
934.227000
934.841000
935.454000
936.084000
936.698000
937.328000
937.941000
941.041000
941.655000
942.285000
942.898000
943.512000
944.142000
944.755000
945.385000
946.612000
947.242000
947.855000
948.485000
949.099000
949.712000
950.342000
950.956000
951.586000
952.199000
952.813000
953.443000
954.056000
954.686000
955.300000
956.543000
957.156000
957.786000
958.400000
969.425000
970.038000
970.652000
971.282000
971.895000
972.525000
973.139000
973.752000
974.382000
974.996000
975.626000
976.239000
976.852000
977.482000
978.096000
978.726000
979.339000
979.953000
980.583000
981.196000
981.826000
982.440000
983.053000
983.683000
984.297000
984.927000
985.540000
986.153000
986.783000
987.397000
988.027000
988.640000
989.254000
990.497000
991.127000
991.741000
992.354000
992.984000
994.841000
995.454000
996.084000
996.698000
997.328000
998.555000
999.185000
999.798000
1000.412000
1001.042000
1001.655000
1002.285000
1002.898000
1003.512000
1004.142000
1004.755000
1005.999000
1006.612000
1007.242000
1007.856000
1008.486000
1009.099000
1009.712000
1010.342000
1010.956000
1011.586000
1012.199000
1012.813000
1013.443000
1014.056000
1014.686000
1015.300000
1015.913000
1016.543000
1017.157000
1017.787000
1018.400000
