1039.281000
1040.524000
1043.011000
1044.254000
1045.481000
1047.968000
1050.455000
1051.682000
1052.925000
1054.169000
1055.412000
1061.613000
1062.840000
1064.083000
1065.326000
1066.570000
1072.771000
1075.241000
1077.728000
1078.971000
1081.441000
1083.928000
1085.172000
1086.415000
1098.037000
1101.768000
1104.238000
1105.481000
1107.952000
1109.195000
1110.439000
1111.682000
1114.152000
1115.396000
1116.639000
1120.353000
1121.596000
1122.840000
1124.083000
1125.327000
1126.553000
1130.284000
1131.527000
1132.754000
1135.241000
1136.484000
1137.728000
1138.955000
1140.198000
1141.442000
1142.685000
1143.912000
1146.399000
1158.037000
1160.524000
1161.768000
1162.995000
1164.238000
1166.725000
1167.952000
1169.195000
1170.439000
1171.682000
1172.926000
1174.152000
1175.396000
1176.639000
1177.883000
1180.353000
1181.596000
1182.840000
1184.083000
1185.327000
1186.554000
1187.797000
1189.041000
1190.284000
1192.754000
1195.241000
1196.485000
1197.728000
1198.955000
1200.198000
1201.442000
1202.685000
1203.912000
1206.399000
1218.054000
1220.524000
1221.768000
1224.255000
1225.482000
1227.968000
1229.212000
1230.455000
1231.682000
1232.926000
1234.169000
1236.656000
1237.883000
1239.126000
1241.613000
1242.840000
1244.083000
1246.570000
1247.814000
1249.041000
1250.284000
1252.771000
1254.014000
1256.485000
1257.728000
1258.972000
1261.442000
1263.929000
1278.054000
1279.281000
1280.525000
1281.768000
1283.011000
1285.482000
1286.725000
1287.969000
1289.212000
1290.455000
1294.169000
1296.640000
1297.883000
1299.126000
1304.084000
1305.327000
1306.570000
1307.814000
1309.041000
1310.284000
1312.771000
1314.015000
1315.241000
1316.485000
1317.728000
1323.929000
1325.172000
1326.416000
1338.054000
1340.525000
1341.768000
1343.012000
1344.255000
1345.482000
1346.725000
1347.969000
1349.212000
1350.456000
1351.682000
1352.926000
1354.169000
1355.413000
1362.840000
1364.084000
1365.327000
1366.571000
1367.814000
1369.041000
1370.284000
1371.528000
1372.771000
1374.015000
1375.242000
1376.485000
1377.728000
1378.972000
1380.215000
1381.442000
1382.686000
1383.929000
1385.172000
1386.416000
1399.281000
1401.752000
1404.239000
1406.725000
1407.952000
1409.196000
1410.439000
1411.683000
1412.926000
1417.883000
1419.127000
1420.354000
1421.597000
1422.840000
1424.084000
1425.327000
1426.554000
1427.798000
1431.528000
1433.998000
1436.485000
1437.712000
1438.955000
1440.199000
1441.442000
1443.913000
1458.038000
1459.282000
1460.525000
1461.752000
1462.995000
1464.239000
1465.482000
1466.726000
1467.952000
1469.196000
1470.439000
1471.683000
1474.153000
1475.397000
1476.640000
1477.883000
1479.127000
1480.354000
1481.597000
1482.841000
1484.084000
1485.327000
1487.798000
1489.041000
1490.285000
1491.511000
1492.755000
1493.998000
1495.242000
1497.712000
1498.956000
1500.199000
1501.442000
1502.686000
1506.400000
1518.038000
1519.282000
1520.525000
1521.752000
1522.995000
1525.482000
1527.953000
1529.196000
1531.683000
1534.153000
1536.640000
1541.597000
1542.841000
1544.084000
1545.328000
1546.554000
1547.798000
1549.041000
1550.285000
1551.512000
1552.755000
1553.999000
1555.242000
1556.485000
1557.712000
1558.956000
1560.199000
1562.686000
1563.913000
1579.282000
1580.525000
1581.752000
1584.239000
1585.482000
1587.953000
1590.440000
1591.683000
1594.153000
1596.640000
1599.127000
1601.597000
1602.841000
1604.084000
1607.798000
1609.041000
1610.285000
1612.755000
1613.999000
1616.486000
1617.712000
1618.956000
1620.199000
1621.443000
1622.686000
1623.913000
1625.156000
1638.038000
1639.282000
1642.996000
1644.239000
1645.483000
1646.726000
1647.953000
1649.196000
1650.440000
1651.683000
1652.927000
1655.397000
1659.127000
1660.354000
1661.598000
1662.841000
1664.084000
1665.328000
1666.555000
1667.798000
1670.285000
1672.755000
1673.999000
1675.242000
1676.486000
1682.686000
1683.913000
1685.157000
1698.039000
1700.525000
1701.752000
1706.726000
1707.953000
1709.196000
1712.927000
1714.154000
1716.640000
1717.884000
1719.127000
1720.354000
1722.841000
1724.085000
1725.328000
1726.555000
1727.798000
1729.042000
1730.285000
1731.512000
1732.755000
1738.956000
1740.200000
1741.443000
1742.686000
1743.913000
1745.157000
