1034.323000
1034.953000
1035.567000
1036.180000
1036.810000
1037.424000
1038.054000
1038.667000
1039.281000
1039.911000
1040.524000
1041.154000
1041.767000
1042.381000
1043.011000
1043.624000
1044.254000
1044.868000
1045.481000
1046.111000
1046.725000
1047.355000
1047.968000
1048.581000
1049.212000
1049.825000
1050.455000
1051.068000
1051.682000
1052.312000
1052.925000
1053.555000
1054.169000
1054.782000
1055.412000
1056.026000
1056.656000
1057.269000
1057.882000
1058.512000
1059.126000
1059.756000
1060.369000
1060.983000
1061.613000
1062.226000
1062.840000
1063.470000
1064.083000
1064.713000
1065.326000
1065.940000
1066.570000
1067.183000
1067.813000
1068.427000
1069.040000
1069.670000
1070.284000
1070.914000
1071.527000
1072.141000
1072.771000
1073.384000
1074.014000
1074.627000
1075.241000
1075.871000
1076.484000
1077.114000
1077.728000
1078.341000
1078.971000
1079.585000
1080.215000
1080.828000
1081.441000
1082.071000
1082.685000
1083.315000
1083.928000
1084.542000
1085.172000
1085.785000
1086.415000
1094.324000
1094.937000
1095.567000
1096.180000
1096.794000
1097.424000
1098.037000
1098.667000
1099.281000
1099.894000
1100.524000
1101.138000
1101.768000
1102.381000
1102.994000
1103.624000
1104.238000
1104.868000
1105.481000
1106.095000
1106.725000
1107.338000
1107.952000
1108.582000
1109.195000
1109.825000
1110.439000
1111.052000
1111.682000
1112.295000
1112.925000
1113.539000
1114.152000
1114.782000
1115.396000
1116.026000
1116.639000
1117.253000
1117.883000
1118.496000
1119.126000
1119.740000
1120.353000
1120.983000
1121.596000
1122.226000
1122.840000
1123.453000
1124.083000
1124.697000
1125.327000
1125.940000
1126.553000
1127.183000
1127.797000
1128.427000
1129.040000
1129.654000
1130.284000
1130.897000
1131.527000
1132.141000
1132.754000
1133.384000
1133.998000
1134.628000
1135.241000
1135.854000
1136.484000
1137.098000
1137.728000
1138.341000
1138.955000
1139.585000
1140.198000
1140.812000
1141.442000
1142.055000
1142.685000
1143.298000
1143.912000
1144.542000
1145.155000
1145.785000
1146.399000
1154.324000
1154.937000
1155.567000
1156.181000
1156.794000
1157.424000
1158.037000
1158.667000
1159.281000
1159.894000
1160.524000
1161.138000
1161.768000
1162.381000
1162.995000
1163.625000
1164.238000
1164.868000
1165.481000
1166.095000
1166.725000
1167.338000
1167.952000
1168.582000
1169.195000
1169.825000
1170.439000
1171.052000
1171.682000
1172.296000
1172.926000
1173.539000
1174.152000
1174.782000
1175.396000
1176.026000
1176.639000
1177.253000
1177.883000
1178.496000
1179.126000
1179.740000
1180.353000
1180.983000
1181.596000
1182.226000
1182.840000
1183.453000
1184.083000
1184.697000
1185.327000
1185.940000
1186.554000
1187.184000
1187.797000
1188.427000
1189.041000
1189.654000
1190.284000
1190.897000
1191.527000
1192.141000
1192.754000
1193.384000
1193.998000
1194.628000
1195.241000
1195.855000
1196.485000
1197.098000
1197.728000
1198.341000
1198.955000
1199.585000
1200.198000
1200.812000
1201.442000
1202.055000
1202.685000
1203.299000
1203.912000
1204.542000
1205.156000
1205.786000
1206.399000
1214.324000
1214.954000
1215.567000
1216.181000
1216.811000
1217.424000
1218.054000
1218.668000
1219.281000
1219.911000
1220.524000
1221.154000
1221.768000
1222.381000
1223.011000
1223.625000
1224.255000
1224.868000
1225.482000
1226.112000
1226.725000
1227.355000
1227.968000
1228.582000
1229.212000
1229.825000
1230.455000
1231.069000
1231.682000
1232.312000
1232.926000
1233.556000
1234.169000
1234.783000
1235.413000
1236.026000
1236.656000
1237.269000
1237.883000
1238.513000
1239.126000
1239.740000
1240.370000
1240.983000
1241.613000
1242.227000
1242.840000
1243.470000
1244.083000
1244.713000
1245.327000
1245.940000
1246.570000
1247.184000
1247.814000
1248.427000
1249.041000
1249.671000
1250.284000
1250.914000
1251.528000
1252.141000
1252.771000
1253.384000
1254.014000
1254.628000
1255.241000
1255.871000
1256.485000
1257.115000
1257.728000
1258.342000
1258.972000
1259.585000
1260.215000
1260.828000
1261.442000
1262.072000
1262.685000
1263.315000
1263.929000
1264.542000
1265.172000
1265.786000
1266.416000
1274.324000
1274.954000
1275.567000
1276.181000
1276.811000
1277.424000
1278.054000
1278.668000
1279.281000
1279.911000
1280.525000
1281.155000
1281.768000
1282.381000
1283.011000
1283.625000
1284.255000
1284.868000
1285.482000
1286.112000
1286.725000
1287.355000
1287.969000
1288.582000
1289.212000
1289.825000
1290.455000
1291.069000
1291.682000
1292.312000
1292.926000
1293.556000
1294.169000
1294.783000
1295.413000
1296.026000
1296.640000
1297.270000
1297.883000
1298.513000
1299.126000
1299.740000
1300.370000
1300.983000
1301.613000
1302.227000
1302.840000
1303.470000
1304.084000
1304.714000
1305.327000
1305.940000
1306.570000
1307.184000
1307.814000
1308.427000
1309.041000
1309.671000
1310.284000
1310.914000
1311.528000
1312.141000
1312.771000
1313.385000
1314.015000
1314.628000
1315.241000
1315.871000
1316.485000
1317.115000
1317.728000
1318.342000
1318.972000
1319.585000
1320.215000
1320.829000
1321.442000
1322.072000
1322.685000
1323.315000
1323.929000
1324.542000
1325.172000
1325.786000
1326.416000
1334.324000
1334.954000
1335.568000
1336.181000
1336.811000
1337.424000
1338.054000
1338.668000
1339.281000
1339.911000
1340.525000
1341.155000
1341.768000
1342.382000
1343.012000
1343.625000
1344.255000
1344.869000
1345.482000
1346.112000
1346.725000
1347.355000
1347.969000
1348.582000
1349.212000
1349.826000
1350.456000
1351.069000
1351.682000
1352.313000
1352.926000
1353.556000
1354.169000
1354.783000
1355.413000
1356.026000
1356.640000
1357.270000
1357.883000
1358.513000
1359.127000
1359.740000
1360.370000
1360.983000
1361.613000
1362.227000
1362.840000
1363.470000
1364.084000
1364.714000
1365.327000
1365.941000
1366.571000
1367.184000
1367.814000
1368.427000
1369.041000
1369.671000
1370.284000
1370.914000
1371.528000
1372.141000
1372.771000
1373.385000
1374.015000
1374.628000
1375.242000
1375.872000
1376.485000
1377.115000
1377.728000
1378.342000
1378.972000
1379.585000
1380.215000
1380.829000
1381.442000
1382.072000
1382.686000
1383.316000
1383.929000
1384.542000
1385.172000
1385.786000
1386.416000
1394.324000
1394.938000
1395.568000
1396.181000
1396.794000
1397.425000
1398.038000
1398.668000
1399.281000
1399.895000
1400.525000
1401.138000
1401.752000
1402.382000
1402.995000
1403.625000
1404.239000
1404.852000
1405.482000
1406.095000
1406.725000
1407.339000
1407.952000
1408.582000
1409.196000
1409.826000
1410.439000
1411.053000
1411.683000
1412.296000
1412.926000
1413.539000
1414.153000
1414.783000
1415.396000
1416.026000
1416.640000
1417.253000
1417.883000
1418.497000
1419.127000
1419.740000
1420.354000
1420.984000
1421.597000
1422.227000
1422.840000
1423.454000
1424.084000
1424.697000
1425.327000
1425.941000
1426.554000
1427.184000
1427.798000
1428.428000
1429.041000
1429.654000
1430.284000
1430.898000
1431.528000
1432.141000
1432.755000
1433.385000
1433.998000
1434.612000
1435.242000
1435.855000
1436.485000
1437.099000
1437.712000
1438.342000
1438.955000
1439.585000
1440.199000
1440.812000
1441.442000
1442.056000
1442.686000
1443.299000
1443.913000
1444.543000
1445.156000
1445.786000
1446.399000
1454.324000
1454.938000
1455.568000
1456.181000
1456.795000
1457.425000
1458.038000
1458.651000
1459.282000
1459.895000
1460.525000
1461.138000
1461.752000
1462.382000
1462.995000
1463.625000
1464.239000
1464.852000
1465.482000
1466.096000
1466.726000
1467.339000
1467.952000
1468.582000
1469.196000
1469.826000
1470.439000
1471.053000
1471.683000
1472.296000
1472.926000
1473.540000
1474.153000
1474.783000
1475.397000
1476.026000
1476.640000
1477.253000
1477.883000
1478.497000
1479.127000
1479.740000
1480.354000
1480.984000
1481.597000
1482.227000
1482.841000
1483.454000
1484.084000
1484.697000
1485.327000
1485.941000
1486.554000
1487.184000
1487.798000
1488.428000
1489.041000
1489.655000
1490.285000
1490.898000
1491.511000
1492.141000
1492.755000
1493.385000
1493.998000
1494.612000
1495.242000
1495.855000
1496.485000
1497.099000
1497.712000
1498.342000
1498.956000
1499.586000
1500.199000
1500.812000
1501.442000
1502.056000
1502.686000
1503.299000
1503.913000
1504.543000
1505.156000
1505.786000
1506.400000
1514.324000
1514.938000
1515.551000
1516.181000
1516.795000
1517.425000
1518.038000
1518.652000
1519.282000
1519.895000
1520.525000
1521.139000
1521.752000
1522.382000
1522.995000
1523.625000
1524.239000
1524.852000
1525.482000
1526.096000
1526.726000
1527.339000
1527.953000
1528.583000
1529.196000
1529.826000
1530.439000
1531.053000
1531.683000
1532.296000
1532.926000
1533.540000
1534.153000
1534.783000
1535.397000
1536.027000
1536.640000
1537.254000
1537.884000
1538.497000
1539.127000
1539.741000
1540.354000
1540.984000
1541.597000
1542.227000
1542.841000
1543.454000
1544.084000
1544.698000
1545.328000
1545.941000
1546.554000
1547.184000
1547.798000
1548.428000
1549.041000
1549.655000
1550.285000
1550.898000
1551.512000
1552.142000
1552.755000
1553.385000
1553.999000
1554.612000
1555.242000
1555.855000
1556.485000
1557.099000
1557.712000
1558.342000
1558.956000
1559.586000
1560.199000
1560.813000
1561.443000
1562.056000
1562.686000
1563.299000
1563.913000
1564.543000
1565.156000
1565.786000
1566.400000
1574.325000
1574.938000
1575.568000
1576.181000
1576.795000
1577.425000
1578.038000
1578.652000
1579.282000
1579.895000
1580.525000
1581.139000
1581.752000
1582.382000
1582.996000
1583.626000
1584.239000
1584.852000
1585.482000
1586.096000
1586.726000
1587.339000
1587.953000
1588.583000
1589.196000
1589.826000
1590.440000
1591.053000
1591.683000
1592.296000
1592.926000
1593.540000
1594.153000
1594.783000
1595.397000
1596.027000
1596.640000
1597.254000
1597.884000
1598.497000
1599.127000
1599.741000
1600.354000
1600.984000
1601.597000
1602.227000
1602.841000
1603.454000
1604.084000
1604.698000
1605.328000
1605.941000
1606.555000
1607.185000
1607.798000
1608.428000
1609.041000
1609.655000
1610.285000
1610.898000
1611.512000
1612.142000
1612.755000
1613.385000
1613.999000
1614.612000
1615.242000
1615.856000
1616.486000
1617.099000
1617.712000
1618.342000
1618.956000
1619.586000
1620.199000
1620.813000
1621.443000
1622.056000
1622.686000
1623.300000
1623.913000
1624.543000
1625.156000
1625.786000
1626.400000
1634.325000
1634.938000
1635.552000
1636.182000
1636.795000
1637.425000
1638.038000
1638.652000
1639.282000
1639.895000
1640.525000
1641.139000
1641.752000
1642.382000
1642.996000
1643.626000
1644.239000
1644.853000
1645.483000
1646.096000
1646.726000
1647.339000
1647.953000
1648.583000
1649.196000
1649.826000
1650.440000
1651.053000
1651.683000
1652.297000
1652.927000
1653.540000
1654.153000
1654.783000
1655.397000
1656.027000
1656.640000
1657.254000
1657.884000
1658.497000
1659.127000
1659.741000
1660.354000
1660.984000
1661.598000
1662.228000
1662.841000
1663.454000
1664.084000
1664.698000
1665.328000
1665.941000
1666.555000
1667.185000
1667.798000
1668.412000
1669.042000
1669.655000
1670.285000
1670.898000
1671.512000
1672.142000
1672.755000
1673.385000
1673.999000
1674.612000
1675.242000
1675.856000
1676.486000
1677.099000
1677.713000
1678.343000
1678.956000
1679.586000
1680.199000
1680.813000
1681.443000
1682.056000
1682.686000
1683.300000
1683.913000
1684.543000
1685.157000
1685.787000
1686.400000
1694.325000
1694.938000
1695.552000
1696.182000
1696.795000
1697.425000
1698.039000
1698.652000
1699.282000
1699.895000
1700.525000
1701.139000
1701.752000
1702.382000
1702.996000
1703.626000
1704.239000
1704.853000
1705.483000
1706.096000
1706.726000
1707.340000
1707.953000
1708.583000
1709.196000
1709.826000
1710.440000
1711.053000
1711.683000
1712.297000
1712.927000
1713.540000
1714.154000
1714.784000
1715.397000
1716.027000
1716.640000
1717.254000
1717.884000
1718.497000
1719.127000
1719.741000
1720.354000
1720.984000
1721.598000
1722.228000
1722.841000
1723.455000
1724.085000
1724.698000
1725.328000
1725.941000
1726.555000
1727.185000
1727.798000
1728.412000
1729.042000
1729.655000
1730.285000
1730.899000
1731.512000
1732.142000
1732.755000
1733.385000
1733.999000
1734.612000
1735.242000
1735.856000
1736.486000
1737.099000
1737.713000
1738.343000
1738.956000
1739.586000
1740.200000
1740.813000
1741.443000
1742.056000
1742.686000
1743.300000
1743.913000
1744.543000
1745.157000
1745.787000
1746.400000
