328.655000
332.369000
334.856000
338.570000
376.254000
387.412000
388.656000
393.613000
394.840000
415.928000
418.415000
432.524000
452.353000
454.840000
458.553000
464.754000
467.241000
468.484000
470.955000
472.198000
478.399000
490.037000
497.481000
507.396000
517.327000
518.554000
521.040000
527.241000
557.482000
558.725000
559.952000
564.926000
573.597000
578.554000
588.485000
594.685000
598.399000
611.281000
619.952000
624.926000
632.353000
638.554000
648.485000
652.199000
653.442000
670.054000
672.525000
673.768000
677.482000
678.725000
679.969000
683.682000
688.640000
689.883000
691.127000
693.613000
699.814000
703.528000
704.771000
713.442000
717.172000
731.281000
746.153000
749.883000
753.597000
754.840000
763.528000
770.955000
772.199000
777.156000
790.038000
791.281000
792.525000
798.726000
807.396000
816.084000
821.041000
824.755000
827.242000
829.712000
832.199000
851.282000
852.525000
866.153000
878.554000
888.485000
893.443000
910.038000
919.953000
921.196000
922.440000
923.683000
924.926000
933.597000
936.084000
942.285000
948.485000
950.956000
952.199000
970.038000
971.282000
973.752000
978.726000
979.953000
988.640000
991.127000
992.354000
1007.242000
1012.199000
