9.423000
10.053000
10.666000
11.280000
11.910000
12.523000
14.380000
15.010000
15.623000
16.253000
16.867000
18.110000
18.724000
19.354000
19.967000
20.581000
21.211000
21.824000
22.454000
23.068000
23.681000
24.311000
24.924000
26.168000
26.781000
27.411000
28.025000
28.655000
29.268000
29.882000
30.512000
31.125000
31.755000
32.368000
32.982000
33.612000
34.225000
34.855000
35.469000
36.082000
36.712000
37.326000
37.956000
38.569000
39.183000
39.813000
40.426000
41.669000
42.913000
44.140000
44.770000
45.383000
46.627000
47.240000
47.870000
49.113000
49.727000
50.340000
50.970000
51.584000
52.214000
52.827000
53.441000
54.071000
55.314000
55.928000
56.541000
57.171000
57.784000
58.414000
69.423000
70.053000
70.666000
71.280000
71.910000
72.523000
73.153000
74.380000
75.010000
76.254000
76.867000
77.480000
78.110000
78.724000
79.354000
79.967000
80.581000
81.211000
81.824000
82.454000
83.068000
83.681000
84.311000
84.925000
85.555000
86.168000
86.781000
87.411000
88.025000
88.655000
89.268000
89.882000
90.512000
91.125000
91.755000
92.369000
93.612000
94.225000
94.855000
95.469000
96.082000
96.712000
97.326000
97.956000
98.569000
99.183000
99.813000
100.426000
101.040000
101.670000
102.283000
102.913000
103.526000
104.140000
104.770000
105.383000
106.013000
106.627000
107.240000
107.870000
108.484000
109.114000
109.727000
110.340000
110.970000
111.584000
112.214000
112.827000
113.441000
114.684000
115.314000
115.928000
116.541000
117.171000
117.785000
129.423000
130.053000
130.667000
131.280000
131.910000
132.523000
133.153000
133.767000
134.380000
135.010000
135.624000
136.254000
136.867000
137.481000
138.111000
138.724000
139.354000
140.581000
141.211000
142.454000
143.068000
144.311000
144.925000
145.555000
146.168000
146.782000
148.025000
148.655000
149.268000
149.882000
151.125000
151.755000
152.369000
152.982000
153.612000
154.226000
154.856000
155.469000
156.082000
157.326000
157.956000
158.569000
159.183000
159.813000
160.426000
161.040000
161.670000
162.283000
162.913000
164.140000
164.770000
165.383000
166.013000
166.627000
167.240000
167.870000
168.484000
169.114000
169.727000
170.341000
170.971000
171.584000
172.214000
172.827000
173.441000
174.071000
174.684000
175.314000
175.928000
176.541000
177.171000
177.785000
178.415000
189.423000
190.053000
190.667000
191.280000
191.910000
192.524000
193.767000
194.380000
195.010000
195.624000
196.254000
196.867000
197.481000
198.111000
198.724000
199.354000
199.968000
200.581000
201.211000
201.825000
202.455000
203.068000
203.681000
204.311000
204.925000
205.555000
206.168000
206.782000
207.412000
208.025000
208.655000
209.269000
209.882000
210.512000
211.125000
211.755000
212.369000
212.982000
213.612000
214.226000
214.856000
215.469000
216.083000
216.713000
217.326000
217.939000
218.570000
219.183000
219.813000
220.426000
221.040000
221.670000
222.283000
222.913000
223.527000
224.140000
224.770000
225.384000
226.014000
226.627000
227.240000
227.870000
228.484000
229.114000
229.727000
230.341000
230.971000
231.584000
232.214000
232.828000
233.441000
234.071000
234.684000
235.314000
235.928000
236.541000
237.171000
237.785000
238.415000
249.423000
250.053000
250.667000
251.280000
251.910000
252.524000
253.154000
253.767000
254.381000
255.011000
255.624000
256.867000
257.481000
258.111000
258.724000
259.354000
260.581000
261.211000
261.825000
262.455000
263.068000
263.682000
264.312000
265.555000
266.168000
266.782000
267.412000
268.025000
268.655000
269.269000
269.882000
270.512000
271.126000
271.756000
272.369000
272.982000
273.612000
274.226000
274.856000
275.469000
276.083000
276.713000
277.326000
277.940000
278.570000
279.183000
279.813000
280.427000
281.040000
281.670000
284.770000
285.384000
286.014000
286.627000
287.241000
288.484000
289.114000
290.341000
291.584000
292.214000
292.828000
293.441000
294.071000
294.685000
295.315000
295.928000
296.541000
297.171000
297.785000
298.415000
