310.667000
311.910000
313.154000
314.381000
315.624000
319.354000
321.825000
323.068000
324.312000
325.555000
326.782000
328.025000
329.269000
330.512000
331.756000
332.983000
334.226000
335.469000
336.713000
337.940000
339.183000
340.427000
342.914000
345.384000
346.627000
347.871000
349.114000
350.341000
351.584000
352.828000
354.071000
355.315000
356.542000
357.785000
369.424000
371.911000
373.154000
374.381000
375.624000
376.868000
378.111000
380.581000
381.825000
383.068000
384.312000
385.555000
386.782000
388.026000
389.269000
391.756000
392.983000
394.226000
395.470000
396.713000
397.940000
399.183000
400.427000
401.670000
402.914000
404.141000
405.384000
407.871000
409.114000
410.341000
411.585000
412.828000
414.071000
415.315000
416.542000
417.785000
429.424000
430.667000
431.894000
433.138000
434.381000
435.624000
436.868000
438.095000
439.338000
440.582000
441.825000
443.052000
444.295000
445.539000
446.782000
448.026000
449.253000
450.496000
451.739000
454.226000
455.453000
456.697000
457.940000
459.183000
460.427000
461.654000
464.141000
465.384000
466.628000
467.854000
469.098000
470.341000
471.585000
472.812000
474.055000
475.298000
489.424000
490.667000
491.894000
493.138000
494.381000
495.625000
496.868000
499.338000
500.582000
501.825000
503.052000
504.295000
505.539000
506.782000
509.253000
510.496000
512.983000
514.226000
515.453000
519.184000
520.427000
521.654000
522.897000
524.141000
525.384000
527.855000
529.098000
531.585000
534.055000
536.542000
537.785000
549.424000
550.668000
551.894000
553.138000
554.381000
555.625000
556.852000
558.095000
559.338000
560.582000
561.825000
563.052000
565.539000
566.782000
568.026000
569.253000
570.496000
571.740000
574.227000
575.453000
576.697000
577.940000
579.184000
580.427000
581.654000
582.897000
585.384000
586.628000
587.855000
589.098000
591.585000
592.812000
594.055000
595.299000
596.542000
597.786000
609.424000
610.668000
611.894000
613.138000
614.381000
615.625000
616.852000
619.339000
620.582000
621.825000
623.052000
624.296000
625.539000
626.783000
628.026000
629.253000
630.496000
631.740000
632.983000
634.227000
635.454000
636.697000
637.940000
639.184000
640.427000
641.654000
642.898000
644.141000
645.384000
646.628000
647.855000
649.098000
650.342000
651.585000
654.055000
655.299000
656.542000
657.786000
669.424000
670.668000
671.911000
673.155000
674.382000
675.625000
676.868000
678.112000
679.355000
680.582000
681.826000
683.069000
684.312000
685.556000
686.783000
688.026000
689.270000
690.513000
691.740000
692.983000
694.227000
695.470000
696.714000
697.941000
699.184000
700.427000
702.914000
704.141000
705.385000
706.628000
707.872000
709.115000
710.342000
711.585000
712.829000
714.072000
715.316000
716.542000
729.424000
730.668000
731.895000
733.138000
734.382000
735.625000
736.852000
738.095000
739.339000
740.582000
741.826000
743.053000
744.296000
745.539000
746.783000
748.026000
749.253000
750.497000
751.740000
752.984000
754.227000
755.454000
756.697000
757.941000
759.184000
760.428000
761.654000
762.898000
764.141000
765.385000
766.612000
767.855000
769.098000
770.342000
771.585000
772.812000
774.056000
775.299000
777.786000
789.425000
790.668000
793.138000
794.382000
795.625000
796.852000
798.096000
799.339000
800.582000
801.826000
803.053000
804.296000
805.540000
806.783000
808.026000
809.253000
810.497000
811.740000
812.984000
814.227000
815.454000
816.697000
817.941000
819.184000
820.428000
821.655000
822.898000
824.141000
825.385000
826.612000
827.855000
829.099000
830.342000
831.586000
832.812000
834.056000
835.299000
836.543000
849.425000
850.652000
851.895000
853.138000
854.382000
855.625000
856.852000
858.096000
859.339000
860.583000
861.826000
863.053000
864.296000
865.540000
866.783000
868.027000
869.253000
870.497000
871.740000
874.227000
876.698000
879.184000
880.428000
884.142000
885.385000
886.612000
887.855000
889.099000
891.586000
892.813000
894.056000
895.299000
896.543000
897.786000
909.425000
910.652000
911.895000
914.382000
915.625000
916.852000
918.096000
919.339000
920.583000
921.826000
923.053000
924.296000
925.540000
926.783000
928.027000
929.254000
930.497000
931.740000
932.984000
934.227000
935.454000
936.698000
937.941000
941.655000
942.898000
944.142000
945.385000
946.612000
947.855000
949.099000
950.342000
951.586000
952.813000
954.056000
955.300000
956.543000
957.786000
969.425000
970.652000
971.895000
973.139000
974.382000
975.626000
976.852000
978.096000
979.339000
980.583000
981.826000
983.053000
984.297000
985.540000
986.783000
988.027000
989.254000
990.497000
991.741000
992.984000
995.454000
996.698000
999.185000
1000.412000
1001.655000
1002.898000
1004.142000
1006.612000
1007.856000
1009.099000
1010.342000
1011.586000
1012.813000
1014.056000
1015.300000
1016.543000
1017.787000
