1762.321000
1762.951000
1763.565000
1764.195000
1764.808000
1765.422000
1766.052000
1766.665000
1767.295000
1767.909000
1768.522000
1769.152000
1769.765000
1770.395000
1771.009000
1771.622000
1772.252000
1772.866000
1773.479000
1774.109000
1774.723000
1775.353000
1775.966000
1776.596000
1777.209000
1777.823000
1778.453000
1779.066000
1779.680000
1780.310000
1780.923000
1781.553000
1782.167000
1782.780000
1783.410000
1784.024000
1784.654000
1785.267000
1785.880000
1786.510000
1787.124000
1787.754000
1788.367000
1788.981000
1789.611000
1790.224000
1790.854000
1791.468000
1792.081000
1792.711000
1793.324000
1793.954000
1794.568000
1795.181000
1795.811000
1796.425000
1797.055000
1797.668000
1798.282000
1798.912000
1799.525000
1800.155000
1800.769000
1801.382000
1802.012000
1802.625000
1803.255000
1803.869000
1804.482000
1805.112000
1805.726000
1806.356000
1806.969000
1807.583000
1808.213000
1808.826000
1809.456000
1810.069000
1810.683000
1811.313000
1811.926000
1812.540000
1813.170000
1813.783000
1814.413000
1822.321000
1822.952000
1823.565000
1824.195000
1824.808000
1825.422000
1826.052000
1826.665000
1827.295000
1827.909000
1828.522000
1829.152000
1829.766000
1830.396000
1831.009000
1831.622000
1832.252000
1832.866000
1833.496000
1834.109000
1834.723000
1835.353000
1835.966000
1836.580000
1837.210000
1837.823000
1838.453000
1839.066000
1839.680000
1840.310000
1840.923000
1841.553000
1842.167000
1842.780000
1843.410000
1844.024000
1844.654000
1845.267000
1845.881000
1846.511000
1847.124000
1847.754000
1848.367000
1848.981000
1849.611000
1850.224000
1850.854000
1851.468000
1852.081000
1852.711000
1853.325000
1853.955000
1854.568000
1855.181000
1855.811000
1856.425000
1857.055000
1857.668000
1858.282000
1858.912000
1859.525000
1860.155000
1860.769000
1861.382000
1862.012000
1862.626000
1863.256000
1863.869000
1864.482000
1865.112000
1865.726000
1866.356000
1866.969000
1867.583000
1868.213000
1868.826000
1869.440000
1870.070000
1870.683000
1871.313000
1871.926000
1872.540000
1873.170000
1873.783000
1874.413000
1882.322000
1882.952000
1883.565000
1884.195000
1884.808000
1885.422000
1886.052000
1886.665000
1887.295000
1887.909000
1888.522000
1889.152000
1889.766000
1890.396000
1891.009000
1891.623000
1892.253000
1892.866000
1893.496000
1894.109000
1894.723000
1895.353000
1895.966000
1896.580000
1897.210000
1897.823000
1898.453000
1899.067000
1899.680000
1900.310000
1900.923000
1901.554000
1902.167000
1902.780000
1903.410000
1904.024000
1904.654000
1905.267000
1905.881000
1906.511000
1907.124000
1907.754000
1908.368000
1908.981000
1909.611000
1910.224000
1910.854000
1911.468000
1912.081000
1912.711000
1913.325000
1913.955000
1914.568000
1915.182000
1915.812000
1916.425000
1917.055000
1917.668000
1918.282000
1918.912000
1919.525000
1920.155000
1920.769000
1921.382000
1922.012000
1922.626000
1923.256000
1923.869000
1924.483000
1925.113000
1925.726000
1926.356000
1926.969000
1927.583000
1928.213000
1928.826000
1929.440000
1930.070000
1930.683000
1931.313000
1931.927000
1932.540000
1933.170000
1933.784000
1934.414000
1942.322000
1942.952000
1943.565000
1944.195000
1944.809000
1945.422000
1946.052000
1946.666000
1947.296000
1947.909000
1948.522000
1949.152000
1949.766000
1950.396000
1951.009000
1951.623000
1952.253000
1952.866000
1953.480000
1954.110000
1954.723000
1955.353000
1955.966000
1956.580000
1957.210000
1957.823000
1958.453000
1959.067000
1959.680000
1960.310000
1960.924000
1961.554000
1962.167000
1962.780000
1963.411000
1964.024000
1964.654000
1965.267000
1965.881000
1966.511000
1967.124000
1967.754000
1968.368000
1968.981000
1969.611000
1970.225000
1970.855000
1971.468000
1972.081000
1972.711000
1973.325000
1973.955000
1974.568000
1975.182000
1975.812000
1976.425000
1977.055000
1977.669000
1978.282000
1978.912000
1979.525000
1980.156000
1980.769000
1981.382000
1982.012000
1982.626000
1983.256000
1983.869000
1984.483000
1985.113000
1985.726000
1986.340000
1986.970000
1987.583000
1988.213000
1988.826000
1989.440000
1990.070000
1990.683000
1991.313000
1991.927000
1992.540000
1993.170000
1993.784000
1994.414000
2002.322000
2002.935000
2003.565000
2004.179000
2004.792000
2005.422000
2006.036000
2006.666000
2007.279000
2007.893000
2008.523000
2009.136000
2009.766000
2010.379000
2010.993000
2011.623000
2012.236000
2012.866000
2013.480000
2014.093000
2014.723000
2015.337000
2015.967000
2016.580000
2017.193000
2017.823000
2018.437000
2019.067000
2019.680000
2020.294000
2020.924000
2021.537000
2022.167000
2022.781000
2023.394000
2024.024000
2024.638000
2025.268000
2025.881000
2026.494000
2027.124000
2027.738000
2028.368000
2028.981000
2029.595000
2030.225000
2030.838000
2031.452000
2032.082000
2032.695000
2033.325000
2033.938000
2034.552000
2035.182000
2035.795000
2036.425000
2037.039000
2037.652000
2038.282000
2038.896000
2039.526000
2040.139000
2040.752000
2041.383000
2041.996000
2042.626000
2043.239000
2043.853000
2044.483000
2045.096000
2045.726000
2046.340000
2046.953000
2047.583000
2048.197000
2048.827000
2049.440000
2050.053000
2050.683000
2051.297000
2051.927000
2052.540000
2053.154000
2053.784000
2054.397000
2062.322000
2062.935000
2063.565000
2064.179000
2064.792000
2065.422000
2066.036000
2066.666000
2067.279000
2067.893000
2068.523000
2069.136000
2069.766000
2070.380000
2070.993000
2071.623000
2072.236000
2072.866000
2073.480000
2074.093000
2074.723000
2075.337000
2075.967000
2076.580000
2077.194000
2077.824000
2078.437000
2079.067000
2079.680000
2080.294000
2080.924000
2081.537000
2082.167000
2082.781000
2083.394000
2084.024000
2084.638000
2085.268000
2085.881000
2086.495000
2087.125000
2087.738000
2088.368000
2088.981000
2089.595000
2090.225000
2090.838000
2091.452000
2092.082000
2092.695000
2093.325000
2093.939000
2094.552000
2095.182000
2095.795000
2096.425000
2097.039000
2097.652000
2098.282000
2098.896000
2099.526000
2100.139000
2100.753000
2101.383000
2101.996000
2102.626000
2103.239000
2103.853000
2104.483000
2105.096000
2105.726000
2106.340000
2106.953000
2107.583000
2108.197000
2108.827000
2109.440000
2110.054000
2110.684000
2111.297000
2111.927000
2112.540000
2113.154000
2113.784000
2114.397000
2122.322000
2122.936000
2123.566000
2124.179000
2124.792000
2125.422000
2126.036000
2126.666000
2127.279000
2127.893000
2128.523000
2129.136000
2129.766000
2130.380000
2130.993000
2131.623000
2132.237000
2132.867000
2133.480000
2134.093000
2134.723000
2135.337000
2135.967000
2136.580000
2137.194000
2137.824000
2138.437000
2139.067000
2139.681000
2140.294000
2140.924000
2141.537000
2142.167000
2142.781000
2143.394000
2144.024000
2144.638000
2145.268000
2145.881000
2146.495000
2147.125000
2147.738000
2148.351000
2148.982000
2149.595000
2150.225000
2150.838000
2151.452000
2152.082000
2152.695000
2153.325000
2153.939000
2154.552000
2155.182000
2155.796000
2156.426000
2157.039000
2157.652000
2158.282000
2158.896000
2159.526000
2160.139000
2160.753000
2161.383000
2161.996000
2162.626000
2163.240000
2163.853000
2164.483000
2165.097000
2165.727000
2166.340000
2166.953000
2167.583000
2168.197000
2168.827000
2169.440000
2170.054000
2170.684000
2171.297000
2171.927000
2172.541000
2173.154000
2173.784000
2174.397000
2182.322000
2182.936000
2183.566000
2184.179000
2184.793000
2185.423000
2186.036000
2186.666000
2187.279000
2187.893000
2188.523000
2189.136000
2189.766000
2190.380000
2190.993000
2191.623000
2192.237000
2192.867000
2193.480000
2194.094000
2194.724000
2195.337000
2195.967000
2196.580000
2197.194000
2197.824000
2198.437000
2199.067000
2199.681000
2200.294000
2200.924000
2201.538000
2202.168000
2202.781000
2203.395000
2204.024000
2204.638000
2205.268000
2205.881000
2206.495000
2207.125000
2207.738000
2208.352000
2208.982000
2209.595000
2210.225000
2210.839000
2211.452000
2212.082000
2212.695000
2213.325000
2213.939000
2214.552000
2215.182000
2215.796000
2216.426000
2217.039000
2217.653000
2218.283000
2218.896000
2219.526000
2220.139000
2220.753000
2221.383000
2221.996000
2222.626000
2223.240000
2223.853000
2224.483000
2225.097000
2225.727000
2226.340000
2226.954000
2227.584000
2228.197000
2228.827000
2229.440000
2230.054000
2230.684000
2231.297000
2231.927000
2232.541000
2233.154000
2233.784000
2234.398000
2242.322000
2242.936000
2243.566000
2244.179000
2244.793000
2245.423000
2246.036000
2246.666000
2247.280000
2247.893000
2248.523000
2249.136000
2249.766000
2250.380000
2250.993000
2251.623000
2252.237000
2252.867000
2253.480000
2254.094000
2254.724000
2255.337000
2255.967000
2256.581000
2257.194000
2257.824000
2258.437000
2259.067000
2259.681000
2260.294000
2260.924000
2261.538000
2262.168000
2262.781000
2263.395000
2264.025000
2264.638000
2265.268000
2265.881000
2266.495000
2267.125000
2267.738000
2268.352000
2268.982000
2269.595000
2270.225000
2270.839000
2271.452000
2272.082000
2272.696000
2273.326000
2273.939000
2274.552000
2275.182000
2275.796000
2276.426000
2277.039000
2277.653000
2278.283000
2278.896000
2279.526000
2280.140000
2280.753000
2281.383000
2281.996000
2282.626000
2283.240000
2283.853000
2284.483000
2285.097000
2285.727000
2286.340000
2286.954000
2287.584000
2288.197000
2288.827000
2289.441000
2290.054000
2290.684000
2291.297000
2291.927000
2292.541000
2293.154000
2293.784000
2294.398000
2302.323000
2302.936000
2303.566000
2304.179000
2304.793000
2305.423000
2306.036000
2306.666000
2307.280000
2307.893000
2308.523000
2309.137000
2309.767000
2310.380000
2310.993000
2311.623000
2312.237000
2312.867000
2313.480000
2314.094000
2314.724000
2315.337000
2315.967000
2316.581000
2317.194000
2317.824000
2318.438000
2319.068000
2319.681000
2320.294000
2320.924000
2321.538000
2322.168000
2322.781000
2323.395000
2324.025000
2324.638000
2325.252000
2325.882000
2326.495000
2327.125000
2327.738000
2328.352000
2328.982000
2329.595000
2330.225000
2330.839000
2331.452000
2332.082000
2332.696000
2333.326000
2333.939000
2334.553000
2335.183000
2335.796000
2336.426000
2337.039000
2337.653000
2338.283000
2338.896000
2339.526000
2340.140000
2340.753000
2341.383000
2341.997000
2342.627000
2343.240000
2343.853000
2344.483000
2345.097000
2345.727000
2346.340000
2346.954000
2347.584000
2348.197000
2348.827000
2349.441000
2350.054000
2350.684000
2351.298000
2351.928000
2352.541000
2353.154000
2353.784000
2354.398000
2362.323000
2362.936000
2363.566000
2364.180000
2364.793000
2365.423000
2366.036000
2366.666000
2367.280000
2367.893000
2368.523000
2369.137000
2369.767000
2370.380000
2370.994000
2371.624000
2372.237000
2372.867000
2373.481000
2374.094000
2374.724000
2375.337000
2375.967000
2376.581000
2377.194000
2377.824000
2378.438000
2379.068000
2379.681000
2380.295000
2380.925000
2381.538000
2382.168000
2382.781000
2383.395000
2384.025000
2384.638000
2385.252000
2385.882000
2386.495000
2387.125000
2387.739000
2388.352000
2388.982000
2389.595000
2390.225000
2390.839000
2391.452000
2392.082000
2392.696000
2393.326000
2393.939000
2394.553000
2395.183000
2395.796000
2396.426000
2397.040000
2397.653000
2398.283000
2398.896000
2399.526000
2400.140000
2400.753000
2401.383000
2401.997000
2402.627000
2403.240000
2403.854000
2404.484000
2405.097000
2405.727000
2406.340000
2406.954000
2407.584000
2408.197000
2408.827000
2409.441000
2410.054000
2410.684000
2411.298000
2411.928000
2412.541000
2413.155000
2413.785000
2414.398000
2422.323000
2422.936000
2423.566000
2424.180000
2424.793000
2425.423000
2426.037000
2426.667000
2427.280000
2427.893000
2428.523000
2429.137000
2429.767000
2430.380000
2430.994000
2431.624000
2432.237000
2432.867000
2433.481000
2434.094000
2434.724000
2435.338000
2435.968000
2436.581000
2437.194000
2437.824000
2438.438000
2439.068000
2439.681000
2440.295000
2440.925000
2441.538000
2442.168000
2442.782000
2443.395000
2444.025000
2444.638000
2445.268000
2445.882000
2446.495000
2447.125000
2447.739000
2448.369000
2448.982000
2449.596000
2450.226000
2450.839000
2451.452000
2452.083000
2452.696000
2453.326000
2453.939000
2454.553000
2455.183000
2455.796000
2456.426000
2457.040000
2457.653000
2458.283000
2458.897000
2459.527000
2460.140000
2460.753000
2461.383000
2461.997000
2462.627000
2463.240000
2463.854000
2464.484000
2465.097000
2465.727000
2466.341000
2466.954000
2467.584000
2468.198000
2468.827000
2469.441000
2470.054000
2470.684000
2471.298000
2471.928000
2472.541000
2473.155000
2473.785000
2474.398000
