1038.665000
1039.908000
1042.395000
1043.622000
1046.109000
1047.352000
1048.596000
1049.823000
1051.066000
1052.310000
1053.553000
1054.780000
1056.023000
1057.267000
1058.510000
1059.754000
1060.980000
1062.224000
1063.467000
1064.711000
1065.954000
1067.181000
1068.425000
1069.668000
1070.911000
1072.155000
1073.382000
1074.625000
1075.869000
1077.112000
1078.355000
1079.582000
1080.826000
1082.069000
1083.313000
1084.540000
1097.422000
1098.665000
1099.908000
1102.395000
1103.622000
1104.866000
1106.109000
1107.353000
1108.596000
1109.823000
1111.066000
1112.310000
1113.553000
1114.797000
1116.023000
1117.267000
1118.510000
1119.754000
1120.981000
1122.224000
1123.467000
1124.711000
1125.954000
1127.181000
1128.425000
1129.668000
1130.912000
1132.155000
1133.382000
1134.625000
1135.869000
1137.112000
1138.356000
1139.582000
1140.826000
1142.069000
1144.556000
1145.783000
1157.422000
1158.665000
1159.909000
1161.152000
1162.395000
1163.622000
1164.866000
1167.353000
1168.580000
1169.823000
1171.066000
1172.310000
1173.553000
1174.780000
1176.024000
1178.510000
1179.754000
1180.981000
1182.224000
1183.468000
1184.711000
1185.954000
1187.181000
1188.425000
1189.668000
1190.912000
1192.155000
1193.382000
1194.625000
1195.869000
1197.112000
1198.356000
1199.583000
1200.826000
1202.069000
1203.313000
1204.540000
1205.783000
1217.422000
1218.665000
1219.909000
1221.152000
1222.396000
1223.622000
1224.866000
1226.109000
1227.353000
1228.580000
1229.823000
1231.067000
1232.310000
1233.553000
1234.780000
1236.024000
1237.267000
1238.511000
1239.754000
1240.981000
1242.224000
1243.468000
1244.711000
1247.182000
1248.425000
1249.668000
1250.912000
1252.155000
1253.382000
1254.626000
1255.869000
1257.112000
1258.356000
1259.583000
1260.826000
1262.070000
1263.313000
1264.540000
1265.783000
1277.422000
1278.665000
1279.909000
1281.152000
1282.396000
1283.623000
1286.109000
1287.353000
1288.596000
1289.823000
1291.067000
1292.310000
1293.554000
1294.797000
1296.024000
1297.267000
1298.511000
1299.754000
1300.981000
1302.224000
1303.468000
1304.711000
1305.955000
1307.182000
1308.425000
1309.669000
1310.912000
1312.155000
1313.382000
1314.626000
1315.869000
1317.113000
1318.356000
1319.583000
1320.826000
1322.070000
1323.313000
1324.557000
1325.784000
1337.422000
1338.666000
1339.909000
1341.152000
1342.396000
1344.866000
1346.110000
1347.353000
1348.596000
1349.823000
1352.310000
1353.554000
1354.781000
1356.024000
1357.267000
1358.511000
1359.754000
1360.981000
1362.225000
1363.468000
1364.711000
1365.955000
1367.182000
1368.425000
1369.669000
1370.912000
1372.156000
1373.382000
1374.626000
1375.869000
1377.113000
1378.356000
1379.583000
1380.826000
1382.070000
1383.313000
1384.557000
1385.784000
1397.422000
1398.666000
1399.909000
1401.153000
1402.396000
1403.623000
1404.866000
1406.110000
1407.353000
1408.597000
1409.823000
1411.067000
1412.310000
1413.554000
1414.781000
1416.024000
1418.511000
1419.754000
1420.981000
1422.225000
1423.468000
1424.712000
1427.182000
1428.425000
1429.669000
1430.912000
1432.156000
1433.383000
1434.626000
1435.869000
1437.113000
1438.356000
1439.583000
1440.827000
1442.070000
1443.313000
1444.557000
1445.784000
1457.422000
1458.666000
1459.909000
1461.153000
1462.396000
1463.623000
1464.866000
1466.110000
1467.353000
1468.597000
1469.824000
1471.067000
1472.310000
1473.554000
1474.781000
1476.024000
1477.268000
1479.755000
1480.981000
1482.225000
1483.468000
1484.712000
1485.955000
1487.182000
1488.425000
1489.669000
1490.912000
1492.156000
1493.383000
1494.626000
1495.870000
1497.113000
1498.356000
1499.583000
1500.827000
1502.070000
1503.314000
1504.557000
1505.784000
1517.423000
1518.666000
1519.909000
1522.396000
1523.623000
1524.867000
1526.110000
1527.353000
1528.597000
1529.824000
1531.067000
1532.311000
1533.554000
1534.781000
1536.024000
1537.268000
1538.511000
1539.755000
1540.982000
1542.225000
1543.468000
1544.712000
1545.955000
1547.182000
1548.426000
1549.669000
1550.912000
1552.156000
1553.383000
1554.626000
1555.870000
1557.113000
1558.357000
1559.583000
1560.827000
1562.070000
1563.314000
1564.541000
1565.784000
1577.423000
1578.666000
1579.910000
1581.153000
1582.396000
1583.623000
1584.867000
1586.110000
1587.354000
1588.597000
1589.824000
1591.067000
1592.311000
1593.554000
1594.781000
1596.025000
1597.268000
1598.511000
1599.755000
1600.982000
1602.225000
1603.469000
1604.712000
1605.955000
1607.182000
1608.426000
1609.669000
1610.913000
1612.156000
1613.383000
1614.626000
1615.870000
1617.113000
1618.357000
1619.584000
1622.070000
1623.314000
1624.541000
1625.784000
1637.423000
1638.666000
1639.910000
1641.153000
1642.397000
1643.623000
1644.867000
1646.110000
1647.354000
1648.581000
1649.824000
1651.067000
1652.311000
1653.554000
1654.781000
1656.025000
1657.268000
1658.512000
1659.755000
1660.982000
1662.225000
1663.469000
1664.712000
1665.956000
1667.182000
1668.426000
1669.669000
1670.913000
1672.156000
1673.383000
1674.627000
1675.870000
1677.113000
1678.357000
1679.584000
1680.827000
1682.071000
1683.314000
1684.541000
1685.784000
1697.423000
1698.666000
1699.893000
1701.137000
1702.380000
1703.624000
1704.867000
1706.094000
1707.337000
1708.581000
1709.824000
1712.294000
1713.538000
1714.781000
1716.025000
1717.268000
1718.495000
1719.739000
1720.982000
1722.225000
1723.469000
1724.696000
1725.939000
1727.183000
1728.426000
1729.653000
1730.896000
1732.140000
1733.383000
1734.627000
1735.854000
1737.097000
1738.340000
1739.584000
1742.054000
1743.298000
1744.541000
1745.784000
