311.285000
312.529000
316.242000
317.486000
318.729000
319.973000
323.687000
324.930000
327.400000
328.644000
329.887000
331.131000
332.374000
333.601000
336.088000
337.331000
339.802000
341.045000
343.532000
344.775000
346.002000
347.246000
350.976000
352.203000
353.446000
354.690000
357.160000
358.403000
370.042000
371.285000
372.529000
376.243000
377.486000
382.443000
384.930000
386.174000
387.400000
388.644000
389.887000
391.131000
392.374000
394.845000
396.088000
398.575000
403.532000
404.775000
407.246000
408.489000
409.733000
410.959000
412.203000
413.446000
414.690000
415.933000
417.160000
418.404000
430.042000
431.286000
433.772000
435.016000
436.243000
439.973000
441.200000
442.443000
444.930000
446.174000
447.401000
448.644000
451.131000
452.374000
453.601000
454.845000
456.088000
458.575000
459.802000
461.045000
462.289000
463.532000
466.002000
467.246000
468.489000
469.733000
470.960000
473.446000
474.690000
478.404000
490.042000
491.286000
493.773000
495.016000
496.243000
499.973000
501.200000
502.444000
503.687000
504.930000
506.174000
507.401000
509.888000
512.374000
513.601000
516.088000
517.332000
518.575000
521.045000
522.289000
523.532000
524.776000
526.003000
527.246000
528.489000
529.733000
530.960000
533.447000
534.690000
535.934000
537.160000
551.286000
552.529000
558.730000
559.973000
562.444000
563.687000
566.174000
568.644000
569.888000
571.131000
573.601000
574.845000
576.088000
577.332000
579.802000
581.046000
582.289000
583.532000
584.776000
586.003000
587.246000
589.733000
590.960000
592.203000
593.447000
594.690000
595.934000
598.404000
610.043000
611.286000
612.529000
615.000000
616.243000
617.487000
618.730000
619.974000
621.200000
623.687000
624.931000
626.174000
627.401000
632.375000
633.602000
634.845000
636.088000
637.332000
638.575000
639.802000
642.289000
643.533000
644.776000
646.003000
649.733000
650.960000
652.203000
653.447000
655.934000
657.161000
658.404000
671.286000
672.513000
673.756000
675.000000
678.714000
682.444000
683.687000
686.158000
687.401000
689.888000
691.115000
693.602000
694.845000
697.315000
698.559000
699.802000
701.046000
702.273000
706.003000
710.960000
712.204000
713.447000
714.674000
717.161000
718.404000
730.043000
731.286000
732.530000
733.773000
735.000000
736.243000
737.487000
742.444000
743.688000
746.174000
747.401000
751.132000
752.375000
756.089000
758.576000
759.803000
761.046000
762.289000
763.533000
764.760000
766.003000
767.247000
768.490000
769.733000
770.960000
772.204000
773.447000
774.691000
775.934000
777.161000
778.404000
790.043000
791.286000
792.530000
793.773000
795.000000
802.444000
803.688000
804.931000
807.401000
808.645000
809.888000
814.845000
817.332000
818.576000
822.290000
823.533000
824.760000
827.247000
828.490000
830.960000
834.691000
835.934000
850.043000
851.287000
853.773000
855.000000
856.244000
858.731000
859.974000
861.201000
862.444000
863.688000
866.175000
867.402000
868.645000
869.888000
871.132000
872.375000
873.602000
874.846000
876.089000
881.046000
882.290000
884.760000
889.734000
890.961000
893.447000
894.691000
895.934000
897.161000
898.405000
910.043000
912.530000
915.000000
916.244000
917.487000
918.731000
921.201000
922.444000
923.688000
924.931000
926.175000
928.645000
929.889000
932.375000
933.602000
934.846000
936.089000
937.333000
941.046000
942.290000
943.533000
944.760000
946.004000
948.490000
949.734000
950.961000
955.934000
957.161000
958.405000
970.043000
971.287000
973.774000
979.974000
981.201000
982.445000
986.175000
987.402000
989.889000
991.132000
993.602000
994.846000
996.089000
997.333000
999.803000
1001.046000
1002.290000
1003.533000
1004.760000
1006.004000
1007.247000
1009.734000
1010.961000
1012.204000
1013.448000
1014.691000
1015.935000
