1762.331000
1762.945000
1763.575000
1764.188000
1764.802000
1765.432000
1766.045000
1766.675000
1767.288000
1767.902000
1768.532000
1769.145000
1769.775000
1770.389000
1771.002000
1771.632000
1772.246000
1772.876000
1773.489000
1774.103000
1774.733000
1775.346000
1775.976000
1776.589000
1777.203000
1777.833000
1778.446000
1779.060000
1779.690000
1780.303000
1780.933000
1781.547000
1782.160000
1782.790000
1783.403000
1784.033000
1784.647000
1785.260000
1785.890000
1786.504000
1787.134000
1787.747000
1788.361000
1788.991000
1789.604000
1790.234000
1790.848000
1791.461000
1792.091000
1792.704000
1793.334000
1793.948000
1794.561000
1795.191000
1795.805000
1796.435000
1797.048000
1797.662000
1798.292000
1798.905000
1799.535000
1800.148000
1800.762000
1801.392000
1802.005000
1802.635000
1803.249000
1803.862000
1804.492000
1805.106000
1805.736000
1806.349000
1806.962000
1807.592000
1808.206000
1808.836000
1809.449000
1810.063000
1810.693000
1811.306000
1811.920000
1812.550000
1813.163000
1813.793000
1814.407000
1822.331000
1822.945000
1823.575000
1824.188000
1824.802000
1825.432000
1826.045000
1826.675000
1827.289000
1827.902000
1828.532000
1829.145000
1829.775000
1830.389000
1831.002000
1831.632000
1832.246000
1832.876000
1833.489000
1834.103000
1834.733000
1835.346000
1835.960000
1836.590000
1837.203000
1837.833000
1838.446000
1839.060000
1839.690000
1840.303000
1840.933000
1841.547000
1842.160000
1842.790000
1843.404000
1844.034000
1844.647000
1845.260000
1845.890000
1846.504000
1847.134000
1847.747000
1848.361000
1848.991000
1849.604000
1850.234000
1850.848000
1851.461000
1852.091000
1852.705000
1853.335000
1853.948000
1854.561000
1855.191000
1855.805000
1856.435000
1857.048000
1857.662000
1858.292000
1858.905000
1859.535000
1860.149000
1860.762000
1861.392000
1862.005000
1862.635000
1863.249000
1863.862000
1864.492000
1865.106000
1865.736000
1866.349000
1866.963000
1867.593000
1868.206000
1868.819000
1869.449000
1870.063000
1870.693000
1871.306000
1871.920000
1872.550000
1873.163000
1873.793000
1874.407000
1882.332000
1882.945000
1883.575000
1884.188000
1884.802000
1885.432000
1886.045000
1886.675000
1887.289000
1887.902000
1888.532000
1889.146000
1889.776000
1890.389000
1891.002000
1891.632000
1892.246000
1892.876000
1893.489000
1894.103000
1894.733000
1895.346000
1895.960000
1896.590000
1897.203000
1897.833000
1898.447000
1899.060000
1899.690000
1900.303000
1900.933000
1901.547000
1902.160000
1902.790000
1903.404000
1904.034000
1904.647000
1905.261000
1905.891000
1906.504000
1907.134000
1907.747000
1908.361000
1908.991000
1909.604000
1910.234000
1910.848000
1911.461000
1912.091000
1912.705000
1913.335000
1913.948000
1914.562000
1915.192000
1915.805000
1916.435000
1917.048000
1917.662000
1918.292000
1918.905000
1919.535000
1920.149000
1920.762000
1921.392000
1922.006000
1922.636000
1923.249000
1923.862000
1924.492000
1925.106000
1925.736000
1926.349000
1926.963000
1927.593000
1928.206000
1928.820000
1929.450000
1930.063000
1930.693000
1931.307000
1931.920000
1932.550000
1933.163000
1933.793000
1934.407000
1942.332000
1942.945000
1943.575000
1944.189000
1944.802000
1945.432000
1946.045000
1946.675000
1947.289000
1947.902000
1948.532000
1949.146000
1949.776000
1950.389000
1951.003000
1951.633000
1952.246000
1952.876000
1953.489000
1954.103000
1954.733000
1955.346000
1955.960000
1956.590000
1957.203000
1957.833000
1958.447000
1959.060000
1959.690000
1960.304000
1960.934000
1961.547000
1962.160000
1962.790000
1963.404000
1964.034000
1964.647000
1965.261000
1965.891000
1966.504000
1967.134000
1967.748000
1968.361000
1968.991000
1969.604000
1970.234000
1970.848000
1971.461000
1972.091000
1972.705000
1973.335000
1973.948000
1974.562000
1975.192000
1975.805000
1976.435000
1977.049000
1977.662000
1978.292000
1978.905000
1979.535000
1980.149000
1980.762000
1981.392000
1982.006000
1982.636000
1983.249000
1983.863000
1984.493000
1985.106000
1985.736000
1986.349000
1986.963000
1987.593000
1988.206000
1988.820000
1989.450000
1990.063000
1990.693000
1991.307000
1991.920000
1992.550000
1993.164000
1993.794000
1994.407000
2002.332000
2002.945000
2003.575000
2004.189000
2004.802000
2005.432000
2006.046000
2006.676000
2007.289000
2007.902000
2008.532000
2009.146000
2009.776000
2010.389000
2011.003000
2011.633000
2012.246000
2012.860000
2013.490000
2014.103000
2014.733000
2015.346000
2015.960000
2016.590000
2017.203000
2017.833000
2018.447000
2019.060000
2019.690000
2020.304000
2020.934000
2021.547000
2022.161000
2022.791000
2023.404000
2024.034000
2024.647000
2025.261000
2025.891000
2026.504000
2027.134000
2027.748000
2028.361000
2028.991000
2029.605000
2030.235000
2030.848000
2031.461000
2032.091000
2032.705000
2033.335000
2033.948000
2034.562000
2035.192000
2035.805000
2036.435000
2037.049000
2037.662000
2038.292000
2038.906000
2039.536000
2040.149000
2040.762000
2041.392000
2042.006000
2042.636000
2043.249000
2043.863000
2044.493000
2045.106000
2045.720000
2046.350000
2046.963000
2047.593000
2048.206000
2048.820000
2049.450000
2050.063000
2050.693000
2051.307000
2051.920000
2052.550000
2053.164000
2053.794000
2054.407000
2062.332000
2062.945000
2063.575000
2064.189000
2064.802000
2065.432000
2066.046000
2066.676000
2067.289000
2067.903000
2068.533000
2069.146000
2069.776000
2070.389000
2071.003000
2071.633000
2072.246000
2072.860000
2073.490000
2074.103000
2074.733000
2075.347000
2075.960000
2076.590000
2077.203000
2077.833000
2078.447000
2079.060000
2079.690000
2080.304000
2080.934000
2081.547000
2082.161000
2082.791000
2083.404000
2084.034000
2084.648000
2085.261000
2085.891000
2086.504000
2087.134000
2087.748000
2088.361000
2088.991000
2089.605000
2090.235000
2090.848000
2091.462000
2092.092000
2092.705000
2093.335000
2093.948000
2094.562000
2095.192000
2095.805000
2096.435000
2097.049000
2097.662000
2098.292000
2098.906000
2099.536000
2100.149000
2100.763000
2101.393000
2102.006000
2102.636000
2103.249000
2103.863000
2104.493000
2105.106000
2105.720000
2106.350000
2106.963000
2107.593000
2108.207000
2108.820000
2109.450000
2110.063000
2110.693000
2111.307000
2111.920000
2112.550000
2113.164000
2113.794000
2114.407000
2122.332000
2122.946000
2123.576000
2124.189000
2124.802000
2125.432000
2126.046000
2126.676000
2127.289000
2127.903000
2128.533000
2129.146000
2129.760000
2130.390000
2131.003000
2131.633000
2132.246000
2132.860000
2133.490000
2134.103000
2134.733000
2135.347000
2135.960000
2136.590000
2137.204000
2137.834000
2138.447000
2139.060000
2139.691000
2140.304000
2140.934000
2141.547000
2142.161000
2142.791000
2143.404000
2144.034000
2144.648000
2145.261000
2145.891000
2146.505000
2147.135000
2147.748000
2148.361000
2148.992000
2149.605000
2150.235000
2150.848000
2151.462000
2152.092000
2152.705000
2153.335000
2153.949000
2154.562000
2155.192000
2155.805000
2156.435000
2157.049000
2157.662000
2158.292000
2158.906000
2159.536000
2160.149000
2160.763000
2161.393000
2162.006000
2162.620000
2163.250000
2163.863000
2164.493000
2165.106000
2165.720000
2166.350000
2166.963000
2167.593000
2168.207000
2168.820000
2169.450000
2170.064000
2170.694000
2171.307000
2171.920000
2172.550000
2173.164000
2173.794000
2174.407000
2182.332000
2182.946000
2183.576000
2184.189000
2184.802000
2185.433000
2186.046000
2186.676000
2187.289000
2187.903000
2188.533000
2189.146000
2189.760000
2190.390000
2191.003000
2191.633000
2192.247000
2192.860000
2193.490000
2194.103000
2194.733000
2195.347000
2195.960000
2196.590000
2197.204000
2197.834000
2198.447000
2199.061000
2199.691000
2200.304000
2200.934000
2201.547000
2202.161000
2202.791000
2203.404000
2204.034000
2204.648000
2205.261000
2205.891000
2206.505000
2207.135000
2207.748000
2208.362000
2208.992000
2209.605000
2210.235000
2210.848000
2211.462000
2212.092000
2212.705000
2213.335000
2213.949000
2214.562000
2215.192000
2215.806000
2216.436000
2217.049000
2217.662000
2218.293000
2218.906000
2219.536000
2220.149000
2220.763000
2221.393000
2222.006000
2222.620000
2223.250000
2223.863000
2224.493000
2225.107000
2225.720000
2226.350000
2226.963000
2227.593000
2228.207000
2228.820000
2229.450000
2230.064000
2230.694000
2231.307000
2231.921000
2232.551000
2233.164000
2233.794000
2234.407000
2242.332000
2242.946000
2243.576000
2244.189000
2244.803000
2245.433000
2246.046000
2246.660000
2247.290000
2247.903000
2248.533000
2249.146000
2249.760000
2250.390000
2251.003000
2251.633000
2252.247000
2252.860000
2253.490000
2254.104000
2254.734000
2255.347000
2255.960000
2256.590000
2257.204000
2257.834000
2258.447000
2259.061000
2259.691000
2260.304000
2260.934000
2261.548000
2262.161000
2262.791000
2263.405000
2264.035000
2264.648000
2265.261000
2265.891000
2266.505000
2267.135000
2267.748000
2268.362000
2268.992000
2269.605000
2270.235000
2270.849000
2271.462000
2272.092000
2272.705000
2273.336000
2273.949000
2274.562000
2275.192000
2275.806000
2276.436000
2277.049000
2277.663000
2278.293000
2278.906000
2279.520000
2280.149000
2280.763000
2281.393000
2282.006000
2282.620000
2283.250000
2283.863000
2284.493000
2285.107000
2285.720000
2286.350000
2286.964000
2287.594000
2288.207000
2288.820000
2289.450000
2290.064000
2290.694000
2291.307000
2291.921000
2292.551000
2293.164000
2293.794000
2294.408000
2302.332000
2302.946000
2303.576000
2304.189000
2304.803000
2305.433000
2306.046000
2306.660000
2307.290000
2307.903000
2308.533000
2309.147000
2309.760000
2310.390000
2311.003000
2311.633000
2312.247000
2312.860000
2313.490000
2314.104000
2314.734000
2315.347000
2315.961000
2316.591000
2317.204000
2317.834000
2318.447000
2319.061000
2319.691000
2320.304000
2320.934000
2321.548000
2322.161000
2322.791000
2323.405000
2324.035000
2324.648000
2325.262000
2325.892000
2326.505000
2327.135000
2327.748000
2328.362000
2328.992000
2329.605000
2330.235000
2330.849000
2331.462000
2332.092000
2332.706000
2333.336000
2333.949000
2334.562000
2335.192000
2335.806000
2336.436000
2337.049000
2337.663000
2338.293000
2338.906000
2339.520000
2340.150000
2340.763000
2341.393000
2342.007000
2342.620000
2343.250000
2343.863000
2344.493000
2345.107000
2345.720000
2346.350000
2346.964000
2347.594000
2348.207000
2348.821000
2349.451000
2350.064000
2350.694000
2351.307000
2351.921000
2352.551000
2353.164000
2353.794000
2354.408000
2362.333000
2362.946000
2363.576000
2364.189000
2364.803000
2365.433000
2366.046000
2366.676000
2367.290000
2367.903000
2368.533000
2369.147000
2369.777000
2370.390000
2371.004000
2371.634000
2372.247000
2372.877000
2373.490000
2374.104000
2374.734000
2375.347000
2375.961000
2376.591000
2377.204000
2377.834000
2378.448000
2379.061000
2379.691000
2380.304000
2380.934000
2381.548000
2382.161000
2382.791000
2383.405000
2384.035000
2384.648000
2385.262000
2385.892000
2386.505000
2387.135000
2387.749000
2388.362000
2388.992000
2389.605000
2390.235000
2390.849000
2391.462000
2392.092000
2392.706000
2393.336000
2393.949000
2394.563000
2395.193000
2395.806000
2396.436000
2397.049000
2397.663000
2398.293000
2398.906000
2399.536000
2400.150000
2400.763000
2401.393000
2402.007000
2402.637000
2403.250000
2403.864000
2404.494000
2405.107000
2405.737000
2406.350000
2406.964000
2407.594000
2408.207000
2408.821000
2409.451000
2410.064000
2410.694000
2411.308000
2411.921000
2412.551000
2413.164000
2413.794000
2414.408000
2422.333000
2422.946000
2423.576000
2424.190000
2424.803000
2425.433000
2426.046000
2426.677000
2427.290000
2427.903000
2428.533000
2429.147000
2429.777000
2430.390000
2431.004000
2431.634000
2432.247000
2432.861000
2433.491000
2434.104000
2434.734000
2435.347000
2435.961000
2436.591000
2437.204000
2437.834000
2438.448000
2439.061000
2439.691000
2440.305000
2440.935000
2441.548000
2442.161000
2442.791000
2443.405000
2444.035000
2444.648000
2445.262000
2445.892000
2446.505000
2447.135000
2447.749000
2448.362000
2448.992000
2449.606000
2450.236000
2450.849000
2451.462000
2452.092000
2452.706000
2453.336000
2453.949000
2454.563000
2455.193000
2455.806000
2456.436000
2457.050000
2457.663000
2458.293000
2458.906000
2459.536000
2460.150000
2460.763000
2461.393000
2462.007000
2462.637000
2463.250000
2463.864000
2464.494000
2465.107000
2465.721000
2466.351000
2466.964000
2467.594000
2468.207000
2468.821000
2469.451000
2470.064000
2470.694000
2471.308000
2471.921000
2472.551000
2473.165000
2473.795000
2474.408000
