310.672000
311.285000
311.915000
312.529000
313.142000
313.772000
314.386000
315.016000
315.629000
316.242000
316.873000
317.486000
318.116000
318.729000
319.343000
319.973000
320.586000
321.830000
322.443000
323.073000
323.687000
324.300000
324.930000
326.173000
326.787000
327.400000
328.030000
328.644000
329.274000
329.887000
330.501000
331.131000
331.744000
332.374000
332.988000
333.601000
334.231000
334.844000
336.088000
336.701000
337.331000
337.945000
339.188000
339.802000
340.432000
341.045000
341.675000
342.288000
342.902000
343.532000
344.145000
344.775000
345.389000
346.002000
346.632000
347.246000
347.876000
348.489000
349.103000
350.346000
350.976000
351.589000
352.203000
352.833000
353.446000
354.060000
354.690000
355.303000
355.933000
356.547000
357.160000
357.790000
358.403000
369.429000
370.042000
370.672000
371.285000
371.915000
372.529000
373.772000
374.386000
375.629000
376.243000
376.873000
377.486000
378.100000
378.730000
379.343000
379.973000
380.586000
381.200000
381.830000
382.443000
383.073000
383.687000
384.300000
384.930000
385.544000
386.174000
387.400000
388.030000
388.644000
389.274000
389.887000
390.501000
391.131000
392.374000
392.988000
393.601000
394.231000
394.845000
395.475000
396.088000
396.701000
397.945000
398.575000
399.188000
399.802000
400.432000
401.045000
401.675000
402.289000
402.902000
403.532000
404.145000
404.775000
405.389000
406.002000
406.632000
407.246000
407.876000
408.489000
409.733000
410.346000
410.959000
411.589000
412.203000
412.833000
413.446000
414.060000
414.690000
415.303000
415.933000
416.547000
417.160000
417.790000
418.404000
429.429000
430.042000
430.672000
431.286000
431.916000
432.529000
433.142000
433.772000
434.386000
435.016000
435.629000
436.243000
436.873000
437.486000
438.100000
438.730000
439.343000
439.973000
441.200000
441.830000
442.443000
443.073000
443.687000
444.300000
444.930000
445.544000
446.174000
446.787000
447.401000
448.031000
448.644000
449.274000
449.887000
450.501000
451.131000
451.744000
452.374000
452.988000
453.601000
454.231000
454.845000
455.475000
456.088000
456.702000
457.332000
458.575000
459.188000
459.802000
460.432000
461.045000
461.675000
462.289000
462.902000
463.532000
464.146000
465.389000
466.002000
466.632000
467.246000
467.876000
468.489000
469.103000
469.733000
470.346000
470.960000
471.590000
472.833000
473.446000
474.060000
474.690000
475.303000
475.933000
476.547000
477.790000
478.404000
489.429000
490.042000
490.672000
491.286000
491.916000
492.529000
493.143000
493.773000
494.386000
495.016000
495.629000
496.243000
496.873000
497.486000
498.730000
499.343000
499.973000
500.587000
501.200000
501.830000
502.444000
503.074000
503.687000
504.300000
504.930000
505.544000
506.174000
507.401000
508.031000
508.644000
509.274000
509.888000
510.501000
511.131000
511.744000
512.374000
512.988000
513.601000
514.231000
514.845000
515.475000
516.088000
516.702000
517.332000
517.945000
518.575000
519.189000
519.802000
520.432000
521.045000
521.675000
522.289000
522.902000
523.532000
524.146000
524.776000
525.389000
526.003000
526.633000
527.246000
527.859000
528.489000
529.103000
529.733000
530.346000
530.960000
531.590000
532.203000
532.833000
533.447000
534.060000
534.690000
535.304000
535.934000
536.547000
537.160000
538.404000
549.429000
550.042000
550.672000
551.286000
551.916000
552.529000
553.143000
553.773000
554.386000
555.000000
555.630000
556.873000
558.100000
558.730000
559.343000
559.973000
560.587000
561.830000
562.444000
563.074000
563.687000
564.301000
564.931000
565.544000
566.174000
566.787000
567.401000
568.031000
568.644000
569.274000
569.888000
570.501000
571.131000
572.375000
572.988000
573.601000
574.845000
575.475000
576.088000
576.702000
577.332000
577.945000
579.189000
579.802000
580.432000
581.046000
581.676000
582.289000
582.902000
583.532000
584.146000
584.776000
585.389000
586.003000
586.633000
587.246000
587.860000
588.490000
589.103000
589.733000
590.346000
590.960000
591.590000
592.203000
592.833000
593.447000
594.060000
594.690000
595.304000
595.934000
596.547000
597.161000
597.791000
598.404000
609.429000
610.043000
610.673000
611.286000
611.916000
612.529000
613.143000
613.773000
614.386000
615.000000
615.630000
616.243000
616.873000
617.487000
618.100000
618.730000
619.344000
619.974000
620.587000
621.200000
621.830000
622.444000
623.074000
623.687000
624.301000
624.931000
625.544000
626.174000
626.788000
627.401000
628.031000
628.644000
629.274000
629.888000
630.501000
631.131000
631.745000
632.375000
632.988000
633.602000
634.232000
634.845000
635.475000
636.088000
636.702000
637.332000
637.945000
638.575000
639.189000
639.802000
640.432000
641.046000
641.676000
642.289000
642.903000
643.533000
644.146000
644.776000
645.389000
646.003000
646.633000
647.246000
647.860000
648.490000
649.103000
649.733000
650.347000
650.960000
651.590000
652.203000
653.447000
654.060000
655.304000
655.934000
656.547000
657.161000
657.791000
658.404000
669.413000
670.043000
670.656000
671.286000
671.900000
672.513000
673.143000
673.756000
674.386000
675.000000
675.613000
676.857000
677.487000
678.100000
678.714000
679.344000
680.587000
681.201000
681.814000
682.444000
683.057000
683.687000
684.301000
684.914000
685.544000
686.158000
686.788000
687.401000
688.015000
688.645000
689.258000
689.888000
690.501000
691.115000
691.745000
692.972000
693.602000
694.215000
694.845000
695.459000
696.072000
696.702000
697.315000
698.559000
699.172000
699.802000
700.416000
701.046000
701.659000
702.273000
702.903000
703.516000
704.146000
704.760000
705.373000
706.003000
706.616000
707.860000
708.473000
709.103000
710.347000
710.960000
711.574000
712.204000
712.817000
713.447000
714.060000
714.674000
715.304000
715.917000
716.547000
717.161000
718.404000
730.043000
730.673000
731.286000
731.900000
732.530000
733.143000
733.773000
734.387000
735.000000
735.630000
736.243000
736.873000
737.487000
738.100000
738.730000
739.344000
739.974000
740.587000
741.201000
741.831000
742.444000
743.074000
743.688000
744.301000
745.544000
746.174000
746.788000
747.401000
748.031000
748.645000
749.275000
749.888000
750.502000
751.132000
751.745000
752.375000
752.988000
753.602000
754.232000
754.845000
755.475000
756.089000
756.702000
757.332000
757.946000
758.576000
759.189000
759.803000
760.433000
761.046000
761.676000
762.289000
762.903000
763.533000
764.146000
764.760000
765.390000
766.003000
766.633000
767.247000
768.490000
769.103000
769.733000
770.347000
770.960000
771.590000
772.204000
772.834000
773.447000
774.061000
774.691000
775.304000
775.934000
776.547000
777.161000
777.791000
778.404000
789.430000
790.043000
790.673000
791.286000
791.900000
792.530000
793.143000
793.773000
794.387000
795.000000
796.874000
797.487000
798.100000
798.730000
799.344000
799.974000
800.587000
801.201000
801.831000
802.444000
803.074000
803.688000
804.301000
804.931000
805.545000
806.175000
806.788000
807.401000
808.031000
808.645000
809.275000
809.888000
810.502000
811.132000
811.745000
812.375000
812.989000
814.232000
814.845000
815.475000
816.089000
816.702000
817.332000
817.946000
818.576000
819.189000
819.803000
820.433000
821.046000
822.290000
822.903000
823.533000
824.146000
824.760000
825.390000
826.633000
827.247000
827.860000
828.490000
829.104000
829.734000
830.347000
830.960000
832.204000
832.834000
833.447000
834.061000
834.691000
835.304000
835.934000
836.548000
837.161000
837.791000
849.430000
850.043000
850.673000
851.287000
851.900000
852.530000
853.143000
853.773000
854.387000
855.000000
855.630000
856.244000
856.874000
858.101000
858.731000
859.344000
859.974000
860.587000
861.201000
861.831000
862.444000
863.074000
863.688000
864.301000
864.931000
865.545000
866.175000
866.788000
867.402000
868.032000
868.645000
869.275000
869.888000
870.502000
871.132000
871.745000
872.375000
872.989000
873.602000
874.232000
874.846000
875.476000
876.089000
876.702000
877.332000
877.946000
879.189000
879.803000
880.433000
881.046000
881.660000
882.290000
882.903000
883.533000
884.147000
884.760000
885.390000
886.003000
886.633000
887.247000
887.860000
888.490000
889.104000
889.734000
890.347000
890.961000
891.591000
892.834000
893.447000
894.061000
894.691000
895.304000
895.934000
896.548000
897.161000
898.405000
909.430000
910.043000
910.673000
911.900000
912.530000
913.144000
913.774000
914.387000
915.000000
915.630000
916.244000
916.874000
917.487000
918.101000
918.731000
919.344000
919.974000
920.588000
921.201000
921.831000
922.444000
923.074000
923.688000
924.301000
924.931000
925.545000
926.175000
928.032000
928.645000
929.275000
929.889000
930.502000
931.132000
931.745000
932.375000
932.989000
933.602000
934.232000
934.846000
935.476000
936.089000
936.703000
937.333000
937.946000
938.576000
939.189000
939.803000
941.046000
941.660000
942.290000
943.533000
944.147000
944.760000
945.390000
946.004000
947.860000
948.490000
949.104000
949.734000
950.347000
950.961000
952.204000
952.834000
953.448000
954.061000
954.691000
955.304000
955.934000
956.548000
957.161000
957.791000
958.405000
969.430000
970.043000
970.673000
971.287000
971.900000
972.530000
973.144000
973.774000
974.387000
975.001000
975.631000
976.244000
976.874000
977.487000
978.731000
979.344000
979.974000
980.588000
981.201000
981.831000
982.445000
983.075000
983.688000
984.301000
984.931000
985.545000
986.175000
986.788000
987.402000
988.032000
989.275000
989.889000
991.132000
991.746000
992.376000
992.989000
993.602000
994.232000
994.846000
995.476000
996.089000
996.703000
997.333000
997.946000
998.560000
999.190000
999.803000
1000.433000
1001.046000
1002.290000
1002.903000
1003.533000
1004.147000
1004.760000
1005.390000
1006.004000
1006.634000
1007.247000
1007.861000
1008.491000
1009.104000
1009.734000
1010.347000
1010.961000
1011.591000
1012.204000
1012.834000
1013.448000
1014.061000
1014.691000
1015.305000
1015.935000
1016.548000
1017.161000
1018.405000
