1039.295000
1040.522000
1041.765000
1044.252000
1049.209000
1050.453000
1051.680000
1052.923000
1054.166000
1055.410000
1056.653000
1057.880000
1059.124000
1060.367000
1061.610000
1062.854000
1064.081000
1065.324000
1067.811000
1070.281000
1074.012000
1076.482000
1077.725000
1078.969000
1080.212000
1081.456000
1085.170000
1086.413000
1099.295000
1100.522000
1101.765000
1104.252000
1105.496000
1106.722000
1107.966000
1110.453000
1111.696000
1114.167000
1117.897000
1119.124000
1120.367000
1121.611000
1122.854000
1124.081000
1126.568000
1127.811000
1129.055000
1130.282000
1131.525000
1132.768000
1134.012000
1136.482000
1137.726000
1138.969000
1141.456000
1142.683000
1143.926000
1145.170000
1146.413000
1158.052000
1159.295000
1163.009000
1165.496000
1166.723000
1169.210000
1170.453000
1171.680000
1172.923000
1175.410000
1176.654000
1179.124000
1182.854000
1184.081000
1186.568000
1187.811000
1189.055000
1190.282000
1191.525000
1192.769000
1194.012000
1196.482000
1197.726000
1203.926000
1205.170000
1206.413000
1218.052000
1219.295000
1220.522000
1221.766000
1223.009000
1224.252000
1225.496000
1227.966000
1230.453000
1231.680000
1232.923000
1234.167000
1235.410000
1237.881000
1239.124000
1241.611000
1245.325000
1247.811000
1249.055000
1250.282000
1251.525000
1252.769000
1254.012000
1255.256000
1256.482000
1258.969000
1260.213000
1261.440000
1266.413000
1279.295000
1280.522000
1283.009000
1284.253000
1285.496000
1289.210000
1291.697000
1294.167000
1296.654000
1297.881000
1300.368000
1301.611000
1305.325000
1306.568000
1307.812000
1314.012000
1316.483000
1317.726000
1318.969000
1320.213000
1321.456000
1323.927000
1325.170000
1326.413000
1338.052000
1339.296000
1340.522000
1341.766000
1343.009000
1349.210000
1351.697000
1352.924000
1354.167000
1355.411000
1356.654000
1359.124000
1362.855000
1364.081000
1367.812000
1370.282000
1371.526000
1372.769000
1374.012000
1376.483000
1380.213000
1382.683000
1383.927000
1386.414000
1400.523000
1403.009000
1405.496000
1407.967000
1409.210000
1410.453000
1414.167000
1416.654000
1417.881000
1420.368000
1430.282000
1431.526000
1432.769000
1434.013000
1435.256000
1436.483000
1437.726000
1440.213000
1441.457000
1442.683000
1443.927000
1445.170000
1446.414000
1458.052000
1459.296000
1460.523000
1464.253000
1466.723000
1469.210000
1470.454000
1471.697000
1474.167000
1475.411000
1476.654000
1480.368000
1481.611000
1482.855000
1487.812000
1489.055000
1490.282000
1491.526000
1492.769000
1494.013000
1496.483000
1497.726000
1498.970000
1500.213000
1502.684000
1503.927000
1505.170000
1519.296000
1520.523000
1521.766000
1523.010000
1525.497000
1526.723000
1531.681000
1532.924000
1534.167000
1536.654000
1537.881000
1539.125000
1540.368000
1541.612000
1542.855000
1544.082000
1546.569000
1547.812000
1550.282000
1554.013000
1558.970000
1563.927000
1565.171000
1578.053000
1579.296000
1581.766000
1583.010000
1584.253000
1585.497000
1586.724000
1587.967000
1594.168000
1595.411000
1596.654000
1597.881000
1599.125000
1600.368000
1601.612000
1605.325000
1609.056000
1610.283000
1611.526000
1612.769000
1616.483000
1618.970000
1620.214000
1621.457000
1623.927000
1625.171000
1626.414000
1638.053000
1639.296000
1640.523000
1641.767000
1643.010000
1644.253000
1649.211000
1651.681000
1654.168000
1656.655000
1657.882000
1659.125000
1660.368000
1661.612000
1665.326000
1666.569000
1669.056000
1670.283000
1671.526000
1674.013000
1675.257000
1676.483000
1677.727000
1680.214000
1681.441000
1683.927000
1686.414000
1698.036000
1700.523000
1701.767000
1702.994000
1704.237000
1705.480000
1706.724000
1707.967000
1709.194000
1710.438000
1711.681000
1712.924000
1715.395000
1716.638000
1717.882000
1719.125000
1721.595000
1722.839000
1724.082000
1725.326000
1726.553000
1727.796000
1730.283000
1731.526000
1733.997000
1735.240000
1736.484000
1738.954000
1740.197000
1742.684000
1745.154000
