9.428000
10.041000
11.285000
11.915000
12.528000
13.142000
13.772000
14.385000
15.015000
15.628000
16.242000
16.872000
18.115000
18.729000
19.342000
19.972000
20.586000
21.216000
21.829000
22.442000
23.072000
23.686000
24.316000
24.929000
25.543000
26.173000
26.786000
27.400000
28.030000
28.643000
29.273000
29.887000
30.500000
31.130000
31.743000
32.373000
32.987000
33.600000
34.230000
34.844000
35.474000
36.087000
36.701000
37.331000
37.944000
38.574000
39.187000
39.801000
40.431000
41.674000
42.288000
42.901000
43.531000
44.145000
44.775000
45.388000
46.002000
46.632000
47.245000
48.488000
49.102000
49.732000
50.345000
51.589000
52.202000
52.832000
53.446000
54.076000
54.689000
55.932000
56.546000
57.176000
57.789000
58.403000
69.428000
70.041000
70.671000
71.285000
71.915000
72.528000
73.142000
73.772000
74.385000
75.015000
75.629000
76.242000
76.872000
77.485000
78.115000
78.729000
80.586000
81.216000
81.829000
82.443000
83.073000
83.686000
84.316000
85.543000
86.173000
86.786000
87.400000
88.030000
88.643000
89.887000
90.500000
91.130000
91.744000
92.374000
92.987000
94.230000
94.844000
95.474000
96.087000
96.701000
97.331000
97.944000
98.574000
99.188000
99.801000
100.431000
101.044000
101.674000
102.288000
102.901000
103.531000
104.145000
104.775000
105.388000
106.002000
106.632000
107.245000
107.875000
108.489000
109.102000
109.732000
110.345000
110.975000
111.589000
112.202000
112.832000
113.446000
114.076000
114.689000
115.303000
116.546000
117.176000
117.789000
118.403000
129.428000
130.671000
131.285000
131.915000
133.142000
133.772000
135.015000
135.629000
136.242000
136.872000
138.116000
138.729000
139.342000
139.972000
140.586000
141.216000
141.829000
142.443000
143.073000
143.686000
144.300000
144.930000
145.543000
146.173000
146.786000
147.400000
148.030000
148.643000
149.273000
149.887000
150.500000
151.744000
152.374000
152.987000
153.601000
154.231000
154.844000
155.474000
156.087000
156.701000
157.331000
157.944000
158.574000
159.188000
159.801000
160.431000
161.045000
161.675000
162.288000
162.901000
163.531000
164.145000
164.775000
165.388000
166.002000
166.632000
167.245000
167.875000
168.489000
169.102000
169.732000
170.346000
170.976000
171.589000
172.202000
172.832000
173.446000
174.076000
174.689000
175.303000
175.933000
176.546000
177.160000
177.790000
178.403000
189.428000
190.042000
190.672000
191.285000
191.915000
192.528000
193.142000
193.772000
194.385000
195.015000
195.629000
196.242000
196.872000
197.486000
198.116000
198.729000
199.343000
199.973000
200.586000
201.216000
201.829000
202.443000
203.073000
203.686000
204.930000
205.543000
206.173000
206.787000
207.400000
208.030000
208.643000
209.273000
209.887000
211.130000
211.744000
212.374000
212.987000
213.601000
214.231000
214.844000
215.474000
216.088000
216.701000
217.331000
217.944000
218.574000
219.188000
219.801000
220.431000
221.045000
221.675000
222.288000
222.902000
223.532000
224.145000
224.775000
225.388000
226.002000
226.632000
227.245000
228.489000
229.102000
229.732000
230.346000
230.976000
231.589000
232.203000
232.833000
233.446000
234.076000
234.689000
235.303000
235.933000
236.546000
237.160000
237.790000
238.403000
249.428000
250.042000
250.672000
251.285000
251.915000
252.529000
253.142000
253.772000
254.386000
255.016000
255.629000
256.242000
256.872000
257.486000
258.116000
258.729000
259.343000
259.973000
260.586000
261.200000
261.830000
262.443000
263.073000
263.686000
264.300000
265.543000
266.173000
266.787000
267.400000
268.030000
268.644000
269.274000
269.887000
271.131000
271.744000
272.374000
273.601000
274.231000
274.844000
276.088000
276.701000
277.331000
277.945000
278.575000
279.188000
279.801000
281.045000
281.675000
282.288000
282.902000
283.532000
284.775000
285.389000
286.002000
287.245000
287.876000
288.489000
289.102000
289.732000
290.346000
290.976000
291.589000
292.203000
292.833000
293.446000
294.060000
294.690000
295.303000
295.933000
296.546000
297.160000
298.403000
