1766.675000
1767.902000
1769.145000
1770.389000
1771.632000
1772.876000
1774.103000
1775.346000
1776.589000
1777.833000
1779.060000
1780.303000
1781.547000
1784.033000
1785.260000
1786.504000
1787.747000
1788.991000
1790.234000
1791.461000
1792.704000
1793.948000
1795.191000
1796.435000
1797.662000
1798.905000
1800.148000
1801.392000
1802.635000
1803.862000
1806.349000
1807.592000
1808.836000
1810.063000
1811.306000
1812.550000
1813.793000
1825.432000
1826.675000
1827.902000
1830.389000
1831.632000
1832.876000
1834.103000
1835.346000
1836.590000
1837.833000
1839.060000
1840.303000
1841.547000
1842.790000
1845.260000
1846.504000
1847.747000
1848.991000
1850.234000
1851.461000
1852.705000
1853.948000
1855.191000
1856.435000
1857.662000
1858.905000
1860.149000
1861.392000
1862.635000
1863.862000
1865.106000
1866.349000
1867.593000
1868.819000
1870.063000
1871.306000
1872.550000
1873.793000
1885.432000
1886.675000
1887.902000
1889.146000
1890.389000
1891.632000
1894.103000
1895.346000
1896.590000
1897.833000
1899.060000
1900.303000
1901.547000
1902.790000
1904.034000
1905.261000
1906.504000
1907.747000
1908.991000
1910.234000
1911.461000
1912.705000
1915.192000
1916.435000
1917.662000
1918.905000
1920.149000
1921.392000
1922.636000
1923.862000
1925.106000
1926.349000
1927.593000
1928.820000
1930.063000
1931.307000
1932.550000
1933.793000
1945.432000
1946.675000
1947.902000
1949.146000
1950.389000
1951.633000
1952.876000
1954.103000
1955.346000
1956.590000
1957.833000
1959.060000
1960.304000
1961.547000
1964.034000
1965.261000
1966.504000
1967.748000
1968.991000
1970.234000
1971.461000
1972.705000
1975.192000
1976.435000
1977.662000
1978.905000
1980.149000
1981.392000
1982.636000
1983.863000
1985.106000
1986.349000
1987.593000
1990.063000
1991.307000
1992.550000
1993.794000
2005.432000
2006.676000
2007.902000
2009.146000
2010.389000
2011.633000
2012.860000
2014.103000
2015.346000
2016.590000
2017.833000
2019.060000
2020.304000
2021.547000
2022.791000
2025.261000
2026.504000
2027.748000
2028.991000
2030.235000
2031.461000
2032.705000
2033.948000
2035.192000
2036.435000
2037.662000
2038.906000
2040.149000
2041.392000
2042.636000
2043.863000
2045.106000
2046.350000
2047.593000
2048.820000
2050.063000
2051.307000
2053.794000
2065.432000
2066.676000
2067.903000
2069.146000
2070.389000
2071.633000
2072.860000
2074.103000
2075.347000
2077.833000
2079.060000
2080.304000
2081.547000
2082.791000
2085.261000
2086.504000
2088.991000
2090.235000
2091.462000
2092.705000
2093.948000
2095.192000
2096.435000
2097.662000
2098.906000
2100.149000
2101.393000
2102.636000
2103.863000
2105.106000
2106.350000
2107.593000
2108.820000
2110.063000
2111.307000
2112.550000
2113.794000
2125.432000
2126.676000
2127.903000
2129.146000
2130.390000
2131.633000
2132.860000
2134.103000
2135.347000
2136.590000
2137.834000
2139.060000
2140.304000
2141.547000
2142.791000
2144.034000
2145.261000
2146.505000
2147.748000
2148.992000
2150.235000
2151.462000
2152.705000
2153.949000
2155.192000
2157.662000
2158.906000
2161.393000
2162.620000
2165.106000
2166.350000
2167.593000
2168.820000
2170.064000
2171.307000
2172.550000
2173.794000
2185.433000
2186.676000
2187.903000
2190.390000
2191.633000
2192.860000
2194.103000
2195.347000
2196.590000
2197.834000
2199.061000
2200.304000
2201.547000
2202.791000
2204.034000
2205.261000
2206.505000
2207.748000
2208.992000
2211.462000
2212.705000
2213.949000
2215.192000
2216.436000
2217.662000
2218.906000
2220.149000
2221.393000
2222.620000
2225.107000
2226.350000
2227.593000
2228.820000
2231.307000
2232.551000
2233.794000
2245.433000
2246.660000
2247.903000
2249.146000
2250.390000
2251.633000
2252.860000
2254.104000
2255.347000
2256.590000
2257.834000
2259.061000
2260.304000
2261.548000
2262.791000
2264.035000
2265.261000
2266.505000
2267.748000
2271.462000
2272.705000
2273.949000
2275.192000
2276.436000
2277.663000
2278.906000
2280.149000
2281.393000
2282.620000
2283.863000
2285.107000
2286.350000
2287.594000
2288.820000
2290.064000
2291.307000
2292.551000
2293.794000
2305.433000
2307.903000
2309.147000
2310.390000
2311.633000
2314.104000
2315.347000
2316.591000
2317.834000
2319.061000
2320.304000
2321.548000
2322.791000
2324.035000
2325.262000
2326.505000
2327.748000
2328.992000
2330.235000
2331.462000
2333.949000
2335.192000
2336.436000
2337.663000
2338.906000
2340.150000
2341.393000
2342.620000
2343.863000
2345.107000
2346.350000
2347.594000
2348.821000
2350.064000
2352.551000
2353.794000
2365.433000
2366.676000
2367.903000
2369.147000
2370.390000
2371.634000
2372.877000
2374.104000
2375.347000
2376.591000
2379.061000
2380.304000
2381.548000
2382.791000
2384.035000
2385.262000
2386.505000
2387.749000
2388.992000
2390.235000
2391.462000
2392.706000
2393.949000
2395.193000
2397.663000
2398.906000
2400.150000
2401.393000
2402.637000
2403.864000
2405.107000
2407.594000
2408.821000
2410.064000
2411.308000
2413.794000
2425.433000
2426.677000
2427.903000
2429.147000
2430.390000
2432.861000
2434.104000
2435.347000
2436.591000
2437.834000
2439.061000
2440.305000
2441.548000
2442.791000
2444.035000
2445.262000
2446.505000
2447.749000
2448.992000
2450.236000
2451.462000
2452.706000
2453.949000
2455.193000
2456.436000
2457.663000
2458.906000
2460.150000
2461.393000
2462.637000
2463.864000
2465.107000
2466.351000
2467.594000
2468.821000
2470.064000
2471.308000
2472.551000
2473.795000
