1043.009000
1045.496000
1046.722000
1047.966000
1066.568000
1069.055000
1071.525000
1082.683000
1083.926000
1098.052000
1103.009000
1109.209000
1112.923000
1115.410000
1116.653000
1135.255000
1140.212000
1160.522000
1161.765000
1164.252000
1167.966000
1174.167000
1177.880000
1180.367000
1185.324000
1195.255000
1200.213000
1201.456000
1202.683000
1229.210000
1236.654000
1240.367000
1242.854000
1244.081000
1246.568000
1263.926000
1265.170000
1278.052000
1281.766000
1286.723000
1287.966000
1290.453000
1292.924000
1299.124000
1302.854000
1309.055000
1310.282000
1311.525000
1312.769000
1322.683000
1344.253000
1345.496000
1346.723000
1347.966000
1350.453000
1360.368000
1361.611000
1365.325000
1366.568000
1375.256000
1381.456000
1385.170000
1398.052000
1401.766000
1406.723000
1411.697000
1412.924000
1421.611000
1422.855000
1424.082000
1425.325000
1426.569000
1427.812000
1429.055000
1461.766000
1463.010000
1465.496000
1467.967000
1472.924000
1477.881000
1484.082000
1495.256000
1501.457000
1506.414000
1518.053000
1524.253000
1529.210000
1530.454000
1535.411000
1545.325000
1549.056000
1551.526000
1555.256000
1556.483000
1557.727000
1560.213000
1566.414000
1589.210000
1590.454000
1591.681000
1592.924000
1602.855000
1604.082000
1607.812000
1614.013000
1615.256000
1617.727000
1622.684000
1646.724000
1647.967000
1650.454000
1652.924000
1664.082000
1667.812000
1672.770000
1678.970000
1682.684000
1699.280000
1714.168000
1720.369000
1729.039000
1737.727000
1741.441000
1743.928000
1746.398000
