6.327000
6.941000
7.571000
8.184000
8.814000
9.428000
10.041000
10.671000
11.285000
11.915000
12.528000
13.142000
13.772000
14.385000
15.015000
15.628000
16.242000
16.872000
17.485000
18.115000
18.729000
19.342000
19.972000
20.586000
21.216000
21.829000
22.442000
23.072000
23.686000
24.316000
24.929000
25.543000
26.173000
26.786000
27.400000
28.030000
28.643000
29.273000
29.887000
30.500000
31.130000
31.743000
32.373000
32.987000
33.600000
34.230000
34.844000
35.474000
36.087000
36.701000
37.331000
37.944000
38.574000
39.187000
39.801000
40.431000
41.044000
41.674000
42.288000
42.901000
43.531000
44.145000
44.775000
45.388000
46.002000
46.632000
47.245000
47.875000
48.488000
49.102000
49.732000
50.345000
50.975000
51.589000
52.202000
52.832000
53.446000
54.076000
54.689000
55.302000
55.932000
56.546000
57.176000
57.789000
58.403000
66.328000
66.941000
67.571000
68.184000
68.814000
69.428000
70.041000
70.671000
71.285000
71.915000
72.528000
73.142000
73.772000
74.385000
75.015000
75.629000
76.242000
76.872000
77.485000
78.115000
78.729000
79.342000
79.972000
80.586000
81.216000
81.829000
82.443000
83.073000
83.686000
84.316000
84.929000
85.543000
86.173000
86.786000
87.400000
88.030000
88.643000
89.273000
89.887000
90.500000
91.130000
91.744000
92.374000
92.987000
93.600000
94.230000
94.844000
95.474000
96.087000
96.701000
97.331000
97.944000
98.574000
99.188000
99.801000
100.431000
101.044000
101.674000
102.288000
102.901000
103.531000
104.145000
104.775000
105.388000
106.002000
106.632000
107.245000
107.875000
108.489000
109.102000
109.732000
110.345000
110.975000
111.589000
112.202000
112.832000
113.446000
114.076000
114.689000
115.303000
115.933000
116.546000
117.176000
117.789000
118.403000
126.328000
126.941000
127.571000
128.185000
128.815000
129.428000
130.041000
130.671000
131.285000
131.915000
132.528000
133.142000
133.772000
134.385000
135.015000
135.629000
136.242000
136.872000
137.486000
138.116000
138.729000
139.342000
139.972000
140.586000
141.216000
141.829000
142.443000
143.073000
143.686000
144.300000
144.930000
145.543000
146.173000
146.786000
147.400000
148.030000
148.643000
149.273000
149.887000
150.500000
151.130000
151.744000
152.374000
152.987000
153.601000
154.231000
154.844000
155.474000
156.087000
156.701000
157.331000
157.944000
158.574000
159.188000
159.801000
160.431000
161.045000
161.675000
162.288000
162.901000
163.531000
164.145000
164.775000
165.388000
166.002000
166.632000
167.245000
167.875000
168.489000
169.102000
169.732000
170.346000
170.976000
171.589000
172.202000
172.832000
173.446000
174.076000
174.689000
175.303000
175.933000
176.546000
177.160000
177.790000
178.403000
186.328000
186.941000
187.571000
188.185000
188.815000
189.428000
190.042000
190.672000
191.285000
191.915000
192.528000
193.142000
193.772000
194.385000
195.015000
195.629000
196.242000
196.872000
197.486000
198.116000
198.729000
199.343000
199.973000
200.586000
201.216000
201.829000
202.443000
203.073000
203.686000
204.300000
204.930000
205.543000
206.173000
206.787000
207.400000
208.030000
208.643000
209.273000
209.887000
210.500000
211.130000
211.744000
212.374000
212.987000
213.601000
214.231000
214.844000
215.474000
216.088000
216.701000
217.331000
217.944000
218.574000
219.188000
219.801000
220.431000
221.045000
221.675000
222.288000
222.902000
223.532000
224.145000
224.775000
225.388000
226.002000
226.632000
227.245000
227.875000
228.489000
229.102000
229.732000
230.346000
230.976000
231.589000
232.203000
232.833000
233.446000
234.076000
234.689000
235.303000
235.933000
236.546000
237.160000
237.790000
238.403000
246.328000
246.941000
247.571000
248.185000
248.815000
249.428000
250.042000
250.672000
251.285000
251.915000
252.529000
253.142000
253.772000
254.386000
255.016000
255.629000
256.242000
256.872000
257.486000
258.116000
258.729000
259.343000
259.973000
260.586000
261.200000
261.830000
262.443000
263.073000
263.686000
264.300000
264.930000
265.543000
266.173000
266.787000
267.400000
268.030000
268.644000
269.274000
269.887000
270.500000
271.131000
271.744000
272.374000
272.987000
273.601000
274.231000
274.844000
275.474000
276.088000
276.701000
277.331000
277.945000
278.575000
279.188000
279.801000
280.431000
281.045000
281.675000
282.288000
282.902000
283.532000
284.145000
284.775000
285.389000
286.002000
286.632000
287.245000
287.876000
288.489000
289.102000
289.732000
290.346000
290.976000
291.589000
292.203000
292.833000
293.446000
294.060000
294.690000
295.303000
295.933000
296.546000
297.160000
297.790000
298.403000
306.328000
306.942000
307.572000
308.185000
308.815000
309.428000
310.042000
310.672000
311.285000
311.915000
312.529000
313.142000
313.772000
314.386000
315.016000
315.629000
316.242000
316.873000
317.486000
318.116000
318.729000
319.343000
319.973000
320.586000
321.200000
321.830000
322.443000
323.073000
323.687000
324.300000
324.930000
325.543000
326.173000
326.787000
327.400000
328.030000
328.644000
329.274000
329.887000
330.501000
331.131000
331.744000
332.374000
332.988000
333.601000
334.231000
334.844000
335.474000
336.088000
336.701000
337.331000
337.945000
338.575000
339.188000
339.802000
340.432000
341.045000
341.675000
342.288000
342.902000
343.532000
344.145000
344.775000
345.389000
346.002000
346.632000
347.246000
347.876000
348.489000
349.103000
349.733000
350.346000
350.976000
351.589000
352.203000
352.833000
353.446000
354.060000
354.690000
355.303000
355.933000
356.547000
357.160000
357.790000
358.403000
366.328000
366.942000
367.572000
368.185000
368.815000
369.429000
370.042000
370.672000
371.285000
371.915000
372.529000
373.142000
373.772000
374.386000
375.016000
375.629000
376.243000
376.873000
377.486000
378.100000
378.730000
379.343000
379.973000
380.586000
381.200000
381.830000
382.443000
383.073000
383.687000
384.300000
384.930000
385.544000
386.174000
386.787000
387.400000
388.030000
388.644000
389.274000
389.887000
390.501000
391.131000
391.744000
392.374000
392.988000
393.601000
394.231000
394.845000
395.475000
396.088000
396.701000
397.331000
397.945000
398.575000
399.188000
399.802000
400.432000
401.045000
401.675000
402.289000
402.902000
403.532000
404.145000
404.775000
405.389000
406.002000
406.632000
407.246000
407.876000
408.489000
409.103000
409.733000
410.346000
410.959000
411.589000
412.203000
412.833000
413.446000
414.060000
414.690000
415.303000
415.933000
416.547000
417.160000
417.790000
418.404000
426.328000
426.942000
427.572000
428.185000
428.815000
429.429000
430.042000
430.672000
431.286000
431.916000
432.529000
433.142000
433.772000
434.386000
435.016000
435.629000
436.243000
436.873000
437.486000
438.100000
438.730000
439.343000
439.973000
440.587000
441.200000
441.830000
442.443000
443.073000
443.687000
444.300000
444.930000
445.544000
446.174000
446.787000
447.401000
448.031000
448.644000
449.274000
449.887000
450.501000
451.131000
451.744000
452.374000
452.988000
453.601000
454.231000
454.845000
455.475000
456.088000
456.702000
457.332000
457.945000
458.575000
459.188000
459.802000
460.432000
461.045000
461.675000
462.289000
462.902000
463.532000
464.146000
464.776000
465.389000
466.002000
466.632000
467.246000
467.876000
468.489000
469.103000
469.733000
470.346000
470.960000
471.590000
472.203000
472.833000
473.446000
474.060000
474.690000
475.303000
475.933000
476.547000
477.160000
477.790000
478.404000
486.329000
486.942000
487.572000
488.185000
488.815000
489.429000
490.042000
490.672000
491.286000
491.916000
492.529000
493.143000
493.773000
494.386000
495.016000
495.629000
496.243000
496.873000
497.486000
498.100000
498.730000
499.343000
499.973000
500.587000
501.200000
501.830000
502.444000
503.074000
503.687000
504.300000
504.930000
505.544000
506.174000
506.787000
507.401000
508.031000
508.644000
509.274000
509.888000
510.501000
511.131000
511.744000
512.374000
512.988000
513.601000
514.231000
514.845000
515.475000
516.088000
516.702000
517.332000
517.945000
518.575000
519.189000
519.802000
520.432000
521.045000
521.675000
522.289000
522.902000
523.532000
524.146000
524.776000
525.389000
526.003000
526.633000
527.246000
527.859000
528.489000
529.103000
529.733000
530.346000
530.960000
531.590000
532.203000
532.833000
533.447000
534.060000
534.690000
535.304000
535.934000
536.547000
537.160000
537.790000
538.404000
546.329000
546.942000
547.572000
548.186000
548.816000
549.429000
550.042000
550.672000
551.286000
551.916000
552.529000
553.143000
553.773000
554.386000
555.000000
555.630000
556.243000
556.873000
557.487000
558.100000
558.730000
559.343000
559.973000
560.587000
561.200000
561.830000
562.444000
563.074000
563.687000
564.301000
564.931000
565.544000
566.174000
566.787000
567.401000
568.031000
568.644000
569.274000
569.888000
570.501000
571.131000
571.745000
572.375000
572.988000
573.601000
574.231000
574.845000
575.475000
576.088000
576.702000
577.332000
577.945000
578.575000
579.189000
579.802000
580.432000
581.046000
581.676000
582.289000
582.902000
583.532000
584.146000
584.776000
585.389000
586.003000
586.633000
587.246000
587.860000
588.490000
589.103000
589.733000
590.346000
590.960000
591.590000
592.203000
592.833000
593.447000
594.060000
594.690000
595.304000
595.934000
596.547000
597.161000
597.791000
598.404000
606.329000
606.942000
607.572000
608.186000
608.816000
609.429000
610.043000
610.673000
611.286000
611.916000
612.529000
613.143000
613.773000
614.386000
615.000000
615.630000
616.243000
616.873000
617.487000
618.100000
618.730000
619.344000
619.974000
620.587000
621.200000
621.830000
622.444000
623.074000
623.687000
624.301000
624.931000
625.544000
626.174000
626.788000
627.401000
628.031000
628.644000
629.274000
629.888000
630.501000
631.131000
631.745000
632.375000
632.988000
633.602000
634.232000
634.845000
635.475000
636.088000
636.702000
637.332000
637.945000
638.575000
639.189000
639.802000
640.432000
641.046000
641.676000
642.289000
642.903000
643.533000
644.146000
644.776000
645.389000
646.003000
646.633000
647.246000
647.860000
648.490000
649.103000
649.733000
650.347000
650.960000
651.590000
652.203000
652.833000
653.447000
654.060000
654.690000
655.304000
655.934000
656.547000
657.161000
657.791000
658.404000
666.312000
666.942000
667.556000
668.186000
668.799000
669.413000
670.043000
670.656000
671.286000
671.900000
672.513000
673.143000
673.756000
674.386000
675.000000
675.613000
676.243000
676.857000
677.487000
678.100000
678.714000
679.344000
679.957000
680.587000
681.201000
681.814000
682.444000
683.057000
683.687000
684.301000
684.914000
685.544000
686.158000
686.788000
687.401000
688.015000
688.645000
689.258000
689.888000
690.501000
691.115000
691.745000
692.358000
692.972000
693.602000
694.215000
694.845000
695.459000
696.072000
696.702000
697.315000
697.945000
698.559000
699.172000
699.802000
700.416000
701.046000
701.659000
702.273000
702.903000
703.516000
704.146000
704.760000
705.373000
706.003000
706.616000
707.246000
707.860000
708.473000
709.103000
709.717000
710.347000
710.960000
711.574000
712.204000
712.817000
713.447000
714.060000
714.674000
715.304000
715.917000
716.547000
717.161000
717.774000
718.404000
726.329000
726.943000
727.573000
728.186000
728.816000
729.429000
730.043000
730.673000
731.286000
731.900000
732.530000
733.143000
733.773000
734.387000
735.000000
735.630000
736.243000
736.873000
737.487000
738.100000
738.730000
739.344000
739.974000
740.587000
741.201000
741.831000
742.444000
743.074000
743.688000
744.301000
744.931000
745.544000
746.174000
746.788000
747.401000
748.031000
748.645000
749.275000
749.888000
750.502000
751.132000
751.745000
752.375000
752.988000
753.602000
754.232000
754.845000
755.475000
756.089000
756.702000
757.332000
757.946000
758.576000
759.189000
759.803000
760.433000
761.046000
761.676000
762.289000
762.903000
763.533000
764.146000
764.760000
765.390000
766.003000
766.633000
767.247000
767.860000
768.490000
769.103000
769.733000
770.347000
770.960000
771.590000
772.204000
772.834000
773.447000
774.061000
774.691000
775.304000
775.934000
776.547000
777.161000
777.791000
778.404000
786.329000
786.943000
787.573000
788.186000
788.800000
789.430000
790.043000
790.673000
791.286000
791.900000
792.530000
793.143000
793.773000
794.387000
795.000000
795.630000
796.244000
796.874000
797.487000
798.100000
798.730000
799.344000
799.974000
800.587000
801.201000
801.831000
802.444000
803.074000
803.688000
804.301000
804.931000
805.545000
806.175000
806.788000
807.401000
808.031000
808.645000
809.275000
809.888000
810.502000
811.132000
811.745000
812.375000
812.989000
813.602000
814.232000
814.845000
815.475000
816.089000
816.702000
817.332000
817.946000
818.576000
819.189000
819.803000
820.433000
821.046000
821.660000
822.290000
822.903000
823.533000
824.146000
824.760000
825.390000
826.003000
826.633000
827.247000
827.860000
828.490000
829.104000
829.734000
830.347000
830.960000
831.590000
832.204000
832.834000
833.447000
834.061000
834.691000
835.304000
835.934000
836.548000
837.161000
837.791000
838.404000
846.329000
846.943000
847.573000
848.186000
848.800000
849.430000
850.043000
850.673000
851.287000
851.900000
852.530000
853.143000
853.773000
854.387000
855.000000
855.630000
856.244000
856.874000
857.487000
858.101000
858.731000
859.344000
859.974000
860.587000
861.201000
861.831000
862.444000
863.074000
863.688000
864.301000
864.931000
865.545000
866.175000
866.788000
867.402000
868.032000
868.645000
869.275000
869.888000
870.502000
871.132000
871.745000
872.375000
872.989000
873.602000
874.232000
874.846000
875.476000
876.089000
876.702000
877.332000
877.946000
878.576000
879.189000
879.803000
880.433000
881.046000
881.660000
882.290000
882.903000
883.533000
884.147000
884.760000
885.390000
886.003000
886.633000
887.247000
887.860000
888.490000
889.104000
889.734000
890.347000
890.961000
891.591000
892.204000
892.834000
893.447000
894.061000
894.691000
895.304000
895.934000
896.548000
897.161000
897.791000
898.405000
906.329000
906.943000
907.573000
908.186000
908.800000
909.430000
910.043000
910.673000
911.287000
911.900000
912.530000
913.144000
913.774000
914.387000
915.000000
915.630000
916.244000
916.874000
917.487000
918.101000
918.731000
919.344000
919.974000
920.588000
921.201000
921.831000
922.444000
923.074000
923.688000
924.301000
924.931000
925.545000
926.175000
926.788000
927.402000
928.032000
928.645000
929.275000
929.889000
930.502000
931.132000
931.745000
932.375000
932.989000
933.602000
934.232000
934.846000
935.476000
936.089000
936.703000
937.333000
937.946000
938.576000
939.189000
939.803000
940.433000
941.046000
941.660000
942.290000
942.903000
943.533000
944.147000
944.760000
945.390000
946.004000
946.634000
947.247000
947.860000
948.490000
949.104000
949.734000
950.347000
950.961000
951.591000
952.204000
952.834000
953.448000
954.061000
954.691000
955.304000
955.934000
956.548000
957.161000
957.791000
958.405000
966.330000
966.943000
967.573000
968.186000
968.800000
969.430000
970.043000
970.673000
971.287000
971.900000
972.530000
973.144000
973.774000
974.387000
975.001000
975.631000
976.244000
976.874000
977.487000
978.101000
978.731000
979.344000
979.974000
980.588000
981.201000
981.831000
982.445000
983.075000
983.688000
984.301000
984.931000
985.545000
986.175000
986.788000
987.402000
988.032000
988.645000
989.275000
989.889000
990.502000
991.132000
991.746000
992.376000
992.989000
993.602000
994.232000
994.846000
995.476000
996.089000
996.703000
997.333000
997.946000
998.560000
999.190000
999.803000
1000.433000
1001.046000
1001.660000
1002.290000
1002.903000
1003.533000
1004.147000
1004.760000
1005.390000
1006.004000
1006.634000
1007.247000
1007.861000
1008.491000
1009.104000
1009.734000
1010.347000
1010.961000
1011.591000
1012.204000
1012.834000
1013.448000
1014.061000
1014.691000
1015.305000
1015.935000
1016.548000
1017.161000
1017.791000
1018.405000
