1768.532000
1775.976000
1784.647000
1787.134000
1788.361000
1789.604000
1794.561000
1800.762000
1806.962000
1808.206000
1811.920000
1827.289000
1829.775000
1832.246000
1837.203000
1839.690000
1848.361000
1855.805000
1870.693000
1873.163000
1886.045000
1902.160000
1903.404000
1905.891000
1908.361000
1915.805000
1926.963000
1934.407000
1946.045000
1948.532000
1959.690000
1962.160000
1977.049000
1978.292000
1983.249000
1986.963000
1990.693000
1993.164000
1994.407000
2009.776000
2018.447000
2019.690000
2032.091000
2033.335000
2034.562000
2039.536000
2050.693000
2068.533000
2079.690000
2105.720000
2108.207000
2114.407000
2140.934000
2148.361000
2157.049000
2162.006000
2168.207000
2169.450000
2170.694000
2194.733000
2195.960000
2202.161000
2204.648000
2209.605000
2213.335000
2214.562000
2215.806000
2217.049000
2219.536000
2224.493000
2225.720000
2226.963000
2229.450000
2230.694000
2231.921000
2234.407000
2246.046000
2251.003000
2253.490000
2259.691000
2263.405000
2265.891000
2277.049000
2279.520000
2283.250000
2288.207000
2294.408000
2309.760000
2313.490000
2320.934000
2329.605000
2339.520000
2343.250000
2346.964000
2350.694000
2351.921000
2366.046000
2371.004000
2374.734000
2383.405000
2387.135000
2389.605000
2390.849000
2397.049000
2399.536000
2403.250000
2414.408000
2437.204000
2438.448000
2439.691000
2440.935000
2448.362000
2453.336000
2455.806000
2466.964000
2473.165000
