1038.665000
1039.295000
1039.908000
1040.522000
1041.765000
1042.395000
1043.009000
1043.622000
1044.252000
1045.496000
1046.109000
1046.722000
1047.352000
1047.966000
1048.596000
1049.209000
1049.823000
1050.453000
1051.066000
1051.680000
1052.310000
1052.923000
1053.553000
1054.166000
1054.780000
1055.410000
1056.023000
1056.653000
1057.267000
1057.880000
1058.510000
1059.124000
1059.754000
1060.367000
1060.980000
1061.610000
1062.224000
1062.854000
1063.467000
1064.081000
1064.711000
1065.324000
1065.954000
1066.568000
1067.181000
1067.811000
1068.425000
1069.055000
1069.668000
1070.281000
1070.911000
1071.525000
1072.155000
1073.382000
1074.012000
1074.625000
1075.869000
1076.482000
1077.112000
1077.725000
1078.355000
1078.969000
1079.582000
1080.212000
1080.826000
1081.456000
1082.069000
1082.683000
1083.313000
1083.926000
1084.540000
1085.170000
1086.413000
1097.422000
1098.052000
1098.665000
1099.295000
1099.908000
1100.522000
1101.765000
1102.395000
1103.009000
1103.622000
1104.252000
1104.866000
1105.496000
1106.109000
1106.722000
1107.353000
1107.966000
1108.596000
1109.209000
1109.823000
1110.453000
1111.066000
1111.696000
1112.310000
1112.923000
1113.553000
1114.167000
1114.797000
1115.410000
1116.023000
1116.653000
1117.267000
1117.897000
1118.510000
1119.124000
1119.754000
1120.367000
1120.981000
1121.611000
1122.224000
1122.854000
1123.467000
1124.081000
1124.711000
1125.954000
1126.568000
1127.181000
1127.811000
1128.425000
1129.055000
1129.668000
1130.282000
1130.912000
1131.525000
1132.155000
1132.768000
1133.382000
1134.012000
1134.625000
1135.255000
1135.869000
1136.482000
1137.112000
1137.726000
1138.356000
1138.969000
1139.582000
1140.212000
1140.826000
1141.456000
1142.069000
1142.683000
1143.926000
1144.556000
1145.170000
1145.783000
1146.413000
1157.422000
1158.052000
1158.665000
1159.295000
1159.909000
1160.522000
1161.152000
1161.765000
1162.395000
1163.009000
1163.622000
1164.252000
1164.866000
1165.496000
1166.723000
1167.353000
1167.966000
1168.580000
1169.210000
1169.823000
1170.453000
1171.066000
1171.680000
1172.310000
1172.923000
1173.553000
1174.167000
1174.780000
1175.410000
1176.024000
1176.654000
1177.880000
1178.510000
1179.124000
1179.754000
1180.367000
1180.981000
1182.224000
1182.854000
1183.468000
1184.081000
1184.711000
1185.324000
1185.954000
1186.568000
1187.181000
1187.811000
1188.425000
1189.055000
1189.668000
1190.282000
1190.912000
1191.525000
1192.155000
1192.769000
1193.382000
1194.012000
1194.625000
1195.255000
1195.869000
1196.482000
1197.112000
1197.726000
1198.356000
1199.583000
1200.213000
1200.826000
1201.456000
1202.069000
1202.683000
1203.313000
1203.926000
1204.540000
1205.170000
1205.783000
1206.413000
1217.422000
1218.052000
1218.665000
1219.295000
1219.909000
1220.522000
1221.152000
1221.766000
1222.396000
1223.009000
1223.622000
1224.252000
1224.866000
1225.496000
1226.109000
1227.353000
1227.966000
1228.580000
1229.210000
1229.823000
1230.453000
1231.067000
1231.680000
1232.310000
1232.923000
1233.553000
1234.167000
1234.780000
1235.410000
1236.024000
1236.654000
1237.267000
1237.881000
1238.511000
1239.124000
1239.754000
1240.367000
1240.981000
1241.611000
1242.224000
1242.854000
1243.468000
1244.081000
1244.711000
1245.325000
1246.568000
1247.182000
1247.811000
1248.425000
1249.055000
1249.668000
1250.282000
1250.912000
1251.525000
1252.155000
1252.769000
1253.382000
1254.012000
1254.626000
1255.256000
1255.869000
1256.482000
1257.112000
1258.356000
1258.969000
1259.583000
1260.213000
1260.826000
1261.440000
1262.070000
1263.313000
1263.926000
1264.540000
1265.170000
1265.783000
1266.413000
1277.422000
1278.052000
1278.665000
1279.295000
1279.909000
1280.522000
1281.152000
1281.766000
1282.396000
1283.009000
1283.623000
1284.253000
1285.496000
1286.109000
1286.723000
1287.353000
1287.966000
1288.596000
1289.210000
1289.823000
1290.453000
1291.067000
1291.697000
1292.310000
1292.924000
1293.554000
1294.167000
1294.797000
1296.024000
1296.654000
1297.267000
1297.881000
1298.511000
1299.124000
1299.754000
1300.368000
1300.981000
1301.611000
1302.224000
1302.854000
1303.468000
1304.711000
1305.325000
1305.955000
1306.568000
1307.182000
1307.812000
1308.425000
1309.055000
1309.669000
1310.282000
1310.912000
1311.525000
1312.155000
1312.769000
1313.382000
1314.012000
1314.626000
1315.869000
1316.483000
1317.113000
1317.726000
1318.356000
1318.969000
1319.583000
1320.213000
1320.826000
1321.456000
1322.070000
1322.683000
1323.313000
1323.927000
1324.557000
1325.170000
1325.784000
1326.413000
1337.422000
1338.052000
1338.666000
1339.296000
1339.909000
1340.522000
1341.152000
1341.766000
1342.396000
1343.009000
1344.253000
1344.866000
1345.496000
1346.110000
1346.723000
1347.353000
1347.966000
1348.596000
1349.210000
1349.823000
1350.453000
1351.697000
1352.310000
1352.924000
1353.554000
1354.167000
1354.781000
1355.411000
1356.024000
1356.654000
1357.267000
1358.511000
1359.124000
1359.754000
1360.368000
1360.981000
1361.611000
1362.225000
1362.855000
1363.468000
1364.081000
1364.711000
1365.325000
1365.955000
1366.568000
1367.182000
1367.812000
1368.425000
1369.669000
1370.282000
1370.912000
1371.526000
1372.156000
1372.769000
1373.382000
1374.012000
1374.626000
1375.256000
1375.869000
1376.483000
1377.113000
1378.356000
1379.583000
1380.213000
1380.826000
1381.456000
1382.070000
1382.683000
1383.313000
1383.927000
1384.557000
1385.170000
1385.784000
1386.414000
1397.422000
1398.052000
1398.666000
1399.909000
1400.523000
1401.153000
1401.766000
1402.396000
1403.009000
1403.623000
1404.866000
1405.496000
1406.110000
1406.723000
1407.353000
1407.967000
1408.597000
1409.210000
1409.823000
1410.453000
1411.067000
1411.697000
1412.310000
1412.924000
1413.554000
1414.167000
1414.781000
1416.024000
1416.654000
1417.881000
1418.511000
1419.754000
1420.368000
1420.981000
1421.611000
1422.225000
1422.855000
1423.468000
1424.082000
1424.712000
1425.325000
1426.569000
1427.182000
1427.812000
1428.425000
1429.055000
1429.669000
1430.282000
1430.912000
1431.526000
1432.156000
1432.769000
1433.383000
1434.013000
1434.626000
1435.256000
1435.869000
1436.483000
1437.113000
1437.726000
1438.356000
1439.583000
1440.213000
1440.827000
1441.457000
1442.070000
1442.683000
1443.313000
1443.927000
1444.557000
1445.170000
1445.784000
1446.414000
1457.422000
1458.052000
1458.666000
1459.296000
1459.909000
1460.523000
1461.153000
1461.766000
1462.396000
1463.010000
1463.623000
1464.253000
1464.866000
1465.496000
1466.110000
1466.723000
1467.353000
1467.967000
1468.597000
1469.210000
1469.824000
1470.454000
1471.067000
1471.697000
1472.310000
1472.924000
1473.554000
1474.167000
1474.781000
1475.411000
1476.024000
1476.654000
1477.268000
1477.881000
1479.755000
1480.368000
1480.981000
1481.611000
1482.225000
1482.855000
1483.468000
1484.082000
1484.712000
1485.955000
1487.182000
1487.812000
1488.425000
1489.055000
1489.669000
1490.282000
1490.912000
1491.526000
1492.156000
1492.769000
1493.383000
1494.013000
1494.626000
1495.256000
1495.870000
1496.483000
1497.113000
1497.726000
1498.356000
1498.970000
1499.583000
1500.213000
1500.827000
1501.457000
1502.070000
1502.684000
1503.314000
1503.927000
1504.557000
1505.170000
1505.784000
1506.414000
1517.423000
1518.053000
1518.666000
1519.296000
1519.909000
1520.523000
1521.766000
1522.396000
1523.010000
1523.623000
1524.253000
1524.867000
1525.497000
1526.110000
1526.723000
1527.353000
1528.597000
1529.210000
1529.824000
1530.454000
1531.067000
1531.681000
1532.311000
1532.924000
1533.554000
1534.167000
1534.781000
1535.411000
1536.024000
1536.654000
1537.268000
1537.881000
1538.511000
1539.125000
1539.755000
1540.368000
1540.982000
1541.612000
1542.225000
1542.855000
1543.468000
1544.082000
1544.712000
1545.325000
1545.955000
1546.569000
1547.182000
1547.812000
1548.426000
1549.056000
1549.669000
1550.282000
1550.912000
1551.526000
1552.156000
1553.383000
1554.013000
1554.626000
1555.256000
1555.870000
1556.483000
1557.113000
1557.727000
1558.357000
1558.970000
1559.583000
1560.213000
1560.827000
1562.070000
1563.314000
1563.927000
1564.541000
1565.171000
1565.784000
1566.414000
1577.423000
1578.053000
1578.666000
1579.296000
1579.910000
1581.153000
1581.766000
1582.396000
1583.010000
1583.623000
1584.253000
1584.867000
1585.497000
1586.110000
1586.724000
1587.354000
1587.967000
1588.597000
1589.210000
1589.824000
1590.454000
1591.067000
1591.681000
1592.311000
1592.924000
1593.554000
1594.168000
1594.781000
1595.411000
1596.025000
1596.654000
1597.268000
1597.881000
1598.511000
1599.125000
1599.755000
1600.368000
1600.982000
1601.612000
1602.225000
1602.855000
1603.469000
1604.082000
1604.712000
1605.325000
1605.955000
1607.182000
1607.812000
1608.426000
1609.056000
1609.669000
1610.283000
1610.913000
1611.526000
1612.156000
1612.769000
1613.383000
1614.013000
1614.626000
1615.256000
1615.870000
1616.483000
1617.113000
1617.727000
1618.357000
1618.970000
1619.584000
1620.214000
1621.457000
1622.070000
1622.684000
1623.314000
1623.927000
1624.541000
1625.171000
1625.784000
1626.414000
1637.423000
1638.053000
1638.666000
1639.296000
1639.910000
1640.523000
1641.153000
1641.767000
1642.397000
1643.010000
1643.623000
1644.253000
1644.867000
1646.110000
1646.724000
1647.354000
1647.967000
1648.581000
1649.211000
1649.824000
1650.454000
1651.067000
1651.681000
1652.311000
1652.924000
1653.554000
1654.168000
1654.781000
1656.025000
1656.655000
1657.268000
1657.882000
1658.512000
1659.125000
1659.755000
1660.368000
1660.982000
1661.612000
1662.225000
1663.469000
1664.082000
1664.712000
1665.326000
1665.956000
1666.569000
1667.182000
1667.812000
1668.426000
1669.056000
1669.669000
1670.283000
1670.913000
1671.526000
1672.156000
1672.770000
1673.383000
1674.013000
1674.627000
1675.257000
1675.870000
1676.483000
1677.113000
1677.727000
1678.357000
1678.970000
1679.584000
1680.214000
1680.827000
1681.441000
1682.071000
1682.684000
1683.314000
1683.927000
1684.541000
1685.784000
1686.414000
1697.423000
1698.036000
1698.666000
1699.280000
1699.893000
1700.523000
1701.137000
1701.767000
1702.380000
1702.994000
1703.624000
1704.237000
1704.867000
1705.480000
1706.094000
1706.724000
1707.337000
1707.967000
1708.581000
1709.194000
1709.824000
1710.438000
1711.681000
1712.294000
1712.924000
1713.538000
1714.168000
1714.781000
1715.395000
1716.025000
1716.638000
1717.268000
1717.882000
1718.495000
1719.125000
1719.739000
1720.369000
1720.982000
1721.595000
1722.225000
1722.839000
1723.469000
1724.082000
1724.696000
1725.326000
1725.939000
1726.553000
1727.183000
1727.796000
1728.426000
1729.039000
1729.653000
1730.283000
1730.896000
1731.526000
1732.140000
1733.383000
1733.997000
1734.627000
1735.240000
1735.854000
1736.484000
1737.097000
1737.727000
1738.340000
1738.954000
1739.584000
1740.197000
1741.441000
1742.054000
1742.684000
1743.298000
1743.928000
1744.541000
1745.154000
1745.784000
1746.398000
