310.672000
311.915000
313.142000
314.386000
315.629000
316.873000
318.116000
319.343000
320.586000
321.830000
323.073000
324.300000
326.787000
328.030000
329.274000
330.501000
331.744000
332.988000
334.231000
336.701000
337.945000
339.188000
340.432000
341.675000
342.902000
344.145000
345.389000
346.632000
347.876000
349.103000
350.346000
351.589000
352.833000
354.060000
355.303000
356.547000
357.790000
369.429000
370.672000
371.915000
374.386000
375.629000
376.873000
378.100000
379.343000
380.586000
381.830000
383.073000
384.300000
385.544000
388.030000
389.274000
390.501000
392.988000
394.231000
395.475000
396.701000
397.945000
399.188000
400.432000
401.675000
402.902000
404.145000
405.389000
406.632000
407.876000
410.346000
411.589000
412.833000
414.060000
415.303000
416.547000
417.790000
429.429000
430.672000
431.916000
433.142000
434.386000
435.629000
436.873000
438.100000
439.343000
441.830000
443.073000
444.300000
445.544000
446.787000
448.031000
449.274000
450.501000
451.744000
452.988000
454.231000
455.475000
456.702000
459.188000
460.432000
461.675000
462.902000
464.146000
465.389000
466.632000
467.876000
469.103000
470.346000
471.590000
472.833000
474.060000
475.303000
476.547000
477.790000
489.429000
490.672000
491.916000
493.143000
494.386000
495.629000
496.873000
499.343000
500.587000
501.830000
503.074000
504.300000
505.544000
508.031000
509.274000
510.501000
511.744000
512.988000
514.231000
515.475000
516.702000
517.945000
519.189000
520.432000
521.675000
522.902000
524.146000
525.389000
526.633000
527.859000
529.103000
530.346000
531.590000
532.833000
534.060000
535.304000
536.547000
549.429000
550.672000
551.916000
553.143000
554.386000
555.630000
556.873000
558.100000
559.343000
560.587000
561.830000
563.074000
564.301000
565.544000
566.787000
568.031000
569.274000
570.501000
572.988000
575.475000
576.702000
577.945000
579.189000
580.432000
581.676000
582.902000
584.146000
585.389000
586.633000
587.860000
589.103000
590.346000
591.590000
592.833000
594.060000
595.304000
596.547000
597.791000
609.429000
610.673000
611.916000
613.143000
614.386000
615.630000
616.873000
618.100000
619.344000
620.587000
621.830000
623.074000
624.301000
625.544000
626.788000
628.031000
629.274000
630.501000
631.745000
632.988000
634.232000
635.475000
636.702000
637.945000
639.189000
640.432000
641.676000
642.903000
644.146000
645.389000
646.633000
647.860000
649.103000
650.347000
651.590000
654.060000
655.304000
656.547000
657.791000
669.413000
670.656000
671.900000
673.143000
674.386000
675.613000
676.857000
678.100000
679.344000
680.587000
681.814000
683.057000
684.301000
685.544000
686.788000
688.015000
689.258000
690.501000
691.745000
692.972000
694.215000
695.459000
696.702000
699.172000
700.416000
701.659000
702.903000
704.146000
705.373000
706.616000
707.860000
709.103000
710.347000
711.574000
712.817000
714.060000
715.304000
716.547000
730.673000
731.900000
733.143000
734.387000
735.630000
736.873000
738.100000
739.344000
740.587000
741.831000
743.074000
744.301000
745.544000
746.788000
748.031000
749.275000
750.502000
751.745000
752.988000
754.232000
755.475000
756.702000
757.946000
759.189000
760.433000
761.676000
762.903000
764.146000
765.390000
766.633000
769.103000
770.347000
771.590000
772.834000
774.061000
775.304000
776.547000
777.791000
789.430000
790.673000
791.900000
793.143000
794.387000
796.874000
798.100000
799.344000
800.587000
801.831000
803.074000
804.301000
805.545000
806.788000
808.031000
809.275000
810.502000
811.745000
812.989000
814.232000
815.475000
816.702000
817.946000
819.189000
820.433000
822.903000
824.146000
825.390000
826.633000
827.860000
829.104000
830.347000
832.834000
834.061000
835.304000
836.548000
837.791000
849.430000
850.673000
851.900000
853.143000
854.387000
855.630000
856.874000
858.101000
859.344000
860.587000
861.831000
863.074000
864.301000
865.545000
866.788000
868.032000
869.275000
870.502000
871.745000
872.989000
874.232000
875.476000
876.702000
877.946000
879.189000
880.433000
881.660000
882.903000
884.147000
885.390000
886.633000
887.860000
889.104000
890.347000
891.591000
892.834000
894.061000
895.304000
896.548000
909.430000
910.673000
911.900000
913.144000
914.387000
915.630000
916.874000
918.101000
919.344000
920.588000
921.831000
923.074000
924.301000
925.545000
928.032000
929.275000
930.502000
931.745000
932.989000
934.232000
935.476000
936.703000
937.946000
939.189000
941.660000
944.147000
945.390000
947.860000
949.104000
950.347000
952.834000
954.061000
955.304000
956.548000
957.791000
969.430000
970.673000
971.900000
973.144000
974.387000
975.631000
976.874000
979.344000
980.588000
981.831000
983.075000
984.301000
985.545000
986.788000
988.032000
989.275000
991.746000
992.989000
994.232000
995.476000
996.703000
997.946000
999.190000
1000.433000
1002.903000
1004.147000
1005.390000
1006.634000
1007.861000
1009.104000
1010.347000
1011.591000
1012.834000
1014.061000
1015.305000
1016.548000
