1767.288000
1769.775000
1771.002000
1772.246000
1773.489000
1774.733000
1777.203000
1778.446000
1779.690000
1780.933000
1782.160000
1783.403000
1785.890000
1790.848000
1792.091000
1793.334000
1795.805000
1797.048000
1798.292000
1799.535000
1802.005000
1803.249000
1804.492000
1809.449000
1810.693000
1813.163000
1826.045000
1828.532000
1831.002000
1833.489000
1835.960000
1838.446000
1840.933000
1842.160000
1843.404000
1844.647000
1845.890000
1847.134000
1849.604000
1850.848000
1852.091000
1853.335000
1854.561000
1857.048000
1858.292000
1859.535000
1860.762000
1862.005000
1863.249000
1864.492000
1865.736000
1866.963000
1868.206000
1869.449000
1871.920000
1874.407000
1887.289000
1888.532000
1889.776000
1892.246000
1893.489000
1894.733000
1895.960000
1897.203000
1898.447000
1899.690000
1900.933000
1907.134000
1909.604000
1912.091000
1913.335000
1914.562000
1917.048000
1918.292000
1919.535000
1920.762000
1922.006000
1923.249000
1924.492000
1925.736000
1928.206000
1929.450000
1930.693000
1931.920000
1933.163000
1947.289000
1949.776000
1951.003000
1952.246000
1953.489000
1954.733000
1955.960000
1957.203000
1958.447000
1960.934000
1963.404000
1965.891000
1967.134000
1968.361000
1969.604000
1970.848000
1972.091000
1973.335000
1975.805000
1979.535000
1980.762000
1982.006000
1984.493000
1985.736000
1988.206000
1989.450000
1991.920000
2006.046000
2007.289000
2008.532000
2011.003000
2013.490000
2014.733000
2015.960000
2017.203000
2020.934000
2022.161000
2023.404000
2025.891000
2028.361000
2029.605000
2030.848000
2035.805000
2037.049000
2038.292000
2040.762000
2042.006000
2043.249000
2044.493000
2045.720000
2046.963000
2048.206000
2049.450000
2051.920000
2053.164000
2054.407000
2066.046000
2067.289000
2069.776000
2071.003000
2072.246000
2073.490000
2074.733000
2075.960000
2077.203000
2080.934000
2082.161000
2084.648000
2085.891000
2087.134000
2089.605000
2090.848000
2093.335000
2094.562000
2095.805000
2097.049000
2098.292000
2099.536000
2100.763000
2102.006000
2103.249000
2104.493000
2106.963000
2109.450000
2110.693000
2111.920000
2113.164000
2126.046000
2127.289000
2128.533000
2129.760000
2131.003000
2132.246000
2133.490000
2134.733000
2135.960000
2137.204000
2139.691000
2142.161000
2143.404000
2147.135000
2149.605000
2150.848000
2152.092000
2153.335000
2154.562000
2158.292000
2159.536000
2163.250000
2165.720000
2166.963000
2171.920000
2173.164000
2174.407000
2186.046000
2187.289000
2188.533000
2189.760000
2191.003000
2192.247000
2193.490000
2197.204000
2198.447000
2199.691000
2203.404000
2205.891000
2207.135000
2208.362000
2210.848000
2212.092000
2218.293000
2220.763000
2222.006000
2223.250000
2228.207000
2233.164000
2247.290000
2249.760000
2252.247000
2254.734000
2255.960000
2257.204000
2258.447000
2260.934000
2262.161000
2264.648000
2267.135000
2268.362000
2269.605000
2270.849000
2272.092000
2273.336000
2274.562000
2275.806000
2278.293000
2280.763000
2282.006000
2284.493000
2285.720000
2286.964000
2289.450000
2290.694000
2291.921000
2293.164000
2306.046000
2307.290000
2308.533000
2311.003000
2312.247000
2314.734000
2315.961000
2317.204000
2318.447000
2319.691000
2322.161000
2323.405000
2324.648000
2325.892000
2327.135000
2328.362000
2334.562000
2337.049000
2338.293000
2340.763000
2342.007000
2344.493000
2345.720000
2348.207000
2349.451000
2353.164000
2368.533000
2369.777000
2372.247000
2373.490000
2375.961000
2377.204000
2378.448000
2379.691000
2380.934000
2382.161000
2384.648000
2385.892000
2392.092000
2393.336000
2394.563000
2398.293000
2402.007000
2405.737000
2406.964000
2408.207000
2409.451000
2413.164000
2426.046000
2427.290000
2428.533000
2429.777000
2431.004000
2432.247000
2433.491000
2434.734000
2435.961000
2442.161000
2443.405000
2444.648000
2445.892000
2447.135000
2450.849000
2452.092000
2454.563000
2458.293000
2459.536000
2460.763000
2462.007000
2463.250000
2464.494000
2465.721000
2469.451000
2470.694000
2471.921000
2474.408000
