313.772000
315.016000
322.443000
326.173000
334.844000
342.288000
348.489000
355.933000
373.772000
378.730000
379.973000
381.200000
383.687000
393.601000
399.802000
401.045000
402.289000
406.002000
432.529000
437.486000
438.730000
443.687000
449.887000
457.332000
475.933000
492.529000
497.486000
498.730000
508.644000
511.131000
514.845000
519.802000
532.203000
538.404000
550.042000
553.773000
555.000000
564.931000
567.401000
572.375000
588.490000
597.161000
613.773000
622.444000
628.644000
629.888000
631.131000
641.046000
647.246000
648.490000
670.043000
677.487000
681.201000
684.914000
688.645000
696.072000
703.516000
704.760000
708.473000
715.917000
738.730000
739.974000
741.201000
748.645000
749.888000
753.602000
754.845000
757.332000
797.487000
798.730000
799.974000
801.201000
806.175000
811.132000
812.375000
816.089000
819.803000
821.046000
829.734000
832.204000
833.447000
837.161000
852.530000
864.931000
877.332000
879.803000
883.533000
886.003000
887.247000
888.490000
913.774000
919.974000
931.132000
938.576000
939.803000
952.204000
953.448000
954.691000
972.530000
975.001000
976.244000
977.487000
978.731000
983.688000
984.931000
992.376000
998.560000
1008.491000
1017.161000
1018.405000
