6.323000
6.953000
7.566000
8.180000
8.810000
9.423000
10.053000
10.667000
11.280000
11.910000
12.524000
13.154000
13.767000
14.380000
15.010000
15.624000
16.254000
16.867000
17.481000
18.111000
18.724000
19.354000
19.968000
20.581000
21.211000
21.825000
22.455000
23.068000
23.681000
24.311000
24.925000
25.555000
26.168000
26.782000
27.412000
28.025000
28.655000
29.269000
29.882000
30.512000
31.125000
31.755000
32.369000
32.982000
33.612000
34.226000
34.856000
35.469000
36.083000
36.713000
37.326000
37.940000
38.570000
39.183000
39.813000
40.426000
41.040000
41.670000
42.283000
42.913000
43.527000
44.140000
44.770000
45.384000
46.014000
46.627000
47.240000
47.870000
48.484000
49.114000
49.727000
50.341000
50.971000
51.584000
52.214000
52.828000
53.441000
54.071000
54.685000
55.315000
55.928000
56.541000
57.171000
57.785000
58.415000
66.323000
66.953000
67.567000
68.180000
68.810000
69.423000
70.053000
70.667000
71.280000
71.910000
72.524000
73.154000
73.767000
74.381000
75.011000
75.624000
76.254000
76.867000
77.481000
78.111000
78.724000
79.354000
79.968000
80.581000
81.211000
81.825000
82.455000
83.068000
83.682000
84.312000
84.925000
85.555000
86.168000
86.782000
87.412000
88.025000
88.655000
89.269000
89.882000
90.512000
91.126000
91.756000
92.369000
92.982000
93.612000
94.226000
94.856000
95.469000
96.083000
96.713000
97.326000
97.940000
98.570000
99.183000
99.813000
100.427000
101.040000
101.670000
102.283000
102.913000
103.527000
104.140000
104.770000
105.384000
106.014000
106.627000
107.241000
107.871000
108.484000
109.114000
109.727000
110.341000
110.971000
111.584000
112.214000
112.828000
113.441000
114.071000
114.685000
115.315000
115.928000
116.542000
117.172000
117.785000
118.415000
126.323000
126.953000
127.567000
128.180000
128.810000
129.424000
130.054000
130.667000
131.280000
131.910000
132.524000
133.154000
133.767000
134.381000
135.011000
135.624000
136.254000
136.868000
137.481000
138.111000
138.725000
139.355000
139.968000
140.581000
141.211000
141.825000
142.455000
143.068000
143.682000
144.312000
144.925000
145.555000
146.169000
146.782000
147.412000
148.025000
148.655000
149.269000
149.882000
150.512000
151.126000
151.756000
152.369000
152.983000
153.613000
154.226000
154.839000
155.470000
156.083000
156.713000
157.326000
157.940000
158.570000
159.183000
159.813000
160.427000
161.040000
161.670000
162.284000
162.914000
163.527000
164.140000
164.770000
165.384000
166.014000
166.627000
167.241000
167.871000
168.484000
169.114000
169.728000
170.341000
170.971000
171.584000
172.214000
172.828000
173.441000
174.071000
174.685000
175.315000
175.928000
176.542000
177.172000
177.785000
178.415000
186.323000
186.953000
187.567000
188.180000
188.810000
189.424000
190.054000
190.667000
191.281000
191.911000
192.524000
193.154000
193.767000
194.381000
195.011000
195.624000
196.254000
196.868000
197.481000
198.111000
198.725000
199.355000
199.968000
200.582000
201.212000
201.825000
202.455000
203.068000
203.682000
204.312000
204.925000
205.555000
206.169000
206.782000
207.412000
208.026000
208.656000
209.269000
209.882000
210.512000
211.126000
211.756000
212.369000
212.983000
213.613000
214.226000
214.840000
215.470000
216.083000
216.713000
217.326000
217.940000
218.570000
219.183000
219.813000
220.427000
221.040000
221.670000
222.284000
222.914000
223.527000
224.141000
224.771000
225.384000
226.014000
226.627000
227.241000
227.871000
228.484000
229.114000
229.728000
230.341000
230.971000
231.585000
232.215000
232.828000
233.441000
234.072000
234.685000
235.315000
235.928000
236.542000
237.172000
237.785000
238.415000
246.324000
246.954000
247.567000
248.180000
248.810000
249.424000
250.054000
250.667000
251.281000
251.911000
252.524000
253.154000
253.768000
254.381000
255.011000
255.624000
256.254000
256.868000
257.481000
258.111000
258.725000
259.355000
259.968000
260.582000
261.212000
261.825000
262.455000
263.069000
263.682000
264.312000
264.925000
265.555000
266.169000
266.782000
267.412000
268.026000
268.656000
269.269000
269.883000
270.513000
271.126000
271.756000
272.369000
272.983000
273.613000
274.226000
274.840000
275.470000
276.083000
276.713000
277.327000
277.940000
278.570000
279.184000
279.814000
280.427000
281.040000
281.670000
282.284000
282.914000
283.527000
284.141000
284.771000
285.384000
286.014000
286.628000
287.241000
287.871000
288.484000
289.114000
289.728000
290.341000
290.971000
291.585000
292.215000
292.828000
293.442000
294.072000
294.685000
295.315000
295.929000
296.542000
297.172000
297.785000
298.415000
306.324000
306.954000
307.567000
308.181000
308.811000
309.424000
310.054000
310.667000
311.281000
311.911000
312.524000
313.154000
313.768000
314.381000
315.011000
315.625000
316.255000
316.868000
317.481000
318.111000
318.725000
319.355000
319.968000
320.582000
321.212000
321.825000
322.455000
323.069000
323.682000
324.312000
324.926000
325.556000
326.169000
326.782000
327.412000
328.026000
328.656000
329.269000
329.883000
330.513000
331.126000
331.740000
332.370000
332.983000
333.613000
334.226000
334.840000
335.470000
336.083000
336.713000
337.327000
337.940000
338.570000
339.184000
339.814000
340.427000
341.041000
341.671000
342.284000
342.914000
343.527000
344.141000
344.771000
345.384000
346.014000
346.628000
347.241000
347.871000
348.485000
349.115000
349.728000
350.341000
350.971000
351.585000
352.215000
352.828000
353.442000
354.072000
354.685000
355.315000
355.929000
356.542000
357.172000
357.786000
358.416000
366.324000
366.954000
367.567000
368.181000
368.811000
369.424000
370.054000
370.668000
371.281000
371.911000
372.524000
373.154000
373.768000
374.381000
375.011000
375.625000
376.255000
376.868000
377.482000
378.112000
378.725000
379.355000
379.968000
380.582000
381.212000
381.825000
382.455000
383.069000
383.682000
384.312000
384.926000
385.556000
386.169000
386.783000
387.413000
388.026000
388.656000
389.269000
389.883000
390.513000
391.126000
391.740000
392.370000
392.983000
393.613000
394.227000
394.840000
395.470000
396.083000
396.713000
397.327000
397.940000
398.570000
399.184000
399.814000
400.427000
401.041000
401.671000
402.284000
402.914000
403.528000
404.141000
404.771000
405.384000
406.014000
406.628000
407.241000
407.871000
408.485000
409.115000
409.728000
410.342000
410.972000
411.585000
412.215000
412.828000
413.442000
414.072000
414.685000
415.315000
415.929000
416.542000
417.172000
417.786000
418.416000
426.324000
426.954000
427.567000
428.181000
428.811000
429.424000
430.054000
430.668000
431.281000
431.911000
432.525000
433.155000
433.768000
434.381000
435.011000
435.625000
436.255000
436.868000
437.482000
438.112000
438.725000
439.355000
439.969000
440.582000
441.212000
441.825000
442.456000
443.069000
443.682000
444.312000
444.926000
445.556000
446.169000
446.783000
447.413000
448.026000
448.640000
449.270000
449.883000
450.513000
451.126000
451.740000
452.370000
452.983000
453.613000
454.227000
454.840000
455.470000
456.084000
456.714000
457.327000
457.940000
458.570000
459.184000
459.814000
460.427000
461.041000
461.671000
462.284000
462.914000
463.528000
464.141000
464.771000
465.385000
466.015000
466.628000
467.241000
467.871000
468.485000
469.115000
469.728000
470.342000
470.972000
471.585000
472.215000
472.829000
473.442000
474.072000
474.686000
475.315000
475.929000
476.542000
477.172000
477.786000
478.416000
486.324000
486.937000
487.568000
488.181000
488.794000
489.424000
490.038000
490.668000
491.281000
491.895000
492.525000
493.138000
493.752000
494.382000
494.995000
495.625000
496.238000
496.852000
497.482000
498.095000
498.725000
499.339000
499.952000
500.582000
501.196000
501.826000
502.439000
503.052000
503.682000
504.296000
504.926000
505.539000
506.153000
506.783000
507.396000
508.026000
508.640000
509.253000
509.883000
510.497000
511.127000
511.740000
512.353000
512.983000
513.597000
514.227000
514.840000
515.454000
516.084000
516.697000
517.327000
517.941000
518.554000
519.184000
519.797000
520.427000
521.041000
521.654000
522.284000
522.898000
523.528000
524.141000
524.755000
525.385000
525.998000
526.612000
527.242000
527.855000
528.485000
529.098000
529.712000
530.342000
530.955000
531.585000
532.199000
532.812000
533.442000
534.056000
534.686000
535.299000
535.912000
536.542000
537.156000
537.786000
538.399000
546.324000
546.938000
547.568000
548.181000
548.795000
549.425000
550.038000
550.668000
551.281000
551.895000
552.525000
553.138000
553.752000
554.382000
554.995000
555.625000
556.239000
556.852000
557.482000
558.095000
558.725000
559.339000
559.952000
560.582000
561.196000
561.826000
562.439000
563.053000
563.683000
564.296000
564.926000
565.540000
566.153000
566.783000
567.396000
568.026000
568.640000
569.253000
569.883000
570.497000
571.127000
571.740000
572.354000
572.984000
573.597000
574.227000
574.840000
575.454000
576.084000
576.697000
577.327000
577.941000
578.554000
579.184000
579.798000
580.428000
581.041000
581.654000
582.284000
582.898000
583.528000
584.141000
584.755000
585.385000
585.998000
586.612000
587.242000
587.855000
588.485000
589.099000
589.712000
590.342000
590.955000
591.585000
592.199000
592.812000
593.442000
594.056000
594.686000
595.299000
595.913000
596.543000
597.156000
597.786000
598.399000
606.324000
606.938000
607.551000
608.181000
608.795000
609.425000
610.038000
610.652000
611.282000
611.895000
612.525000
613.138000
613.752000
614.382000
614.995000
615.625000
616.239000
616.852000
617.482000
618.096000
618.726000
619.339000
619.952000
620.582000
621.196000
621.826000
622.439000
623.053000
623.683000
624.296000
624.926000
625.540000
626.153000
626.783000
627.397000
628.027000
628.640000
629.253000
629.883000
630.497000
631.127000
631.740000
632.354000
632.984000
633.597000
634.227000
634.841000
635.454000
636.084000
636.697000
637.327000
637.941000
638.554000
639.184000
639.798000
640.428000
641.041000
641.655000
642.285000
642.898000
643.528000
644.142000
644.755000
645.385000
645.998000
646.612000
647.242000
647.855000
648.485000
649.099000
649.712000
650.342000
650.956000
651.586000
652.199000
652.812000
653.442000
654.056000
654.686000
655.299000
655.913000
656.543000
657.156000
657.786000
658.400000
666.324000
666.938000
667.568000
668.181000
668.795000
669.425000
670.038000
670.652000
671.282000
671.895000
672.525000
673.139000
673.752000
674.382000
674.995000
675.625000
676.239000
676.852000
677.482000
678.096000
678.726000
679.339000
679.953000
680.583000
681.196000
681.826000
682.439000
683.053000
683.683000
684.296000
684.926000
685.540000
686.153000
686.783000
687.397000
688.027000
688.640000
689.253000
689.884000
690.497000
691.127000
691.740000
692.354000
692.984000
693.597000
694.227000
694.841000
695.454000
696.084000
696.698000
697.328000
697.941000
698.554000
699.184000
699.798000
700.428000
701.041000
701.655000
702.285000
702.898000
703.512000
704.142000
704.755000
705.385000
705.999000
706.612000
707.242000
707.855000
708.485000
709.099000
709.712000
710.342000
710.956000
711.586000
712.199000
712.813000
713.443000
714.056000
714.686000
715.299000
715.913000
716.543000
717.156000
717.786000
718.400000
726.325000
726.938000
727.568000
728.181000
728.795000
729.425000
730.038000
730.652000
731.282000
731.895000
732.525000
733.139000
733.752000
734.382000
734.996000
735.626000
736.239000
736.852000
737.482000
738.096000
738.726000
739.339000
739.953000
740.583000
741.196000
741.826000
742.440000
743.053000
743.683000
744.296000
744.926000
745.540000
746.153000
746.783000
747.397000
748.027000
748.640000
749.254000
749.884000
750.497000
751.127000
751.741000
752.354000
752.984000
753.597000
754.227000
754.841000
755.454000
756.084000
756.698000
757.328000
757.941000
758.555000
759.185000
759.798000
760.428000
761.041000
761.655000
762.285000
762.898000
763.512000
764.142000
764.755000
765.385000
765.999000
766.612000
767.242000
767.855000
768.486000
769.099000
769.712000
770.342000
770.956000
771.586000
772.199000
772.813000
773.443000
774.056000
774.686000
775.300000
775.913000
776.543000
777.156000
777.786000
778.400000
786.325000
786.938000
787.552000
788.182000
788.795000
789.425000
790.038000
790.652000
791.282000
791.895000
792.525000
793.139000
793.752000
794.382000
794.996000
795.626000
796.239000
796.853000
797.483000
798.096000
798.726000
799.339000
799.953000
800.583000
801.196000
801.826000
802.440000
803.053000
803.683000
804.297000
804.927000
805.540000
806.153000
806.783000
807.397000
808.027000
808.640000
809.254000
809.884000
810.497000
811.127000
811.741000
812.354000
812.984000
813.598000
814.228000
814.841000
815.454000
816.084000
816.698000
817.328000
817.941000
818.555000
819.185000
819.798000
820.412000
821.042000
821.655000
822.285000
822.898000
823.512000
824.142000
824.755000
825.385000
825.999000
826.612000
827.242000
827.856000
828.486000
829.099000
829.712000
830.343000
830.956000
831.586000
832.199000
832.813000
833.443000
834.056000
834.686000
835.300000
835.913000
836.543000
837.157000
837.787000
838.400000
846.325000
846.938000
847.552000
848.182000
848.795000
849.425000
850.039000
850.652000
851.282000
851.896000
852.526000
853.139000
853.752000
854.382000
854.996000
855.626000
856.239000
856.853000
857.483000
858.096000
858.726000
859.340000
859.953000
860.583000
861.196000
861.826000
862.440000
863.053000
863.683000
864.297000
864.927000
865.540000
866.154000
866.784000
867.397000
868.027000
868.640000
869.254000
869.884000
870.497000
871.127000
871.741000
872.354000
872.984000
873.598000
874.228000
874.841000
875.455000
876.085000
876.698000
877.328000
877.941000
878.555000
879.185000
879.798000
880.412000
881.042000
881.655000
882.285000
882.899000
883.512000
884.142000
884.755000
885.385000
885.999000
886.612000
887.242000
887.856000
888.486000
889.099000
889.713000
890.343000
890.956000
891.586000
892.200000
892.813000
893.443000
894.056000
894.686000
895.300000
895.913000
896.543000
897.157000
897.787000
898.400000
906.325000
906.938000
907.552000
908.182000
908.795000
909.425000
910.039000
910.652000
911.282000
911.896000
912.526000
913.139000
913.752000
914.383000
914.996000
915.626000
916.239000
916.853000
917.483000
918.096000
918.726000
919.340000
919.953000
920.583000
921.197000
921.827000
922.440000
923.053000
923.683000
924.297000
924.927000
925.540000
926.154000
926.784000
927.397000
928.027000
928.641000
929.254000
929.884000
930.497000
931.127000
931.741000
932.354000
932.984000
933.598000
934.228000
934.841000
935.455000
936.085000
936.698000
937.312000
937.942000
938.555000
939.185000
939.798000
940.412000
941.042000
941.655000
942.285000
942.899000
943.512000
944.142000
944.756000
945.386000
945.999000
946.612000
947.242000
947.856000
948.486000
949.099000
949.713000
950.343000
950.956000
951.586000
952.200000
952.813000
953.443000
954.057000
954.687000
955.300000
955.913000
956.543000
957.157000
957.787000
958.400000
966.325000
966.939000
967.552000
968.182000
968.795000
969.425000
970.039000
970.652000
971.282000
971.896000
972.526000
973.139000
973.753000
974.383000
974.996000
975.626000
976.240000
976.853000
977.483000
978.096000
978.726000
979.340000
979.953000
980.583000
981.197000
981.827000
982.440000
983.054000
983.684000
984.297000
984.927000
985.540000
986.154000
986.784000
987.397000
988.027000
988.641000
989.254000
989.884000
990.498000
991.128000
991.741000
992.354000
992.985000
993.598000
994.228000
994.841000
995.455000
996.085000
996.698000
997.312000
997.942000
998.555000
999.185000
999.799000
1000.412000
1001.042000
1001.655000
1002.285000
1002.899000
1003.512000
1004.142000
1004.756000
1005.386000
1005.999000
1006.613000
1007.243000
1007.856000
1008.486000
1009.100000
1009.713000
1010.343000
1010.956000
1011.586000
1012.200000
1012.813000
1013.443000
1014.057000
1014.687000
1015.300000
1015.914000
1016.544000
1017.157000
1017.787000
1018.400000
