1038.666000
1039.280000
1039.910000
1040.523000
1041.153000
1041.767000
1042.380000
1043.010000
1043.624000
1044.254000
1044.867000
1045.481000
1046.110000
1046.724000
1047.354000
1047.967000
1048.581000
1049.211000
1049.824000
1050.454000
1051.068000
1051.681000
1052.311000
1052.925000
1053.555000
1054.168000
1054.781000
1055.411000
1056.025000
1056.655000
1057.268000
1057.882000
1058.512000
1059.125000
1059.755000
1060.369000
1060.982000
1061.612000
1062.225000
1062.855000
1063.469000
1064.712000
1065.326000
1065.956000
1066.569000
1067.183000
1067.813000
1068.426000
1069.040000
1069.670000
1070.283000
1070.913000
1071.526000
1072.140000
1072.770000
1073.383000
1074.013000
1074.627000
1075.240000
1075.870000
1076.484000
1077.114000
1077.727000
1078.340000
1078.970000
1079.584000
1080.214000
1080.827000
1081.441000
1082.071000
1082.684000
1083.314000
1083.928000
1084.541000
1085.171000
1085.785000
1086.415000
1097.423000
1098.053000
1098.667000
1099.280000
1099.910000
1100.523000
1101.153000
1101.767000
1102.380000
1103.010000
1103.624000
1104.254000
1104.867000
1105.481000
1106.111000
1106.724000
1107.354000
1107.968000
1108.581000
1109.211000
1109.824000
1110.454000
1111.068000
1111.681000
1112.311000
1112.925000
1113.555000
1114.168000
1114.782000
1115.412000
1116.025000
1116.655000
1117.268000
1117.882000
1118.512000
1119.125000
1119.755000
1120.369000
1120.982000
1121.612000
1122.226000
1122.856000
1123.469000
1124.712000
1125.326000
1125.956000
1126.569000
1127.183000
1127.813000
1128.426000
1129.040000
1129.670000
1130.283000
1130.913000
1131.527000
1132.140000
1132.770000
1133.383000
1134.013000
1134.627000
1135.240000
1135.870000
1136.484000
1137.114000
1137.727000
1138.341000
1138.971000
1139.584000
1140.214000
1140.827000
1141.441000
1142.071000
1142.684000
1143.314000
1143.928000
1144.541000
1145.171000
1145.785000
1146.415000
1157.423000
1158.053000
1158.667000
1159.280000
1159.910000
1160.524000
1161.154000
1161.767000
1162.380000
1163.010000
1163.624000
1164.254000
1164.867000
1166.111000
1166.724000
1167.354000
1167.968000
1168.581000
1169.211000
1169.824000
1171.068000
1171.681000
1172.311000
1172.925000
1173.555000
1174.168000
1174.782000
1176.025000
1176.655000
1177.882000
1178.512000
1179.125000
1179.755000
1180.369000
1180.982000
1181.612000
1182.226000
1182.856000
1183.469000
1184.083000
1184.713000
1185.326000
1185.939000
1186.569000
1187.183000
1187.813000
1188.426000
1189.040000
1189.670000
1190.283000
1190.913000
1191.527000
1192.140000
1192.770000
1193.384000
1194.014000
1194.627000
1195.240000
1195.870000
1196.484000
1197.114000
1198.341000
1198.971000
1199.584000
1200.214000
1200.828000
1201.441000
1202.071000
1202.684000
1203.314000
1203.928000
1205.171000
1205.785000
1206.415000
1217.423000
1218.053000
1218.667000
1219.280000
1219.910000
1220.524000
1221.154000
1221.767000
1222.381000
1223.011000
1223.624000
1224.254000
1224.867000
1225.481000
1226.111000
1226.724000
1227.968000
1228.581000
1229.211000
1229.825000
1230.455000
1231.068000
1231.681000
1232.311000
1232.925000
1233.555000
1234.168000
1234.782000
1236.025000
1236.655000
1237.269000
1237.882000
1238.512000
1239.126000
1239.756000
1240.369000
1240.982000
1241.612000
1242.226000
1243.469000
1244.083000
1244.713000
1245.326000
1245.940000
1246.570000
1247.183000
1247.813000
1248.426000
1249.670000
1250.283000
1252.140000
1252.770000
1253.384000
1254.014000
1255.241000
1255.871000
1256.484000
1257.114000
1257.727000
1258.341000
1258.971000
1259.584000
1260.214000
1260.828000
1262.071000
1262.685000
1263.315000
1263.928000
1264.542000
1265.171000
1265.785000
1266.415000
1277.424000
1278.037000
1278.667000
1279.280000
1279.894000
1280.524000
1281.137000
1281.767000
1282.994000
1283.624000
1284.238000
1284.868000
1285.481000
1286.094000
1286.724000
1287.338000
1287.968000
1288.581000
1289.195000
1290.438000
1291.052000
1292.295000
1292.925000
1293.539000
1294.152000
1294.782000
1295.395000
1296.025000
1296.639000
1297.252000
1297.882000
1298.496000
1299.126000
1299.739000
1300.353000
1300.983000
1301.596000
1302.226000
1302.839000
1303.453000
1304.696000
1305.940000
1306.553000
1307.183000
1307.797000
1308.427000
1309.040000
1309.653000
1310.283000
1310.897000
1311.527000
1312.140000
1313.384000
1313.997000
1314.627000
1315.241000
1315.854000
1316.484000
1317.098000
1317.728000
1318.341000
1318.954000
1319.584000
1320.198000
1320.828000
1321.441000
1322.055000
1322.685000
1323.298000
1323.912000
1325.155000
1325.785000
1326.398000
1337.424000
1338.037000
1338.667000
1339.894000
1340.524000
1341.137000
1341.767000
1342.381000
1342.994000
1343.624000
1344.238000
1344.868000
1346.095000
1346.725000
1347.338000
1347.968000
1348.581000
1349.195000
1349.825000
1350.438000
1351.052000
1351.682000
1352.295000
1352.925000
1353.539000
1354.152000
1354.782000
1355.396000
1356.026000
1356.639000
1357.252000
1357.882000
1358.496000
1359.126000
1359.739000
1360.353000
1360.983000
1361.596000
1362.226000
1362.840000
1363.453000
1364.083000
1364.696000
1365.326000
1365.940000
1366.553000
1367.183000
1368.427000
1369.040000
1369.654000
1371.527000
1372.141000
1372.754000
1373.384000
1373.997000
1375.241000
1375.854000
1376.484000
1377.728000
1378.341000
1378.955000
1379.585000
1380.198000
1380.828000
1381.441000
1382.055000
1382.685000
1383.298000
1383.912000
1384.542000
1385.155000
1385.785000
1386.399000
1397.424000
1398.667000
1399.281000
1399.894000
1400.524000
1401.138000
1401.768000
1402.381000
1402.994000
1403.624000
1404.238000
1404.868000
1405.481000
1406.095000
1406.725000
1407.338000
1407.952000
1408.582000
1409.195000
1409.825000
1410.438000
1411.052000
1411.682000
1412.295000
1412.925000
1413.539000
1414.152000
1415.396000
1416.026000
1416.639000
1417.253000
1417.883000
1418.496000
1419.126000
1419.739000
1420.353000
1420.983000
1421.596000
1422.226000
1422.840000
1423.453000
1424.083000
1424.697000
1425.327000
1425.940000
1426.553000
1427.183000
1427.797000
1428.427000
1429.040000
1429.654000
1430.284000
1430.897000
1431.527000
1432.141000
1432.754000
1433.384000
1433.998000
1435.854000
1436.484000
1437.098000
1437.728000
1438.341000
1439.585000
1440.198000
1440.812000
1441.442000
1442.055000
1442.685000
1443.298000
1443.912000
1444.542000
1445.155000
1445.785000
1446.399000
1457.424000
1458.037000
1458.667000
1459.281000
1459.894000
1460.524000
1461.768000
1462.381000
1462.995000
1463.625000
1464.238000
1464.868000
1465.481000
1466.095000
1466.725000
1467.338000
1467.952000
1468.582000
1469.195000
1469.825000
1470.439000
1471.052000
1471.682000
1472.295000
1472.925000
1473.539000
1474.152000
1474.782000
1475.396000
1476.026000
1477.253000
1477.883000
1478.496000
1479.126000
1479.740000
1480.353000
1480.983000
1481.596000
1483.453000
1484.083000
1484.697000
1485.327000
1485.940000
1486.554000
1487.184000
1487.797000
1488.427000
1489.040000
1489.654000
1490.284000
1490.897000
1491.527000
1492.141000
1492.754000
1493.384000
1495.241000
1495.855000
1496.485000
1497.098000
1497.728000
1498.341000
1498.955000
1499.585000
1500.198000
1500.812000
1501.442000
1502.055000
1502.685000
1503.299000
1503.912000
1504.542000
1505.155000
1505.785000
1506.399000
1517.424000
1518.037000
1518.667000
1519.281000
1519.894000
1520.524000
1521.138000
1521.768000
1522.381000
1522.995000
1523.625000
1524.238000
1524.852000
1525.482000
1526.095000
1526.725000
1527.952000
1528.582000
1529.195000
1529.825000
1531.052000
1531.682000
1532.296000
1532.926000
1533.539000
1534.152000
1534.783000
1535.396000
1536.026000
1536.639000
1537.253000
1537.883000
1538.496000
1539.740000
1540.353000
1540.983000
1541.597000
1542.227000
1542.840000
1543.453000
1544.083000
1544.697000
1545.327000
1545.940000
1546.554000
1547.184000
1547.797000
1548.427000
1549.041000
1549.654000
1550.284000
1550.897000
1551.527000
1552.141000
1552.754000
1553.384000
1553.998000
1554.628000
1555.241000
1555.855000
1556.485000
1557.098000
1557.712000
1558.342000
1558.955000
1559.585000
1560.198000
1560.812000
1561.442000
1562.055000
1562.685000
1563.299000
1563.912000
1565.156000
1565.786000
1566.399000
1577.424000
1578.054000
1578.668000
1579.281000
1579.911000
1580.524000
1581.155000
1581.768000
1582.381000
1583.625000
1584.255000
1584.868000
1585.482000
1586.112000
1586.725000
1587.355000
1587.969000
1588.582000
1589.212000
1590.455000
1591.069000
1591.682000
1592.926000
1593.556000
1594.169000
1594.783000
1595.413000
1596.026000
1596.656000
1597.269000
1597.883000
1598.513000
1599.126000
1599.740000
1600.370000
1600.983000
1601.613000
1602.840000
1603.470000
1604.084000
1604.714000
1605.327000
1605.940000
1606.570000
1607.184000
1608.427000
1609.041000
1609.671000
1610.284000
1612.141000
1613.384000
1614.014000
1614.628000
1615.241000
1615.871000
1616.485000
1617.115000
1617.728000
1618.342000
1619.585000
1620.215000
1620.829000
1621.442000
1622.072000
1622.685000
1623.315000
1624.542000
1625.172000
1625.786000
1626.416000
1637.424000
1638.038000
1638.668000
1639.281000
1639.895000
1640.525000
1641.138000
1641.752000
1642.381000
1642.995000
1643.625000
1644.238000
1644.852000
1645.482000
1646.095000
1646.725000
1647.339000
1647.952000
1648.582000
1649.826000
1652.296000
1652.926000
1653.539000
1654.153000
1654.783000
1655.396000
1656.026000
1657.253000
1657.883000
1658.496000
1659.126000
1659.740000
1660.353000
1660.983000
1661.597000
1662.227000
1662.840000
1663.454000
1664.084000
1664.697000
1665.327000
1665.941000
1666.554000
1667.184000
1667.797000
1668.427000
1669.041000
1669.654000
1670.284000
1670.898000
1671.528000
1672.141000
1672.755000
1673.385000
1673.998000
1674.628000
1675.241000
1675.855000
1676.485000
1677.098000
1677.712000
1678.342000
1678.955000
1679.585000
1680.812000
1681.442000
1682.056000
1682.686000
1683.299000
1683.912000
1684.542000
1685.156000
1685.786000
1686.399000
1697.424000
1698.038000
1698.668000
1699.281000
1699.895000
1700.525000
1701.138000
1701.752000
1702.382000
1702.995000
1703.625000
1704.239000
1704.852000
1705.482000
1706.095000
1706.725000
1707.339000
1707.952000
1708.582000
1709.196000
1709.826000
1710.439000
1711.053000
1711.683000
1712.296000
1712.926000
1713.539000
1714.153000
1714.783000
1715.396000
1716.026000
1716.640000
1717.253000
1717.883000
1718.497000
1719.127000
1720.984000
1721.597000
1722.227000
1722.840000
1723.454000
1724.084000
1724.697000
1725.327000
1725.941000
1726.554000
1727.184000
1727.798000
1728.428000
1729.041000
1729.654000
1730.284000
1730.898000
1732.141000
1732.755000
1733.385000
1733.998000
1734.612000
1735.855000
1736.485000
1737.098000
1737.712000
1738.342000
1738.955000
1739.585000
1740.199000
1740.812000
1741.442000
1742.056000
1742.686000
1743.299000
1743.913000
1744.543000
1745.156000
1745.786000
1746.399000
