1038.666000
1039.910000
1041.153000
1042.380000
1043.624000
1044.867000
1046.110000
1047.354000
1048.581000
1049.824000
1051.068000
1052.311000
1053.555000
1054.781000
1056.025000
1057.268000
1058.512000
1059.755000
1060.982000
1062.225000
1063.469000
1064.712000
1065.956000
1067.183000
1068.426000
1069.670000
1070.913000
1072.140000
1073.383000
1074.627000
1075.870000
1077.114000
1078.340000
1079.584000
1080.827000
1082.071000
1083.314000
1084.541000
1085.785000
1097.423000
1098.667000
1099.910000
1101.153000
1102.380000
1103.624000
1104.867000
1106.111000
1107.354000
1108.581000
1109.824000
1111.068000
1112.311000
1113.555000
1114.782000
1116.025000
1117.268000
1118.512000
1119.755000
1120.982000
1122.226000
1123.469000
1124.712000
1125.956000
1127.183000
1128.426000
1129.670000
1130.913000
1132.140000
1133.383000
1134.627000
1135.870000
1137.114000
1138.341000
1139.584000
1140.827000
1142.071000
1143.314000
1144.541000
1145.785000
1157.423000
1158.667000
1159.910000
1161.154000
1162.380000
1163.624000
1164.867000
1166.111000
1167.354000
1168.581000
1169.824000
1171.068000
1172.311000
1173.555000
1174.782000
1176.025000
1178.512000
1179.755000
1180.982000
1182.226000
1183.469000
1184.713000
1185.939000
1187.183000
1188.426000
1189.670000
1190.913000
1192.140000
1193.384000
1194.627000
1195.870000
1197.114000
1198.341000
1199.584000
1200.828000
1202.071000
1203.314000
1205.785000
1217.423000
1218.667000
1219.910000
1221.154000
1222.381000
1223.624000
1224.867000
1226.111000
1228.581000
1229.825000
1231.068000
1232.311000
1233.555000
1234.782000
1236.025000
1237.269000
1238.512000
1239.756000
1240.982000
1242.226000
1243.469000
1244.713000
1245.940000
1247.183000
1248.426000
1249.670000
1252.140000
1253.384000
1255.871000
1257.114000
1258.341000
1259.584000
1260.828000
1262.071000
1263.315000
1264.542000
1265.785000
1277.424000
1278.667000
1279.894000
1281.137000
1283.624000
1284.868000
1286.094000
1287.338000
1288.581000
1291.052000
1292.295000
1293.539000
1294.782000
1296.025000
1297.252000
1298.496000
1299.739000
1300.983000
1302.226000
1303.453000
1304.696000
1305.940000
1307.183000
1308.427000
1309.653000
1310.897000
1312.140000
1313.384000
1314.627000
1315.854000
1317.098000
1318.341000
1319.584000
1320.828000
1322.055000
1323.298000
1325.785000
1337.424000
1338.667000
1339.894000
1341.137000
1342.381000
1343.624000
1344.868000
1346.095000
1347.338000
1348.581000
1349.825000
1351.052000
1352.295000
1353.539000
1354.782000
1356.026000
1357.252000
1358.496000
1359.739000
1360.983000
1362.226000
1363.453000
1364.696000
1365.940000
1367.183000
1368.427000
1369.654000
1372.141000
1373.384000
1375.854000
1378.341000
1379.585000
1380.828000
1382.055000
1383.298000
1384.542000
1385.785000
1397.424000
1398.667000
1399.894000
1401.138000
1402.381000
1403.624000
1404.868000
1406.095000
1407.338000
1408.582000
1409.825000
1411.052000
1412.295000
1413.539000
1416.026000
1417.253000
1418.496000
1419.739000
1420.983000
1422.226000
1423.453000
1424.697000
1425.940000
1427.183000
1428.427000
1429.654000
1430.897000
1432.141000
1433.384000
1435.854000
1437.098000
1438.341000
1439.585000
1440.812000
1442.055000
1443.298000
1444.542000
1445.785000
1457.424000
1458.667000
1459.894000
1462.381000
1463.625000
1464.868000
1466.095000
1467.338000
1468.582000
1469.825000
1471.052000
1472.295000
1473.539000
1474.782000
1476.026000
1477.253000
1478.496000
1479.740000
1480.983000
1483.453000
1484.697000
1485.940000
1487.184000
1488.427000
1489.654000
1490.897000
1492.141000
1493.384000
1495.855000
1497.098000
1498.341000
1499.585000
1500.812000
1502.055000
1503.299000
1504.542000
1505.785000
1517.424000
1518.667000
1519.894000
1521.138000
1522.381000
1523.625000
1524.852000
1526.095000
1528.582000
1529.825000
1531.052000
1532.296000
1533.539000
1534.783000
1536.026000
1537.253000
1538.496000
1539.740000
1540.983000
1542.227000
1543.453000
1544.697000
1545.940000
1547.184000
1548.427000
1549.654000
1550.897000
1552.141000
1553.384000
1554.628000
1555.855000
1557.098000
1558.342000
1559.585000
1560.812000
1562.055000
1563.299000
1565.786000
1577.424000
1578.668000
1579.911000
1581.155000
1582.381000
1583.625000
1584.868000
1586.112000
1587.355000
1588.582000
1591.069000
1593.556000
1594.783000
1596.026000
1597.269000
1598.513000
1599.740000
1600.983000
1603.470000
1604.714000
1605.940000
1607.184000
1608.427000
1609.671000
1612.141000
1613.384000
1614.628000
1615.871000
1617.115000
1618.342000
1619.585000
1620.829000
1622.072000
1623.315000
1624.542000
1625.786000
1637.424000
1638.668000
1639.895000
1641.138000
1642.381000
1643.625000
1644.852000
1646.095000
1647.339000
1648.582000
1649.826000
1652.296000
1653.539000
1654.783000
1656.026000
1657.253000
1658.496000
1659.740000
1660.983000
1662.227000
1663.454000
1664.697000
1665.941000
1667.184000
1668.427000
1669.654000
1670.898000
1672.141000
1673.385000
1674.628000
1675.855000
1677.098000
1678.342000
1679.585000
1680.812000
1682.056000
1683.299000
1684.542000
1685.786000
1697.424000
1698.668000
1699.895000
1701.138000
1702.382000
1703.625000
1704.852000
1706.095000
1707.339000
1708.582000
1709.826000
1711.053000
1712.296000
1713.539000
1714.783000
1716.026000
1717.253000
1718.497000
1720.984000
1722.227000
1723.454000
1724.697000
1725.941000
1727.184000
1728.428000
1729.654000
1730.898000
1732.141000
1733.385000
1734.612000
1735.855000
1737.098000
1738.342000
1739.585000
1740.812000
1742.056000
1743.299000
1744.543000
1745.786000
