1768.522000
1771.009000
1774.722000
1775.966000
1778.453000
1784.653000
1789.611000
1790.854000
1798.281000
1810.683000
1814.413000
1828.522000
1834.723000
1844.653000
1848.367000
1852.081000
1853.324000
1854.568000
1860.768000
1864.482000
1873.170000
1874.413000
1888.522000
1893.496000
1895.966000
1900.923000
1902.167000
1903.410000
1912.081000
1922.012000
1925.726000
1931.926000
1951.009000
1963.410000
1968.368000
1970.854000
1978.282000
1983.256000
2014.723000
2018.453000
2019.680000
2032.081000
2035.812000
2038.282000
2046.969000
2050.683000
2067.296000
2072.253000
2074.723000
2075.967000
2083.411000
2084.654000
2087.124000
2089.611000
2090.855000
2095.812000
2099.526000
2103.256000
2111.927000
2114.414000
2135.967000
2137.210000
2143.411000
2145.881000
2153.325000
2163.256000
2173.170000
2187.296000
2193.480000
2197.210000
2209.611000
2213.325000
2220.769000
2228.213000
2233.171000
2251.010000
2252.253000
2259.681000
2260.924000
2263.411000
2264.654000
2269.612000
2270.855000
2274.569000
2280.769000
2282.013000
2285.727000
2294.414000
2308.523000
2320.924000
2328.368000
2330.855000
2333.325000
2335.812000
2337.056000
2345.727000
2351.927000
2368.523000
2369.767000
2371.010000
2372.253000
2378.454000
2380.924000
2382.168000
2387.125000
2389.612000
2394.569000
2397.056000
2398.283000
2400.770000
2403.240000
2405.727000
2408.214000
2411.927000
2413.171000
2428.523000
2429.767000
2437.211000
2443.411000
2444.655000
2448.369000
2449.612000
2452.082000
2453.326000
2462.013000
2466.970000
2471.928000
