1039.280000
1040.523000
1041.767000
1043.010000
1044.254000
1045.481000
1046.724000
1047.967000
1049.211000
1050.454000
1052.925000
1054.168000
1056.655000
1057.882000
1059.125000
1060.369000
1061.612000
1062.855000
1065.326000
1069.040000
1070.283000
1071.526000
1072.770000
1075.240000
1076.484000
1077.727000
1078.970000
1080.214000
1081.441000
1083.928000
1085.171000
1086.415000
1098.053000
1099.280000
1101.767000
1104.254000
1106.724000
1109.211000
1110.454000
1111.681000
1116.655000
1119.125000
1120.369000
1121.612000
1122.856000
1125.326000
1127.813000
1129.040000
1130.283000
1134.013000
1136.484000
1137.727000
1138.971000
1140.214000
1141.441000
1142.684000
1143.928000
1158.053000
1159.280000
1160.524000
1161.767000
1163.010000
1167.968000
1171.681000
1174.168000
1176.655000
1177.882000
1179.125000
1182.856000
1184.083000
1185.326000
1187.813000
1189.040000
1190.283000
1191.527000
1192.770000
1195.240000
1196.484000
1198.971000
1200.214000
1201.441000
1202.684000
1203.928000
1205.171000
1206.415000
1218.053000
1219.280000
1223.011000
1225.481000
1229.211000
1231.681000
1232.925000
1234.168000
1236.655000
1237.882000
1241.612000
1245.326000
1246.570000
1254.014000
1255.241000
1256.484000
1257.727000
1258.971000
1260.214000
1262.685000
1263.928000
1265.171000
1278.037000
1279.280000
1280.524000
1281.767000
1282.994000
1284.238000
1287.968000
1292.925000
1295.395000
1296.639000
1300.353000
1301.596000
1302.839000
1306.553000
1307.797000
1309.040000
1310.283000
1311.527000
1313.997000
1315.241000
1316.484000
1317.728000
1318.954000
1322.685000
1323.912000
1325.155000
1338.037000
1340.524000
1341.767000
1342.994000
1344.238000
1347.968000
1350.438000
1351.682000
1352.925000
1354.152000
1355.396000
1357.882000
1359.126000
1360.353000
1362.840000
1364.083000
1365.326000
1366.553000
1372.754000
1373.997000
1375.241000
1376.484000
1377.728000
1380.198000
1381.441000
1382.685000
1383.912000
1385.155000
1399.281000
1400.524000
1401.768000
1402.994000
1406.725000
1407.952000
1412.925000
1414.152000
1415.396000
1416.639000
1417.883000
1419.126000
1421.596000
1422.840000
1424.083000
1425.327000
1426.553000
1427.797000
1429.040000
1430.284000
1432.754000
1437.728000
1441.442000
1442.685000
1443.912000
1445.155000
1446.399000
1458.037000
1459.281000
1460.524000
1465.481000
1467.952000
1469.195000
1470.439000
1471.682000
1472.925000
1479.126000
1480.353000
1484.083000
1485.327000
1486.554000
1487.797000
1489.040000
1490.284000
1497.728000
1498.955000
1500.198000
1502.685000
1505.155000
1506.399000
1519.281000
1520.524000
1521.768000
1522.995000
1524.238000
1525.482000
1527.952000
1529.195000
1531.682000
1535.396000
1536.639000
1540.353000
1542.840000
1544.083000
1546.554000
1547.797000
1552.754000
1555.241000
1556.485000
1557.712000
1558.955000
1560.198000
1561.442000
1562.685000
1563.912000
1565.156000
1566.399000
1578.054000
1580.524000
1581.768000
1584.255000
1586.725000
1589.212000
1591.682000
1592.926000
1594.169000
1595.413000
1597.883000
1599.126000
1600.370000
1601.613000
1609.041000
1610.284000
1615.241000
1616.485000
1617.728000
1620.215000
1621.442000
1622.685000
1625.172000
1626.416000
1638.038000
1639.281000
1642.995000
1645.482000
1646.725000
1647.952000
1652.926000
1654.153000
1660.353000
1661.597000
1664.084000
1665.327000
1666.554000
1667.797000
1670.284000
1671.528000
1672.755000
1673.998000
1675.241000
1677.712000
1678.955000
1681.442000
1682.686000
1683.912000
1685.156000
1686.399000
1698.038000
1699.281000
1701.752000
1702.995000
1704.239000
1705.482000
1706.725000
1707.952000
1709.196000
1710.439000
1711.683000
1712.926000
1714.153000
1715.396000
1716.640000
1717.883000
1721.597000
1722.840000
1724.084000
1725.327000
1726.554000
1727.798000
1730.284000
1736.485000
1737.712000
1738.955000
1741.442000
1742.686000
1743.913000
1745.156000
1746.399000
