311.281000
311.911000
312.524000
313.154000
313.768000
314.381000
315.011000
315.625000
316.868000
318.111000
318.725000
319.355000
319.968000
320.582000
321.825000
322.455000
323.069000
323.682000
324.312000
324.926000
325.556000
326.169000
326.782000
327.412000
328.026000
328.656000
329.269000
329.883000
330.513000
331.126000
331.740000
332.370000
332.983000
334.226000
334.840000
335.470000
336.083000
337.940000
338.570000
339.184000
339.814000
340.427000
341.041000
341.671000
342.284000
342.914000
343.527000
344.141000
345.384000
346.014000
346.628000
347.241000
347.871000
348.485000
349.115000
349.728000
350.341000
350.971000
351.585000
352.215000
352.828000
354.072000
354.685000
355.315000
355.929000
356.542000
357.172000
357.786000
369.424000
370.054000
370.668000
371.281000
371.911000
372.524000
373.154000
373.768000
374.381000
375.011000
375.625000
376.868000
378.112000
378.725000
379.355000
380.582000
381.212000
381.825000
382.455000
383.069000
383.682000
384.312000
384.926000
385.556000
386.169000
386.783000
387.413000
388.026000
388.656000
389.269000
389.883000
390.513000
391.126000
391.740000
392.370000
392.983000
393.613000
394.227000
394.840000
395.470000
396.083000
396.713000
397.327000
397.940000
398.570000
399.184000
399.814000
400.427000
401.041000
401.671000
402.284000
402.914000
403.528000
404.141000
404.771000
405.384000
406.014000
407.241000
407.871000
408.485000
409.115000
409.728000
410.342000
410.972000
411.585000
412.215000
412.828000
413.442000
414.072000
414.685000
415.315000
415.929000
416.542000
417.172000
417.786000
418.416000
429.424000
430.054000
430.668000
431.281000
431.911000
432.525000
433.155000
433.768000
434.381000
436.255000
437.482000
438.112000
438.725000
439.355000
439.969000
440.582000
441.212000
441.825000
442.456000
443.069000
443.682000
444.312000
444.926000
445.556000
446.169000
446.783000
447.413000
448.026000
450.513000
451.126000
451.740000
452.370000
452.983000
453.613000
454.840000
455.470000
456.714000
457.940000
458.570000
459.184000
459.814000
460.427000
461.041000
461.671000
462.284000
462.914000
463.528000
464.141000
464.771000
465.385000
466.015000
466.628000
467.241000
470.972000
472.829000
473.442000
474.686000
475.315000
476.542000
477.172000
477.786000
489.424000
490.038000
490.668000
491.281000
491.895000
492.525000
493.138000
494.382000
494.995000
495.625000
496.238000
496.852000
497.482000
498.095000
499.339000
499.952000
500.582000
501.196000
501.826000
502.439000
503.052000
503.682000
504.296000
504.926000
506.153000
506.783000
507.396000
508.026000
508.640000
509.253000
509.883000
510.497000
511.127000
511.740000
512.353000
512.983000
513.597000
514.227000
514.840000
515.454000
516.084000
516.697000
517.327000
517.941000
518.554000
519.184000
519.797000
520.427000
522.898000
523.528000
524.141000
524.755000
525.385000
525.998000
527.242000
527.855000
529.098000
529.712000
530.342000
530.955000
532.812000
534.056000
534.686000
535.299000
535.912000
536.542000
537.156000
537.786000
538.399000
549.425000
550.038000
550.668000
551.281000
551.895000
553.138000
553.752000
554.382000
554.995000
555.625000
556.239000
556.852000
557.482000
558.095000
558.725000
559.339000
559.952000
560.582000
561.196000
561.826000
562.439000
563.053000
563.683000
564.296000
564.926000
565.540000
566.153000
566.783000
567.396000
568.026000
569.253000
569.883000
570.497000
571.127000
571.740000
572.354000
572.984000
573.597000
574.227000
574.840000
575.454000
576.084000
576.697000
577.327000
577.941000
578.554000
579.798000
580.428000
581.041000
581.654000
582.284000
582.898000
584.141000
584.755000
585.385000
585.998000
586.612000
587.242000
587.855000
588.485000
589.099000
589.712000
590.342000
590.955000
592.812000
593.442000
594.056000
594.686000
595.299000
595.913000
596.543000
597.156000
597.786000
598.399000
609.425000
610.038000
610.652000
611.282000
611.895000
612.525000
613.138000
613.752000
614.382000
614.995000
615.625000
616.239000
616.852000
617.482000
618.096000
618.726000
619.339000
619.952000
620.582000
621.826000
622.439000
623.053000
623.683000
624.296000
624.926000
625.540000
626.153000
626.783000
627.397000
628.027000
629.883000
630.497000
631.127000
631.740000
632.354000
632.984000
633.597000
634.841000
635.454000
636.084000
636.697000
637.327000
637.941000
638.554000
639.184000
639.798000
640.428000
641.041000
641.655000
642.285000
642.898000
643.528000
644.142000
644.755000
645.385000
646.612000
647.242000
647.855000
648.485000
649.099000
649.712000
650.342000
650.956000
651.586000
652.199000
652.812000
653.442000
654.686000
655.299000
655.913000
656.543000
657.156000
657.786000
658.400000
669.425000
670.038000
670.652000
671.282000
671.895000
672.525000
673.139000
673.752000
674.382000
674.995000
675.625000
676.239000
676.852000
677.482000
678.096000
678.726000
679.339000
679.953000
680.583000
681.196000
681.826000
683.053000
684.296000
684.926000
685.540000
686.153000
687.397000
688.027000
688.640000
689.253000
689.884000
690.497000
691.127000
691.740000
692.354000
692.984000
693.597000
694.227000
694.841000
695.454000
696.698000
697.941000
699.798000
700.428000
701.041000
701.655000
702.285000
702.898000
703.512000
704.142000
704.755000
705.385000
705.999000
706.612000
707.242000
707.855000
708.485000
709.099000
709.712000
710.342000
710.956000
711.586000
712.199000
712.813000
713.443000
714.056000
714.686000
715.299000
715.913000
716.543000
717.156000
717.786000
718.400000
729.425000
730.038000
730.652000
731.282000
731.895000
732.525000
733.139000
733.752000
734.382000
734.996000
735.626000
736.239000
736.852000
737.482000
738.096000
738.726000
739.339000
739.953000
740.583000
741.196000
741.826000
742.440000
743.053000
743.683000
744.926000
745.540000
746.153000
746.783000
747.397000
748.027000
748.640000
749.254000
749.884000
750.497000
751.741000
752.354000
752.984000
753.597000
754.227000
754.841000
755.454000
756.084000
756.698000
757.941000
758.555000
759.185000
759.798000
760.428000
761.041000
761.655000
762.285000
762.898000
763.512000
764.142000
764.755000
765.385000
765.999000
766.612000
767.242000
767.855000
768.486000
769.099000
769.712000
770.342000
770.956000
771.586000
772.199000
772.813000
773.443000
774.056000
774.686000
775.300000
776.543000
777.786000
778.400000
789.425000
790.038000
790.652000
791.282000
791.895000
792.525000
793.139000
793.752000
794.382000
794.996000
795.626000
796.239000
796.853000
797.483000
798.096000
798.726000
799.339000
799.953000
800.583000
801.196000
801.826000
802.440000
803.053000
803.683000
804.297000
804.927000
805.540000
806.153000
806.783000
807.397000
808.027000
809.254000
810.497000
811.127000
811.741000
812.354000
812.984000
813.598000
814.841000
815.454000
816.698000
817.328000
817.941000
818.555000
819.185000
819.798000
820.412000
821.042000
821.655000
822.285000
822.898000
823.512000
824.142000
824.755000
825.385000
825.999000
826.612000
827.242000
827.856000
828.486000
829.712000
830.343000
830.956000
831.586000
832.199000
832.813000
833.443000
834.056000
835.300000
835.913000
836.543000
837.157000
837.787000
849.425000
850.039000
850.652000
851.282000
851.896000
852.526000
853.139000
853.752000
854.382000
854.996000
855.626000
856.239000
856.853000
857.483000
858.096000
858.726000
859.340000
859.953000
860.583000
861.196000
861.826000
862.440000
863.053000
863.683000
864.297000
864.927000
865.540000
866.154000
866.784000
867.397000
868.027000
869.254000
869.884000
870.497000
871.127000
871.741000
872.984000
874.228000
875.455000
876.085000
876.698000
877.328000
877.941000
878.555000
879.798000
881.042000
882.899000
883.512000
884.755000
885.999000
886.612000
887.242000
887.856000
889.099000
889.713000
890.343000
890.956000
892.200000
892.813000
893.443000
894.056000
895.300000
895.913000
896.543000
897.157000
897.787000
898.400000
909.425000
910.039000
910.652000
911.282000
911.896000
912.526000
913.139000
913.752000
914.383000
914.996000
915.626000
916.239000
916.853000
917.483000
918.096000
918.726000
919.340000
919.953000
920.583000
921.197000
921.827000
922.440000
923.053000
923.683000
924.297000
924.927000
925.540000
926.154000
926.784000
927.397000
928.027000
928.641000
929.254000
929.884000
930.497000
931.127000
931.741000
932.354000
932.984000
933.598000
934.228000
934.841000
935.455000
936.085000
936.698000
937.312000
937.942000
939.798000
940.412000
942.899000
943.512000
944.142000
944.756000
945.386000
946.612000
948.486000
949.099000
949.713000
950.343000
950.956000
951.586000
953.443000
954.057000
955.913000
956.543000
957.157000
957.787000
958.400000
969.425000
970.039000
970.652000
971.282000
971.896000
972.526000
973.139000
973.753000
974.383000
974.996000
975.626000
976.240000
976.853000
977.483000
978.096000
978.726000
979.340000
979.953000
980.583000
981.197000
981.827000
983.054000
983.684000
984.297000
985.540000
986.154000
986.784000
987.397000
988.027000
989.254000
989.884000
990.498000
991.128000
991.741000
992.354000
992.985000
993.598000
994.228000
994.841000
995.455000
996.085000
996.698000
997.312000
997.942000
998.555000
999.185000
999.799000
1000.412000
1001.655000
1002.285000
1002.899000
1003.512000
1004.142000
1004.756000
1005.386000
1005.999000
1006.613000
1007.243000
1007.856000
1008.486000
1009.100000
1009.713000
1010.343000
1010.956000
1011.586000
1012.200000
1012.813000
1014.057000
1014.687000
1015.300000
1015.914000
1016.544000
1017.157000
1017.787000
1018.400000
