1762.321000
1762.951000
1763.565000
1764.195000
1764.808000
1765.421000
1766.051000
1766.665000
1767.295000
1767.908000
1768.522000
1769.152000
1769.765000
1770.395000
1771.009000
1771.622000
1772.252000
1772.866000
1773.496000
1774.109000
1774.722000
1775.352000
1775.966000
1776.596000
1777.209000
1777.823000
1778.453000
1779.066000
1779.680000
1780.310000
1780.923000
1781.553000
1782.166000
1782.780000
1783.410000
1784.023000
1784.653000
1785.267000
1785.880000
1786.510000
1787.124000
1787.754000
1788.367000
1788.981000
1789.611000
1790.224000
1790.854000
1791.467000
1792.081000
1792.711000
1793.324000
1793.954000
1794.568000
1795.181000
1795.811000
1796.425000
1797.055000
1797.668000
1798.281000
1798.911000
1799.525000
1800.155000
1800.768000
1801.382000
1802.012000
1802.625000
1803.255000
1803.869000
1804.482000
1805.112000
1805.726000
1806.356000
1806.969000
1807.582000
1808.212000
1808.826000
1809.456000
1810.069000
1810.683000
1811.313000
1811.926000
1812.540000
1813.170000
1813.783000
1814.413000
1822.321000
1822.951000
1823.565000
1824.195000
1824.808000
1825.422000
1826.052000
1826.665000
1827.295000
1827.908000
1828.522000
1829.152000
1829.765000
1830.395000
1831.009000
1831.622000
1832.252000
1832.866000
1833.496000
1834.109000
1834.723000
1835.353000
1835.966000
1836.596000
1837.209000
1837.823000
1838.453000
1839.066000
1839.680000
1840.310000
1840.923000
1841.553000
1842.167000
1842.780000
1843.410000
1844.023000
1844.653000
1845.267000
1845.880000
1846.510000
1847.124000
1847.754000
1848.367000
1848.981000
1849.611000
1850.224000
1850.854000
1851.468000
1852.081000
1852.711000
1853.324000
1853.954000
1854.568000
1855.181000
1855.811000
1856.425000
1857.055000
1857.668000
1858.282000
1858.912000
1859.525000
1860.155000
1860.768000
1861.382000
1862.012000
1862.625000
1863.255000
1863.869000
1864.482000
1865.112000
1865.726000
1866.356000
1866.969000
1867.583000
1868.213000
1868.826000
1869.456000
1870.069000
1870.683000
1871.313000
1871.926000
1872.540000
1873.170000
1873.783000
1874.413000
1882.321000
1882.951000
1883.565000
1884.195000
1884.808000
1885.422000
1886.052000
1886.665000
1887.295000
1887.909000
1888.522000
1889.152000
1889.765000
1890.396000
1891.009000
1891.622000
1892.252000
1892.866000
1893.496000
1894.109000
1894.723000
1895.353000
1895.966000
1896.580000
1897.210000
1897.823000
1898.453000
1899.066000
1899.680000
1900.310000
1900.923000
1901.553000
1902.167000
1902.780000
1903.410000
1904.024000
1904.654000
1905.267000
1905.880000
1906.510000
1907.124000
1907.754000
1908.367000
1908.981000
1909.611000
1910.224000
1910.854000
1911.468000
1912.081000
1912.711000
1913.325000
1913.955000
1914.568000
1915.181000
1915.811000
1916.425000
1917.055000
1917.668000
1918.282000
1918.912000
1919.525000
1920.155000
1920.769000
1921.382000
1922.012000
1922.625000
1923.255000
1923.869000
1924.482000
1925.112000
1925.726000
1926.356000
1926.969000
1927.583000
1928.213000
1928.826000
1929.440000
1930.070000
1930.683000
1931.313000
1931.926000
1932.540000
1933.170000
1933.783000
1934.413000
1942.322000
1942.952000
1943.565000
1944.195000
1944.808000
1945.422000
1946.052000
1946.665000
1947.295000
1947.909000
1948.522000
1949.152000
1949.766000
1950.396000
1951.009000
1951.622000
1952.253000
1952.866000
1953.496000
1954.109000
1954.723000
1955.353000
1955.966000
1956.580000
1957.210000
1957.823000
1958.453000
1959.067000
1959.680000
1960.310000
1960.923000
1961.553000
1962.167000
1962.780000
1963.410000
1964.024000
1964.654000
1965.267000
1965.881000
1966.511000
1967.124000
1967.754000
1968.368000
1968.981000
1969.611000
1970.224000
1970.854000
1971.468000
1972.081000
1972.711000
1973.325000
1973.955000
1974.568000
1975.182000
1975.812000
1976.425000
1977.055000
1977.668000
1978.282000
1978.912000
1979.525000
1980.155000
1980.769000
1981.382000
1982.012000
1982.626000
1983.256000
1983.869000
1984.483000
1985.112000
1985.726000
1986.356000
1986.969000
1987.583000
1988.213000
1988.826000
1989.440000
1990.070000
1990.683000
1991.313000
1991.927000
1992.540000
1993.170000
1993.783000
1994.413000
2002.322000
2002.952000
2003.565000
2004.195000
2004.809000
2005.422000
2006.052000
2006.665000
2007.295000
2007.909000
2008.522000
2009.152000
2009.766000
2010.396000
2011.009000
2011.623000
2012.253000
2012.866000
2013.480000
2014.110000
2014.723000
2015.353000
2015.966000
2016.580000
2017.210000
2017.823000
2018.453000
2019.067000
2019.680000
2020.310000
2020.924000
2021.554000
2022.167000
2022.780000
2023.410000
2024.024000
2024.654000
2025.267000
2025.881000
2026.511000
2027.124000
2027.754000
2028.368000
2028.981000
2029.611000
2030.225000
2030.855000
2031.468000
2032.081000
2032.711000
2033.325000
2033.955000
2034.568000
2035.182000
2035.812000
2036.425000
2037.055000
2037.669000
2038.282000
2038.912000
2039.525000
2040.155000
2040.769000
2041.382000
2042.012000
2042.626000
2043.256000
2043.869000
2044.483000
2045.113000
2045.726000
2046.356000
2046.969000
2047.583000
2048.213000
2048.826000
2049.440000
2050.070000
2050.683000
2051.313000
2051.927000
2052.540000
2053.170000
2053.784000
2054.414000
2062.322000
2062.952000
2063.565000
2064.195000
2064.809000
2065.422000
2066.052000
2066.666000
2067.296000
2067.909000
2068.522000
2069.152000
2069.766000
2070.396000
2071.009000
2071.623000
2072.253000
2072.866000
2073.480000
2074.110000
2074.723000
2075.353000
2075.967000
2076.580000
2077.210000
2077.823000
2078.453000
2079.067000
2079.680000
2080.310000
2080.924000
2081.554000
2082.167000
2082.781000
2083.411000
2084.024000
2084.654000
2085.267000
2085.881000
2086.511000
2087.124000
2087.754000
2088.368000
2088.981000
2089.611000
2090.225000
2090.855000
2091.468000
2092.082000
2092.712000
2093.325000
2093.955000
2094.568000
2095.182000
2095.812000
2096.425000
2097.055000
2097.669000
2098.282000
2098.912000
2099.526000
2100.156000
2100.769000
2101.382000
2102.012000
2102.626000
2103.256000
2103.869000
2104.483000
2105.113000
2105.726000
2106.340000
2106.970000
2107.583000
2108.213000
2108.827000
2109.440000
2110.070000
2110.683000
2111.313000
2111.927000
2112.540000
2113.170000
2113.784000
2114.414000
2122.322000
2122.952000
2123.565000
2124.195000
2124.809000
2125.422000
2126.052000
2126.666000
2127.296000
2127.909000
2128.523000
2129.153000
2129.766000
2130.396000
2131.009000
2131.623000
2132.253000
2132.866000
2133.480000
2134.110000
2134.723000
2135.353000
2135.967000
2136.580000
2137.210000
2137.824000
2138.454000
2139.067000
2139.680000
2140.310000
2140.924000
2141.554000
2142.167000
2142.781000
2143.411000
2144.024000
2144.654000
2145.268000
2145.881000
2146.511000
2147.124000
2147.754000
2148.368000
2148.981000
2149.611000
2150.225000
2150.855000
2151.468000
2152.082000
2152.712000
2153.325000
2153.955000
2154.569000
2155.182000
2155.812000
2156.425000
2157.055000
2157.669000
2158.282000
2158.912000
2159.526000
2160.156000
2160.769000
2161.383000
2162.013000
2162.626000
2163.256000
2163.869000
2164.483000
2165.113000
2165.726000
2166.340000
2166.970000
2167.583000
2168.213000
2168.827000
2169.440000
2170.070000
2170.684000
2171.314000
2171.927000
2172.540000
2173.170000
2173.784000
2174.414000
2182.322000
2182.952000
2183.566000
2184.196000
2184.809000
2185.422000
2186.052000
2186.666000
2187.296000
2187.909000
2188.523000
2189.153000
2189.766000
2190.380000
2191.010000
2191.623000
2192.253000
2192.866000
2193.480000
2194.110000
2194.723000
2195.353000
2195.967000
2196.580000
2197.210000
2197.824000
2198.454000
2199.067000
2199.681000
2200.311000
2200.924000
2201.554000
2202.167000
2202.781000
2203.411000
2204.024000
2204.654000
2205.268000
2205.881000
2206.511000
2207.125000
2207.755000
2208.368000
2208.981000
2209.611000
2210.225000
2210.855000
2211.468000
2212.082000
2212.712000
2213.325000
2213.955000
2214.569000
2215.182000
2215.812000
2216.426000
2217.056000
2217.669000
2218.282000
2218.912000
2219.526000
2220.156000
2220.769000
2221.383000
2222.013000
2222.626000
2223.240000
2223.870000
2224.483000
2225.113000
2225.726000
2226.340000
2226.970000
2227.583000
2228.213000
2228.827000
2229.440000
2230.070000
2230.684000
2231.314000
2231.927000
2232.541000
2233.171000
2233.784000
2234.414000
2242.322000
2242.952000
2243.566000
2244.196000
2244.809000
2245.423000
2246.053000
2246.666000
2247.296000
2247.909000
2248.523000
2249.153000
2249.766000
2250.380000
2251.010000
2251.623000
2252.253000
2252.867000
2253.480000
2254.110000
2254.723000
2255.353000
2255.967000
2256.580000
2257.210000
2257.824000
2258.454000
2259.067000
2259.681000
2260.311000
2260.924000
2261.554000
2262.168000
2262.781000
2263.411000
2264.024000
2264.654000
2265.268000
2265.881000
2266.511000
2267.125000
2267.755000
2268.368000
2268.982000
2269.612000
2270.225000
2270.855000
2271.468000
2272.082000
2272.712000
2273.325000
2273.955000
2274.569000
2275.182000
2275.812000
2276.426000
2277.056000
2277.669000
2278.283000
2278.913000
2279.526000
2280.156000
2280.769000
2281.383000
2282.013000
2282.626000
2283.240000
2283.870000
2284.483000
2285.113000
2285.727000
2286.340000
2286.970000
2287.583000
2288.213000
2288.827000
2289.440000
2290.070000
2290.684000
2291.314000
2291.927000
2292.541000
2293.171000
2293.784000
2294.414000
2302.322000
2302.952000
2303.566000
2304.196000
2304.809000
2305.423000
2306.053000
2306.666000
2307.280000
2307.910000
2308.523000
2309.153000
2309.766000
2310.380000
2311.010000
2311.623000
2312.253000
2312.867000
2313.480000
2314.110000
2314.724000
2315.354000
2315.967000
2316.580000
2317.211000
2317.824000
2318.454000
2319.067000
2319.681000
2320.311000
2320.924000
2321.554000
2322.168000
2322.781000
2323.411000
2324.025000
2324.655000
2325.268000
2325.881000
2326.511000
2327.125000
2327.755000
2328.368000
2328.982000
2329.612000
2330.225000
2330.855000
2331.469000
2332.082000
2332.712000
2333.325000
2333.955000
2334.569000
2335.182000
2335.812000
2336.426000
2337.056000
2337.669000
2338.283000
2338.913000
2339.526000
2340.140000
2340.770000
2341.383000
2342.013000
2342.626000
2343.240000
2343.870000
2344.483000
2345.113000
2345.727000
2346.340000
2346.970000
2347.584000
2348.214000
2348.827000
2349.440000
2350.070000
2350.684000
2351.314000
2351.927000
2352.541000
2353.171000
2353.784000
2354.414000
2362.323000
2362.953000
2363.566000
2364.196000
2364.809000
2365.423000
2366.053000
2366.666000
2367.280000
2367.910000
2368.523000
2369.153000
2369.767000
2370.380000
2371.010000
2371.623000
2372.253000
2372.867000
2373.480000
2374.110000
2374.724000
2375.354000
2375.967000
2376.581000
2377.211000
2377.824000
2378.454000
2379.068000
2379.681000
2380.311000
2380.924000
2381.554000
2382.168000
2382.781000
2383.411000
2384.025000
2384.655000
2385.268000
2385.882000
2386.512000
2387.125000
2387.755000
2388.368000
2388.982000
2389.612000
2390.225000
2390.855000
2391.469000
2392.082000
2392.712000
2393.326000
2393.956000
2394.569000
2395.182000
2395.813000
2396.426000
2397.056000
2397.669000
2398.283000
2398.913000
2399.526000
2400.140000
2400.770000
2401.383000
2402.013000
2402.627000
2403.240000
2403.870000
2404.483000
2405.113000
2405.727000
2406.340000
2406.970000
2407.584000
2408.214000
2408.827000
2409.441000
2410.071000
2410.684000
2411.314000
2411.927000
2412.541000
2413.171000
2413.784000
2414.414000
2422.323000
2422.953000
2423.566000
2424.180000
2424.810000
2425.423000
2426.053000
2426.666000
2427.280000
2427.910000
2428.523000
2429.153000
2429.767000
2430.380000
2431.010000
2431.624000
2432.254000
2432.867000
2433.480000
2434.110000
2434.724000
2435.354000
2435.967000
2436.581000
2437.211000
2437.824000
2438.454000
2439.068000
2439.681000
2440.311000
2440.925000
2441.555000
2442.168000
2442.781000
2443.411000
2444.025000
2444.655000
2445.268000
2445.882000
2446.512000
2447.125000
2447.755000
2448.369000
2448.982000
2449.612000
2450.225000
2450.855000
2451.469000
2452.082000
2452.712000
2453.326000
2453.956000
2454.569000
2455.183000
2455.813000
2456.426000
2457.040000
2457.670000
2458.283000
2458.913000
2459.526000
2460.140000
2460.770000
2461.383000
2462.013000
2462.627000
2463.240000
2463.870000
2464.484000
2465.114000
2465.727000
2466.340000
2466.970000
2467.584000
2468.214000
2468.827000
2469.441000
2470.071000
2470.684000
2471.314000
2471.928000
2472.541000
2473.171000
2473.784000
2474.415000
