1766.665000
1767.908000
1769.152000
1770.395000
1771.622000
1772.866000
1774.109000
1775.352000
1776.596000
1777.823000
1779.066000
1780.310000
1781.553000
1782.780000
1784.023000
1785.267000
1787.754000
1788.981000
1790.224000
1791.467000
1792.711000
1793.954000
1795.181000
1796.425000
1797.668000
1798.911000
1800.155000
1801.382000
1802.625000
1803.869000
1805.112000
1806.356000
1807.582000
1808.826000
1810.069000
1811.313000
1812.540000
1813.783000
1825.422000
1826.665000
1827.908000
1829.152000
1830.395000
1831.622000
1832.866000
1834.109000
1835.353000
1836.596000
1837.823000
1839.066000
1840.310000
1841.553000
1842.780000
1844.023000
1845.267000
1846.510000
1847.754000
1848.981000
1851.468000
1852.711000
1853.954000
1855.181000
1856.425000
1857.668000
1858.912000
1860.155000
1861.382000
1862.625000
1863.869000
1865.112000
1866.356000
1867.583000
1868.826000
1870.069000
1871.313000
1872.540000
1873.783000
1885.422000
1886.665000
1887.909000
1889.152000
1890.396000
1891.622000
1892.866000
1894.109000
1895.353000
1896.580000
1897.823000
1899.066000
1900.310000
1901.553000
1904.024000
1905.267000
1906.510000
1907.754000
1908.981000
1910.224000
1911.468000
1912.711000
1913.955000
1915.181000
1916.425000
1917.668000
1918.912000
1920.155000
1921.382000
1922.625000
1923.869000
1925.112000
1926.356000
1928.826000
1930.070000
1931.313000
1932.540000
1933.783000
1945.422000
1946.665000
1947.909000
1949.152000
1950.396000
1951.622000
1952.866000
1954.109000
1955.353000
1956.580000
1957.823000
1959.067000
1960.310000
1961.553000
1962.780000
1964.024000
1965.267000
1966.511000
1967.754000
1968.981000
1970.224000
1971.468000
1972.711000
1973.955000
1975.182000
1976.425000
1977.668000
1978.912000
1980.155000
1981.382000
1982.626000
1983.869000
1985.112000
1986.356000
1987.583000
1988.826000
1990.070000
1991.313000
1992.540000
1993.783000
2005.422000
2006.665000
2007.909000
2010.396000
2011.623000
2012.866000
2014.110000
2019.067000
2020.310000
2021.554000
2022.780000
2024.024000
2025.267000
2026.511000
2027.754000
2028.981000
2030.225000
2031.468000
2032.711000
2033.955000
2035.182000
2036.425000
2037.669000
2038.912000
2040.155000
2041.382000
2042.626000
2043.869000
2045.113000
2046.356000
2047.583000
2048.826000
2050.070000
2051.313000
2052.540000
2065.422000
2066.666000
2067.909000
2069.152000
2070.396000
2071.623000
2072.866000
2074.110000
2075.353000
2076.580000
2077.823000
2079.067000
2080.310000
2081.554000
2082.781000
2084.024000
2085.267000
2086.511000
2087.754000
2088.981000
2090.225000
2091.468000
2092.712000
2093.955000
2095.182000
2096.425000
2097.669000
2100.156000
2101.382000
2102.626000
2103.869000
2105.113000
2106.340000
2107.583000
2108.827000
2110.070000
2111.313000
2112.540000
2125.422000
2126.666000
2127.909000
2129.153000
2130.396000
2131.623000
2132.866000
2134.110000
2135.353000
2136.580000
2137.824000
2139.067000
2140.310000
2141.554000
2142.781000
2144.024000
2145.268000
2146.511000
2148.981000
2150.225000
2151.468000
2152.712000
2153.955000
2155.182000
2156.425000
2160.156000
2161.383000
2162.626000
2163.869000
2165.113000
2166.340000
2167.583000
2170.070000
2171.314000
2172.540000
2173.784000
2185.422000
2186.666000
2187.909000
2189.153000
2190.380000
2191.623000
2192.866000
2194.110000
2195.353000
2197.824000
2199.067000
2200.311000
2201.554000
2202.781000
2204.024000
2205.268000
2206.511000
2207.755000
2208.981000
2210.225000
2211.468000
2212.712000
2213.955000
2215.182000
2216.426000
2217.669000
2218.912000
2221.383000
2222.626000
2223.870000
2225.113000
2226.340000
2227.583000
2228.827000
2230.070000
2231.314000
2232.541000
2233.784000
2245.423000
2246.666000
2247.909000
2249.153000
2250.380000
2251.623000
2252.867000
2254.110000
2255.353000
2256.580000
2257.824000
2259.067000
2260.311000
2261.554000
2262.781000
2264.024000
2265.268000
2266.511000
2267.755000
2268.982000
2270.225000
2271.468000
2272.712000
2273.955000
2275.182000
2276.426000
2277.669000
2278.913000
2280.156000
2281.383000
2282.626000
2283.870000
2285.113000
2286.340000
2287.583000
2288.827000
2290.070000
2291.314000
2292.541000
2293.784000
2305.423000
2306.666000
2307.910000
2309.153000
2311.623000
2312.867000
2314.110000
2315.354000
2316.580000
2317.824000
2319.067000
2320.311000
2321.554000
2322.781000
2324.025000
2325.268000
2326.511000
2327.755000
2328.982000
2330.225000
2331.469000
2333.955000
2335.182000
2336.426000
2337.669000
2338.913000
2340.140000
2341.383000
2342.626000
2343.870000
2345.113000
2346.340000
2347.584000
2348.827000
2350.070000
2351.314000
2352.541000
2365.423000
2366.666000
2367.910000
2369.153000
2370.380000
2371.623000
2372.867000
2374.110000
2375.354000
2376.581000
2379.068000
2380.311000
2381.554000
2382.781000
2384.025000
2385.268000
2386.512000
2387.755000
2388.982000
2390.225000
2391.469000
2392.712000
2393.956000
2395.182000
2396.426000
2397.669000
2398.913000
2400.140000
2401.383000
2402.627000
2403.870000
2405.113000
2406.340000
2407.584000
2408.827000
2410.071000
2411.314000
2412.541000
2413.784000
2425.423000
2426.666000
2427.910000
2429.153000
2430.380000
2431.624000
2432.867000
2434.110000
2435.354000
2436.581000
2437.824000
2439.068000
2440.311000
2441.555000
2442.781000
2444.025000
2445.268000
2446.512000
2447.755000
2448.982000
2450.225000
2451.469000
2452.712000
2453.956000
2455.183000
2456.426000
2457.670000
2458.913000
2460.140000
2461.383000
2462.627000
2463.870000
2465.114000
2466.340000
2467.584000
2468.827000
2471.314000
2472.541000
2473.784000
