1767.295000
1769.765000
1772.252000
1773.496000
1777.209000
1779.680000
1780.923000
1782.166000
1783.410000
1785.880000
1787.124000
1788.367000
1792.081000
1793.324000
1794.568000
1795.811000
1797.055000
1799.525000
1800.768000
1802.012000
1803.255000
1804.482000
1805.726000
1806.969000
1808.212000
1809.456000
1811.926000
1813.170000
1826.052000
1827.295000
1829.765000
1831.009000
1832.252000
1833.496000
1835.966000
1837.209000
1838.453000
1839.680000
1840.923000
1842.167000
1843.410000
1845.880000
1847.124000
1849.611000
1850.854000
1855.811000
1857.055000
1858.282000
1859.525000
1862.012000
1865.726000
1866.969000
1869.456000
1870.683000
1871.926000
1886.052000
1887.295000
1889.765000
1891.009000
1892.252000
1894.723000
1897.210000
1898.453000
1899.680000
1904.654000
1905.880000
1907.124000
1908.367000
1909.611000
1910.854000
1913.325000
1914.568000
1915.811000
1917.055000
1918.282000
1919.525000
1920.769000
1923.255000
1924.482000
1926.969000
1928.213000
1929.440000
1930.683000
1933.170000
1934.413000
1946.052000
1947.295000
1948.522000
1949.766000
1952.253000
1953.496000
1954.723000
1955.966000
1957.210000
1958.453000
1959.680000
1960.923000
1962.167000
1964.654000
1965.881000
1967.124000
1969.611000
1972.081000
1974.568000
1975.812000
1977.055000
1980.769000
1982.012000
1984.483000
1985.726000
1986.969000
1988.213000
1989.440000
1991.927000
1994.413000
2006.052000
2007.295000
2008.522000
2009.766000
2011.009000
2012.253000
2013.480000
2015.966000
2022.167000
2023.410000
2024.654000
2025.881000
2027.124000
2028.368000
2029.611000
2030.855000
2033.325000
2034.568000
2037.055000
2039.525000
2040.769000
2043.256000
2044.483000
2045.726000
2048.213000
2049.440000
2051.927000
2053.170000
2054.414000
2066.052000
2068.522000
2069.766000
2071.009000
2073.480000
2077.210000
2078.453000
2080.924000
2082.167000
2085.881000
2092.082000
2093.325000
2094.568000
2097.055000
2098.282000
2102.012000
2104.483000
2105.726000
2106.970000
2108.213000
2109.440000
2110.683000
2126.052000
2127.296000
2128.523000
2129.766000
2131.009000
2132.253000
2133.480000
2134.723000
2138.454000
2139.680000
2140.924000
2142.167000
2144.654000
2147.124000
2148.368000
2149.611000
2150.855000
2152.082000
2154.569000
2155.812000
2157.055000
2158.282000
2160.769000
2162.013000
2164.483000
2165.726000
2166.970000
2168.213000
2170.684000
2174.414000
2186.052000
2188.523000
2189.766000
2191.010000
2192.253000
2194.723000
2195.967000
2199.681000
2200.924000
2202.167000
2204.654000
2205.881000
2207.125000
2208.368000
2210.855000
2212.082000
2215.812000
2218.282000
2219.526000
2222.013000
2223.240000
2224.483000
2225.726000
2226.970000
2230.684000
2231.927000
2234.414000
2247.296000
2248.523000
2249.766000
2253.480000
2254.723000
2255.967000
2257.210000
2258.454000
2262.168000
2265.881000
2267.125000
2268.368000
2273.325000
2275.812000
2277.056000
2278.283000
2279.526000
2283.240000
2288.213000
2289.440000
2290.684000
2291.927000
2293.171000
2306.053000
2307.280000
2309.766000
2311.010000
2312.253000
2313.480000
2314.724000
2315.967000
2317.211000
2318.454000
2319.681000
2322.168000
2323.411000
2324.655000
2325.881000
2327.125000
2329.612000
2332.082000
2334.569000
2338.283000
2339.526000
2340.770000
2342.013000
2343.240000
2344.483000
2346.970000
2348.214000
2349.440000
2350.684000
2353.171000
2354.414000
2366.053000
2367.280000
2373.480000
2374.724000
2375.967000
2377.211000
2379.681000
2383.411000
2385.882000
2390.855000
2392.082000
2393.326000
2402.013000
2404.483000
2406.970000
2409.441000
2410.684000
2414.414000
2426.053000
2427.280000
2431.010000
2432.254000
2433.480000
2435.967000
2438.454000
2439.681000
2440.925000
2442.168000
2445.882000
2447.125000
2450.855000
2454.569000
2455.813000
2457.040000
2458.283000
2459.526000
2460.770000
2463.240000
2464.484000
2468.214000
2469.441000
2473.171000
2474.415000
