311.911000
313.154000
314.381000
315.625000
316.868000
318.111000
319.355000
320.582000
321.825000
323.069000
324.312000
325.556000
326.782000
328.026000
329.269000
330.513000
331.740000
332.983000
334.226000
335.470000
337.940000
339.184000
340.427000
341.671000
342.914000
344.141000
345.384000
346.628000
347.871000
349.115000
350.341000
351.585000
352.828000
354.072000
355.315000
356.542000
357.786000
369.424000
370.668000
371.911000
373.154000
374.381000
375.625000
376.868000
378.112000
379.355000
380.582000
381.825000
383.069000
384.312000
385.556000
386.783000
388.026000
389.269000
390.513000
391.740000
392.983000
394.227000
395.470000
396.713000
397.940000
399.184000
400.427000
401.671000
402.914000
404.141000
405.384000
407.871000
409.115000
410.342000
411.585000
412.828000
414.072000
415.315000
416.542000
417.786000
429.424000
430.668000
431.911000
433.155000
434.381000
438.112000
439.355000
440.582000
441.825000
443.069000
444.312000
445.556000
446.783000
448.026000
450.513000
451.740000
452.983000
455.470000
456.714000
457.940000
459.184000
460.427000
461.671000
462.914000
464.141000
465.385000
466.628000
472.829000
475.315000
476.542000
477.786000
489.424000
490.668000
491.895000
493.138000
494.382000
495.625000
496.852000
498.095000
499.339000
500.582000
501.826000
503.052000
504.296000
506.783000
508.026000
509.253000
510.497000
511.740000
512.983000
514.227000
515.454000
516.697000
517.941000
519.184000
520.427000
522.898000
524.141000
525.385000
527.855000
529.098000
530.342000
532.812000
534.056000
535.299000
536.542000
537.786000
549.425000
550.668000
551.895000
553.138000
554.382000
555.625000
556.852000
558.095000
559.339000
560.582000
561.826000
563.053000
564.296000
565.540000
566.783000
568.026000
569.253000
570.497000
571.740000
572.984000
574.227000
575.454000
576.697000
577.941000
580.428000
581.654000
582.898000
584.141000
585.385000
586.612000
587.855000
589.099000
590.342000
592.812000
594.056000
595.299000
596.543000
597.786000
609.425000
610.652000
611.895000
613.138000
614.382000
615.625000
616.852000
618.096000
619.339000
620.582000
621.826000
623.053000
624.296000
625.540000
626.783000
628.027000
630.497000
631.740000
632.984000
635.454000
636.697000
637.941000
639.184000
640.428000
641.655000
642.898000
644.142000
645.385000
646.612000
647.855000
649.099000
650.342000
651.586000
652.812000
655.299000
656.543000
657.786000
669.425000
670.652000
671.895000
673.139000
674.382000
675.625000
676.852000
678.096000
679.339000
680.583000
681.826000
683.053000
684.296000
685.540000
688.027000
689.253000
690.497000
691.740000
692.984000
694.227000
695.454000
696.698000
697.941000
700.428000
701.655000
702.898000
704.142000
705.385000
706.612000
707.855000
709.099000
710.342000
711.586000
712.813000
714.056000
715.299000
716.543000
717.786000
729.425000
730.652000
731.895000
733.139000
734.382000
735.626000
736.852000
738.096000
739.339000
740.583000
741.826000
743.053000
745.540000
746.783000
748.027000
749.254000
750.497000
751.741000
752.984000
754.227000
755.454000
756.698000
757.941000
759.185000
760.428000
761.655000
762.898000
764.142000
765.385000
766.612000
767.855000
769.099000
770.342000
771.586000
772.813000
774.056000
775.300000
776.543000
777.786000
789.425000
790.652000
791.895000
793.139000
794.382000
795.626000
796.853000
798.096000
799.339000
800.583000
801.826000
803.053000
804.297000
805.540000
806.783000
808.027000
809.254000
810.497000
811.741000
812.984000
815.454000
816.698000
817.941000
819.185000
820.412000
821.655000
822.898000
824.142000
825.385000
826.612000
827.856000
830.343000
831.586000
832.813000
834.056000
835.300000
836.543000
837.787000
849.425000
850.652000
851.896000
853.139000
854.382000
855.626000
856.853000
858.096000
859.340000
860.583000
861.826000
863.053000
864.297000
865.540000
866.784000
868.027000
869.254000
870.497000
871.741000
872.984000
874.228000
875.455000
876.698000
877.941000
882.899000
886.612000
887.856000
889.099000
890.343000
892.813000
894.056000
895.300000
896.543000
897.787000
909.425000
910.652000
911.896000
913.139000
914.383000
915.626000
916.853000
918.096000
919.340000
920.583000
921.827000
923.053000
924.297000
925.540000
926.784000
928.027000
929.254000
930.497000
931.741000
932.984000
934.228000
935.455000
936.698000
937.942000
940.412000
942.899000
944.142000
945.386000
946.612000
949.099000
950.343000
951.586000
954.057000
956.543000
957.787000
969.425000
970.652000
971.896000
973.139000
974.383000
975.626000
976.853000
978.096000
979.340000
980.583000
981.827000
983.054000
984.297000
985.540000
986.784000
988.027000
989.254000
990.498000
991.741000
992.985000
994.228000
995.455000
996.698000
997.942000
999.185000
1000.412000
1001.655000
1002.899000
1004.142000
1005.386000
1006.613000
1007.856000
1009.100000
1010.343000
1011.586000
1012.813000
1014.057000
1015.300000
1016.544000
1017.787000
