9.423000
10.053000
10.667000
11.280000
11.910000
12.524000
13.154000
13.767000
14.380000
15.010000
15.624000
16.867000
17.481000
18.111000
18.724000
19.354000
19.968000
21.211000
21.825000
22.455000
23.068000
23.681000
24.311000
24.925000
25.555000
26.168000
26.782000
27.412000
28.025000
28.655000
29.269000
29.882000
30.512000
31.125000
31.755000
32.369000
32.982000
33.612000
34.856000
35.469000
36.083000
36.713000
37.326000
37.940000
38.570000
39.183000
39.813000
40.426000
41.040000
41.670000
42.283000
42.913000
44.770000
45.384000
46.014000
46.627000
47.240000
48.484000
49.114000
49.727000
50.341000
50.971000
51.584000
52.214000
53.441000
54.071000
54.685000
55.315000
55.928000
56.541000
57.171000
57.785000
58.415000
70.053000
70.667000
71.280000
71.910000
72.524000
73.154000
73.767000
74.381000
75.011000
75.624000
76.254000
76.867000
77.481000
78.111000
78.724000
79.354000
79.968000
80.581000
81.211000
81.825000
82.455000
83.068000
83.682000
84.312000
84.925000
85.555000
86.168000
87.412000
88.025000
88.655000
89.269000
89.882000
90.512000
91.756000
92.369000
92.982000
93.612000
94.226000
95.469000
96.083000
96.713000
97.326000
97.940000
98.570000
99.183000
100.427000
101.670000
102.283000
102.913000
103.527000
104.140000
104.770000
105.384000
106.014000
106.627000
107.241000
107.871000
108.484000
109.114000
109.727000
110.341000
110.971000
111.584000
112.214000
112.828000
113.441000
114.071000
114.685000
115.315000
115.928000
116.542000
117.172000
117.785000
118.415000
129.424000
130.054000
130.667000
131.280000
131.910000
132.524000
133.154000
133.767000
135.624000
136.254000
136.868000
137.481000
138.111000
138.725000
139.355000
139.968000
140.581000
141.825000
142.455000
143.068000
143.682000
144.312000
144.925000
145.555000
146.169000
146.782000
147.412000
148.025000
148.655000
149.269000
149.882000
150.512000
151.126000
151.756000
152.369000
152.983000
153.613000
154.226000
154.839000
155.470000
156.713000
157.326000
157.940000
158.570000
159.183000
159.813000
160.427000
161.040000
161.670000
162.284000
162.914000
163.527000
164.140000
164.770000
165.384000
166.014000
166.627000
167.241000
167.871000
168.484000
169.114000
169.728000
170.341000
170.971000
171.584000
172.214000
172.828000
173.441000
174.071000
174.685000
175.315000
175.928000
176.542000
177.172000
177.785000
178.415000
189.424000
190.054000
190.667000
191.281000
191.911000
192.524000
193.154000
193.767000
194.381000
195.011000
195.624000
196.868000
198.111000
198.725000
199.355000
199.968000
200.582000
201.825000
202.455000
203.068000
203.682000
204.312000
205.555000
206.169000
206.782000
207.412000
208.026000
208.656000
209.269000
209.882000
210.512000
211.756000
212.369000
212.983000
213.613000
214.226000
214.840000
215.470000
216.083000
216.713000
217.326000
218.570000
219.183000
219.813000
220.427000
221.040000
221.670000
222.284000
222.914000
223.527000
224.141000
224.771000
225.384000
226.014000
226.627000
227.241000
227.871000
228.484000
229.114000
229.728000
230.341000
230.971000
231.585000
232.215000
232.828000
233.441000
234.685000
235.315000
235.928000
236.542000
237.172000
237.785000
238.415000
249.424000
250.054000
250.667000
251.281000
251.911000
252.524000
253.154000
253.768000
254.381000
255.011000
255.624000
256.254000
256.868000
257.481000
258.111000
258.725000
259.968000
260.582000
261.825000
262.455000
263.069000
263.682000
264.312000
264.925000
265.555000
266.782000
267.412000
268.026000
268.656000
269.269000
269.883000
270.513000
271.126000
271.756000
272.369000
272.983000
273.613000
274.226000
274.840000
275.470000
276.083000
276.713000
277.327000
277.940000
278.570000
279.184000
279.814000
280.427000
281.040000
281.670000
282.284000
282.914000
283.527000
284.141000
284.771000
285.384000
286.014000
286.628000
287.241000
287.871000
288.484000
289.114000
289.728000
290.341000
290.971000
291.585000
292.215000
292.828000
293.442000
294.072000
295.315000
295.929000
296.542000
297.785000
298.415000
