1051.681000
1055.411000
1066.569000
1067.813000
1074.013000
1082.684000
1100.523000
1103.010000
1105.481000
1107.968000
1112.925000
1114.168000
1115.412000
1117.882000
1126.569000
1131.527000
1132.770000
1135.240000
1145.171000
1146.415000
1164.254000
1166.724000
1169.211000
1172.925000
1180.369000
1181.612000
1186.569000
1194.014000
1220.524000
1221.767000
1224.254000
1226.724000
1227.968000
1230.455000
1239.126000
1240.369000
1244.083000
1247.813000
1250.283000
1252.770000
1266.415000
1285.481000
1286.724000
1289.195000
1290.438000
1294.152000
1297.882000
1299.126000
1320.198000
1321.441000
1326.398000
1346.725000
1349.195000
1356.639000
1361.596000
1369.040000
1371.527000
1378.955000
1386.399000
1404.238000
1405.481000
1409.195000
1410.438000
1411.682000
1420.353000
1431.527000
1433.998000
1436.484000
1440.198000
1461.768000
1462.995000
1464.238000
1466.725000
1474.152000
1475.396000
1477.883000
1481.596000
1491.527000
1492.754000
1495.241000
1496.485000
1501.442000
1503.912000
1518.037000
1526.725000
1532.926000
1534.152000
1537.883000
1541.597000
1545.327000
1549.041000
1550.284000
1551.527000
1553.998000
1579.281000
1585.482000
1587.969000
1590.455000
1596.656000
1602.840000
1604.084000
1605.327000
1606.570000
1614.014000
1640.525000
1641.752000
1644.238000
1655.396000
1657.883000
1659.126000
1662.840000
1669.041000
1676.485000
1700.525000
1719.127000
1729.041000
1732.755000
1733.998000
1740.199000
