315.011000
323.682000
332.370000
334.840000
336.083000
350.971000
352.215000
354.685000
388.656000
392.370000
394.840000
396.083000
403.528000
406.014000
409.728000
413.442000
431.281000
443.682000
446.169000
467.241000
473.442000
492.525000
496.238000
497.482000
499.952000
502.439000
503.682000
507.396000
508.640000
514.840000
519.797000
551.281000
559.952000
562.439000
566.153000
577.327000
584.755000
585.998000
587.242000
588.485000
593.442000
594.686000
597.156000
610.038000
614.995000
618.726000
626.153000
632.354000
638.554000
652.199000
654.686000
657.156000
658.400000
673.752000
678.726000
681.196000
686.153000
692.354000
693.597000
708.485000
713.443000
731.282000
734.996000
739.953000
742.440000
747.397000
748.640000
749.884000
754.841000
756.084000
758.555000
761.041000
764.755000
768.486000
770.956000
790.038000
807.397000
812.354000
819.798000
821.042000
822.285000
827.242000
829.712000
830.956000
833.443000
835.913000
857.483000
877.328000
879.798000
884.755000
890.956000
914.996000
919.953000
927.397000
931.127000
933.598000
943.512000
948.486000
957.157000
973.753000
974.996000
976.240000
981.197000
983.684000
987.397000
993.598000
997.312000
1002.285000
1005.999000
1007.243000
1017.157000
