311.281000
312.524000
313.768000
318.725000
319.968000
322.455000
324.926000
326.169000
327.412000
328.656000
329.883000
331.126000
338.570000
339.814000
341.041000
342.284000
343.527000
346.014000
347.241000
348.485000
349.728000
355.929000
357.172000
370.054000
371.281000
372.524000
373.768000
375.011000
378.725000
381.212000
382.455000
383.682000
384.926000
386.169000
387.413000
389.883000
391.126000
393.613000
397.327000
398.570000
399.814000
401.041000
402.284000
404.771000
407.241000
408.485000
410.972000
412.215000
414.685000
415.929000
417.172000
418.416000
430.054000
432.525000
433.768000
436.255000
437.482000
438.725000
439.969000
441.212000
442.456000
444.926000
447.413000
451.126000
452.370000
453.613000
454.840000
458.570000
459.814000
461.041000
462.284000
463.528000
464.771000
466.015000
470.972000
474.686000
477.172000
490.038000
491.281000
494.995000
501.196000
504.926000
506.153000
509.883000
511.127000
512.353000
513.597000
516.084000
517.327000
518.554000
523.528000
524.755000
525.998000
527.242000
529.712000
530.955000
534.686000
535.912000
537.156000
538.399000
550.038000
553.752000
554.995000
556.239000
557.482000
558.725000
561.196000
563.683000
564.926000
567.396000
569.883000
571.127000
572.354000
573.597000
574.840000
576.084000
578.554000
579.798000
581.041000
582.284000
589.712000
590.955000
595.913000
598.399000
611.282000
612.525000
613.752000
616.239000
617.482000
619.952000
622.439000
623.683000
624.926000
627.397000
629.883000
631.127000
633.597000
634.841000
636.084000
637.327000
639.798000
641.041000
642.285000
643.528000
644.755000
647.242000
648.485000
649.712000
650.956000
653.442000
655.913000
670.038000
671.282000
672.525000
674.995000
676.239000
677.482000
679.953000
684.926000
687.397000
688.640000
689.884000
691.127000
694.841000
699.798000
701.041000
702.285000
703.512000
704.755000
705.999000
707.242000
709.712000
710.956000
712.199000
714.686000
715.913000
717.156000
718.400000
730.038000
732.525000
733.752000
736.239000
737.482000
738.726000
741.196000
743.683000
744.926000
746.153000
752.354000
753.597000
759.798000
762.285000
763.512000
765.999000
767.242000
769.712000
772.199000
773.443000
774.686000
778.400000
791.282000
792.525000
793.752000
794.996000
796.239000
797.483000
798.726000
799.953000
801.196000
802.440000
803.683000
804.927000
806.153000
811.127000
813.598000
814.841000
817.328000
818.555000
823.512000
824.755000
825.999000
828.486000
832.199000
837.157000
850.039000
851.282000
852.526000
853.752000
854.996000
856.239000
858.726000
859.953000
861.196000
862.440000
863.683000
864.927000
866.154000
867.397000
869.884000
871.127000
876.085000
878.555000
881.042000
883.512000
885.999000
887.242000
889.713000
892.200000
893.443000
895.913000
897.157000
898.400000
910.039000
911.282000
912.526000
913.752000
916.239000
917.483000
918.726000
921.197000
922.440000
923.683000
924.927000
926.154000
928.641000
929.884000
932.354000
934.841000
936.085000
937.312000
939.798000
944.756000
949.713000
950.956000
953.443000
955.913000
958.400000
970.039000
971.282000
972.526000
977.483000
978.726000
979.953000
986.154000
989.884000
991.128000
992.354000
994.841000
996.085000
998.555000
999.799000
1003.512000
1004.756000
1008.486000
1009.713000
1010.956000
1012.200000
1014.687000
1015.914000
1018.400000
