310.675000
311.902000
313.145000
314.389000
315.632000
316.876000
318.102000
319.346000
320.589000
321.833000
323.076000
324.303000
325.547000
326.790000
329.277000
330.504000
331.747000
334.234000
335.461000
336.704000
337.948000
339.191000
340.435000
341.662000
342.905000
344.148000
345.392000
346.635000
347.862000
350.349000
351.592000
352.836000
354.063000
355.306000
357.793000
369.432000
370.675000
371.902000
373.145000
374.389000
375.632000
376.876000
378.103000
379.346000
380.590000
381.833000
383.076000
384.303000
385.547000
386.790000
388.034000
389.277000
390.504000
391.747000
392.991000
394.234000
395.461000
396.704000
397.948000
399.191000
400.435000
401.662000
402.905000
404.149000
405.392000
406.635000
407.862000
409.106000
410.349000
411.593000
412.836000
414.063000
415.306000
416.550000
417.793000
429.415000
430.659000
431.902000
433.146000
434.389000
435.616000
436.859000
438.103000
439.346000
440.573000
441.817000
443.060000
444.303000
445.547000
446.774000
448.017000
449.261000
450.504000
451.747000
452.974000
454.218000
455.461000
456.705000
457.948000
459.175000
460.418000
461.662000
462.905000
464.149000
465.376000
466.619000
469.106000
471.576000
472.820000
474.063000
475.306000
476.533000
477.777000
489.432000
490.675000
491.902000
493.146000
494.389000
495.633000
496.876000
498.103000
499.346000
500.590000
501.833000
503.077000
504.304000
505.547000
506.790000
508.034000
509.261000
510.504000
511.748000
512.991000
514.234000
515.461000
516.705000
517.948000
520.435000
521.662000
522.905000
524.149000
525.392000
526.636000
527.863000
529.106000
530.349000
531.593000
532.836000
534.063000
535.307000
536.550000
537.794000
550.676000
551.902000
553.146000
554.389000
555.633000
556.876000
558.103000
559.346000
560.590000
561.833000
563.077000
564.304000
565.547000
566.791000
568.034000
569.261000
571.748000
574.235000
575.461000
576.705000
577.948000
579.192000
580.435000
581.662000
582.906000
584.149000
585.392000
586.636000
587.863000
589.106000
590.350000
594.063000
595.307000
596.550000
597.794000
609.432000
610.676000
611.903000
613.146000
614.389000
615.633000
616.876000
618.103000
620.590000
621.833000
623.060000
625.547000
626.791000
628.034000
629.261000
630.504000
631.748000
632.991000
634.235000
636.705000
637.948000
639.192000
640.435000
642.906000
644.149000
645.393000
646.636000
647.863000
649.106000
650.350000
651.593000
652.837000
655.307000
656.550000
669.432000
670.676000
671.903000
673.146000
674.390000
675.633000
676.876000
678.103000
679.347000
680.590000
681.834000
683.077000
684.304000
685.547000
686.791000
689.261000
690.505000
691.748000
692.991000
694.235000
695.462000
696.705000
697.949000
699.192000
700.435000
701.662000
702.906000
704.149000
705.393000
706.636000
707.863000
709.106000
710.350000
711.593000
712.837000
714.064000
715.307000
716.550000
717.794000
729.433000
730.676000
731.903000
733.146000
735.633000
736.877000
738.103000
739.347000
740.590000
741.834000
743.061000
744.304000
745.548000
746.791000
748.034000
749.261000
750.505000
751.748000
752.992000
754.235000
755.462000
756.705000
757.949000
759.192000
761.662000
762.906000
764.149000
766.636000
767.863000
770.350000
771.593000
776.551000
777.794000
789.433000
790.676000
791.903000
793.146000
794.390000
795.633000
796.877000
798.104000
799.347000
800.590000
801.834000
803.061000
805.548000
806.791000
808.035000
809.261000
810.505000
812.992000
814.235000
815.462000
816.705000
817.949000
821.663000
825.393000
826.636000
827.863000
829.107000
830.350000
831.594000
832.837000
834.064000
835.307000
836.551000
837.794000
849.416000
850.660000
851.903000
853.147000
854.373000
855.617000
856.860000
858.104000
859.347000
860.574000
861.817000
863.061000
864.304000
865.548000
866.775000
868.018000
870.505000
871.748000
872.975000
874.219000
875.462000
877.949000
879.176000
880.419000
881.663000
882.906000
884.133000
885.376000
887.863000
890.334000
891.577000
894.064000
895.307000
897.778000
910.660000
911.903000
913.147000
914.374000
915.617000
916.860000
918.104000
919.347000
920.574000
921.818000
923.061000
924.304000
925.548000
926.775000
928.018000
929.262000
930.505000
931.749000
932.975000
934.219000
936.706000
937.933000
940.419000
941.663000
942.906000
944.133000
945.377000
946.620000
949.107000
950.334000
952.821000
954.064000
955.308000
956.534000
957.778000
969.416000
970.660000
971.903000
973.147000
974.374000
975.617000
976.861000
978.104000
980.574000
981.818000
983.061000
984.305000
985.548000
986.775000
990.505000
991.749000
992.976000
994.219000
995.462000
996.706000
997.933000
1000.420000
1001.663000
1002.906000
1004.133000
1005.377000
1006.620000
1007.864000
1009.107000
1010.334000
1011.577000
1012.821000
1014.064000
1015.308000
1016.535000
