6.331000
6.944000
7.574000
8.187000
8.801000
9.431000
10.044000
10.674000
11.288000
11.901000
12.531000
13.145000
13.775000
14.388000
15.002000
15.632000
16.245000
16.875000
17.488000
18.102000
18.732000
19.345000
19.975000
20.589000
21.202000
21.832000
22.446000
23.076000
23.689000
24.302000
24.932000
25.546000
26.176000
26.789000
27.403000
28.033000
28.646000
29.276000
29.890000
30.503000
31.133000
31.747000
32.377000
32.990000
33.603000
34.233000
34.847000
35.477000
36.090000
36.704000
37.334000
37.947000
38.561000
39.191000
39.804000
40.434000
41.047000
41.661000
42.291000
42.904000
43.534000
44.148000
44.761000
45.391000
46.005000
46.635000
47.248000
47.861000
48.492000
49.105000
49.735000
50.348000
50.962000
51.592000
52.205000
52.835000
53.449000
54.062000
54.692000
55.306000
55.936000
56.549000
57.162000
57.792000
58.406000
66.331000
66.944000
67.574000
68.188000
68.801000
69.431000
70.044000
70.674000
71.288000
71.901000
72.531000
73.145000
73.775000
74.388000
75.002000
75.632000
76.245000
76.875000
77.489000
78.102000
78.732000
79.345000
79.975000
80.589000
81.202000
81.832000
82.446000
83.076000
83.689000
84.303000
84.933000
85.546000
86.176000
86.789000
87.403000
88.033000
88.646000
89.276000
89.890000
90.503000
91.133000
91.747000
92.377000
92.990000
93.604000
94.234000
94.847000
95.477000
96.090000
96.704000
97.334000
97.947000
98.561000
99.191000
99.804000
100.434000
101.048000
101.661000
102.291000
102.904000
103.534000
104.148000
104.761000
105.391000
106.005000
106.635000
107.248000
107.862000
108.492000
109.105000
109.735000
110.349000
110.962000
111.592000
112.205000
112.835000
113.449000
114.062000
114.692000
115.306000
115.936000
116.549000
117.163000
117.793000
118.406000
126.331000
126.944000
127.574000
128.188000
128.801000
129.431000
130.045000
130.675000
131.288000
131.901000
132.531000
133.145000
133.775000
134.388000
135.002000
135.632000
136.245000
136.875000
137.489000
138.102000
138.732000
139.346000
139.976000
140.589000
141.202000
141.832000
142.446000
143.076000
143.689000
144.303000
144.933000
145.546000
146.176000
146.790000
147.403000
148.033000
148.646000
149.276000
149.890000
150.503000
151.133000
151.747000
152.377000
152.990000
153.604000
154.234000
154.847000
155.461000
156.091000
156.704000
157.334000
157.947000
158.561000
159.191000
159.804000
160.434000
161.048000
161.661000
162.291000
162.905000
163.535000
164.148000
164.761000
165.391000
166.005000
166.635000
167.248000
167.862000
168.492000
169.105000
169.735000
170.349000
170.962000
171.592000
172.206000
172.836000
173.449000
174.062000
174.692000
175.306000
175.936000
176.549000
177.163000
177.793000
178.406000
186.331000
186.944000
187.574000
188.188000
188.801000
189.431000
190.045000
190.675000
191.288000
191.902000
192.532000
193.145000
193.775000
194.388000
195.002000
195.632000
196.245000
196.875000
197.489000
198.102000
198.732000
199.346000
199.976000
200.589000
201.203000
201.833000
202.446000
203.076000
203.689000
204.303000
204.933000
205.546000
206.176000
206.790000
207.403000
208.033000
208.647000
209.277000
209.890000
210.503000
211.133000
211.747000
212.377000
212.990000
213.604000
214.234000
214.847000
215.461000
216.091000
216.704000
217.334000
217.948000
218.561000
219.191000
219.804000
220.434000
221.048000
221.661000
222.291000
222.905000
223.535000
224.148000
224.762000
225.392000
226.005000
226.635000
227.248000
227.862000
228.492000
229.105000
229.735000
230.349000
230.962000
231.592000
232.206000
232.836000
233.449000
234.063000
234.693000
235.306000
235.936000
236.549000
237.163000
237.793000
238.406000
246.331000
246.945000
247.575000
248.188000
248.801000
249.431000
250.045000
250.675000
251.288000
251.902000
252.532000
253.145000
253.775000
254.389000
255.002000
255.632000
256.245000
256.875000
257.489000
258.102000
258.732000
259.346000
259.976000
260.589000
261.203000
261.833000
262.446000
263.076000
263.690000
264.303000
264.933000
265.546000
266.176000
266.790000
267.403000
268.033000
268.647000
269.277000
269.890000
270.504000
271.134000
271.747000
272.377000
272.990000
273.604000
274.234000
274.847000
275.461000
276.091000
276.704000
277.334000
277.948000
278.561000
279.191000
279.805000
280.435000
281.048000
281.661000
282.291000
282.905000
283.535000
284.148000
284.762000
285.392000
286.005000
286.635000
287.249000
287.862000
288.492000
289.105000
289.735000
290.349000
290.962000
291.592000
292.206000
292.836000
293.449000
294.063000
294.693000
295.306000
295.936000
296.550000
297.163000
297.793000
298.406000
306.331000
306.945000
307.575000
308.188000
308.802000
309.432000
310.045000
310.675000
311.289000
311.902000
312.532000
313.145000
313.775000
314.389000
315.002000
315.632000
316.246000
316.876000
317.489000
318.102000
318.733000
319.346000
319.976000
320.589000
321.203000
321.833000
322.446000
323.076000
323.690000
324.303000
324.933000
325.547000
326.177000
326.790000
327.403000
328.033000
328.647000
329.277000
329.890000
330.504000
331.134000
331.747000
332.361000
332.991000
333.604000
334.234000
334.848000
335.461000
336.091000
336.704000
337.334000
337.948000
338.561000
339.191000
339.805000
340.435000
341.048000
341.662000
342.292000
342.905000
343.535000
344.148000
344.762000
345.392000
346.005000
346.635000
347.249000
347.862000
348.492000
349.106000
349.736000
350.349000
350.962000
351.592000
352.206000
352.836000
353.449000
354.063000
354.693000
355.306000
355.936000
356.550000
357.163000
357.793000
358.407000
366.331000
366.945000
367.575000
368.188000
368.802000
369.432000
370.045000
370.675000
371.289000
371.902000
372.532000
373.145000
373.775000
374.389000
375.002000
375.632000
376.246000
376.876000
377.489000
378.103000
378.733000
379.346000
379.976000
380.590000
381.203000
381.833000
382.446000
383.076000
383.690000
384.303000
384.933000
385.547000
386.177000
386.790000
387.404000
388.034000
388.647000
389.277000
389.890000
390.504000
391.134000
391.747000
392.361000
392.991000
393.604000
394.234000
394.848000
395.461000
396.091000
396.704000
397.334000
397.948000
398.561000
399.191000
399.805000
400.435000
401.048000
401.662000
402.292000
402.905000
403.535000
404.149000
404.762000
405.392000
406.005000
406.635000
407.249000
407.862000
408.492000
409.106000
409.736000
410.349000
410.963000
411.593000
412.206000
412.836000
413.449000
414.063000
414.693000
415.306000
415.936000
416.550000
417.163000
417.793000
418.407000
426.315000
426.945000
427.558000
428.188000
428.802000
429.415000
430.045000
430.659000
431.272000
431.902000
432.516000
433.146000
433.759000
434.389000
435.002000
435.616000
436.246000
436.859000
437.473000
438.103000
438.716000
439.346000
439.960000
440.573000
441.203000
441.817000
442.447000
443.060000
443.673000
444.303000
444.917000
445.547000
446.160000
446.774000
447.404000
448.017000
448.647000
449.261000
449.874000
450.504000
451.117000
451.747000
452.361000
452.974000
453.604000
454.218000
454.848000
455.461000
456.075000
456.705000
457.318000
457.948000
458.561000
459.175000
459.805000
460.418000
461.048000
461.662000
462.275000
462.905000
463.519000
464.149000
464.762000
465.376000
466.006000
466.619000
467.249000
467.862000
468.476000
469.106000
469.719000
470.333000
470.963000
471.576000
472.206000
472.820000
473.433000
474.063000
474.676000
475.306000
475.920000
476.533000
477.163000
477.777000
478.407000
486.332000
486.945000
487.575000
488.189000
488.802000
489.432000
490.045000
490.675000
491.289000
491.902000
492.532000
493.146000
493.776000
494.389000
495.003000
495.633000
496.246000
496.876000
497.489000
498.103000
498.733000
499.346000
499.976000
500.590000
501.203000
501.833000
502.447000
503.077000
503.690000
504.304000
504.934000
505.547000
506.177000
506.790000
507.404000
508.034000
508.647000
509.261000
509.891000
510.504000
511.134000
511.748000
512.361000
512.991000
513.604000
514.234000
514.848000
515.461000
516.091000
516.705000
517.335000
517.948000
518.562000
519.192000
519.805000
520.435000
521.049000
521.662000
522.292000
522.905000
523.535000
524.149000
524.762000
525.392000
526.006000
526.636000
527.249000
527.863000
528.493000
529.106000
529.736000
530.349000
530.963000
531.593000
532.206000
532.836000
533.450000
534.063000
534.693000
535.307000
535.937000
536.550000
537.164000
537.794000
538.407000
546.332000
546.945000
547.575000
548.189000
548.802000
549.432000
550.046000
550.676000
551.289000
551.902000
552.532000
553.146000
553.776000
554.389000
555.003000
555.633000
556.246000
556.876000
557.490000
558.103000
558.733000
559.346000
559.976000
560.590000
561.203000
561.833000
562.447000
563.077000
563.690000
564.304000
564.934000
565.547000
566.161000
566.791000
567.404000
568.034000
568.647000
569.261000
569.891000
570.504000
571.134000
571.748000
572.361000
572.991000
573.605000
574.235000
574.848000
575.461000
576.091000
576.705000
577.335000
577.948000
578.562000
579.192000
579.805000
580.435000
581.049000
581.662000
582.292000
582.906000
583.536000
584.149000
584.762000
585.392000
586.006000
586.636000
587.249000
587.863000
588.493000
589.106000
589.736000
590.350000
590.963000
591.593000
592.206000
592.836000
593.450000
594.063000
594.693000
595.307000
595.937000
596.550000
597.164000
597.794000
598.407000
606.332000
606.945000
607.575000
608.189000
608.802000
609.432000
610.046000
610.676000
611.289000
611.903000
612.533000
613.146000
613.776000
614.389000
615.003000
615.633000
616.246000
616.876000
617.490000
618.103000
618.733000
619.347000
619.977000
620.590000
621.204000
621.833000
622.447000
623.060000
623.690000
624.304000
624.934000
625.547000
626.161000
626.791000
627.404000
628.034000
628.648000
629.261000
629.891000
630.504000
631.134000
631.748000
632.361000
632.991000
633.605000
634.235000
634.848000
635.462000
636.092000
636.705000
637.335000
637.948000
638.562000
639.192000
639.805000
640.435000
641.049000
641.662000
642.292000
642.906000
643.536000
644.149000
644.763000
645.393000
646.006000
646.636000
647.249000
647.863000
648.493000
649.106000
649.736000
650.350000
650.963000
651.593000
652.207000
652.837000
653.450000
654.063000
654.693000
655.307000
655.937000
656.550000
657.164000
657.794000
658.407000
666.332000
666.946000
667.575000
668.189000
668.802000
669.432000
670.046000
670.676000
671.289000
671.903000
672.533000
673.146000
673.776000
674.390000
675.003000
675.633000
676.246000
676.876000
677.490000
678.103000
678.733000
679.347000
679.977000
680.590000
681.204000
681.834000
682.447000
683.077000
683.690000
684.304000
684.934000
685.547000
686.161000
686.791000
687.404000
688.034000
688.648000
689.261000
689.891000
690.505000
691.135000
691.748000
692.361000
692.991000
693.605000
694.235000
694.848000
695.462000
696.092000
696.705000
697.335000
697.949000
698.562000
699.192000
699.805000
700.435000
701.049000
701.662000
702.292000
702.906000
703.536000
704.149000
704.763000
705.393000
706.006000
706.636000
707.250000
707.863000
708.493000
709.106000
709.736000
710.350000
710.963000
711.593000
712.207000
712.837000
713.450000
714.064000
714.694000
715.307000
715.937000
716.550000
717.164000
717.794000
718.407000
726.332000
726.946000
727.576000
728.189000
728.803000
729.433000
730.046000
730.676000
731.289000
731.903000
732.533000
733.146000
733.776000
734.390000
735.003000
735.633000
736.247000
736.877000
737.490000
738.103000
738.733000
739.347000
739.977000
740.590000
741.204000
741.834000
742.447000
743.061000
743.691000
744.304000
744.934000
745.548000
746.161000
746.791000
747.404000
748.034000
748.648000
749.261000
749.891000
750.505000
751.135000
751.748000
752.362000
752.992000
753.605000
754.235000
754.848000
755.462000
756.092000
756.705000
757.335000
757.949000
758.562000
759.192000
759.806000
760.436000
761.049000
761.662000
762.292000
762.906000
763.536000
764.149000
764.763000
765.393000
766.006000
766.636000
767.250000
767.863000
768.493000
769.107000
769.737000
770.350000
770.963000
771.593000
772.207000
772.837000
773.450000
774.064000
774.694000
775.307000
775.921000
776.551000
777.164000
777.794000
778.407000
786.332000
786.946000
787.576000
788.189000
788.803000
789.433000
790.046000
790.676000
791.290000
791.903000
792.533000
793.146000
793.776000
794.390000
795.003000
795.633000
796.247000
796.877000
797.490000
798.104000
798.734000
799.347000
799.977000
800.590000
801.204000
801.834000
802.447000
803.061000
803.691000
804.304000
804.934000
805.548000
806.161000
806.791000
807.404000
808.035000
808.648000
809.261000
809.891000
810.505000
811.135000
811.748000
812.362000
812.992000
813.605000
814.235000
814.849000
815.462000
816.092000
816.705000
817.335000
817.949000
818.562000
819.192000
819.806000
820.436000
821.049000
821.663000
822.293000
822.906000
823.536000
824.149000
824.763000
825.393000
826.006000
826.636000
827.250000
827.863000
828.493000
829.107000
829.737000
830.350000
830.964000
831.594000
832.207000
832.837000
833.450000
834.064000
834.694000
835.307000
835.921000
836.551000
837.164000
837.794000
838.408000
846.316000
846.946000
847.559000
848.173000
848.803000
849.416000
850.046000
850.660000
851.273000
851.903000
852.517000
853.147000
853.760000
854.373000
855.003000
855.617000
856.247000
856.860000
857.474000
858.104000
858.717000
859.347000
859.961000
860.574000
861.204000
861.817000
862.447000
863.061000
863.674000
864.304000
864.918000
865.548000
866.161000
866.775000
867.405000
868.018000
868.648000
869.262000
869.875000
870.505000
871.118000
871.748000
872.362000
872.975000
873.605000
874.219000
874.849000
875.462000
876.076000
876.706000
877.319000
877.949000
878.562000
879.176000
879.806000
880.419000
881.033000
881.663000
882.276000
882.906000
883.520000
884.133000
884.763000
885.376000
886.007000
886.620000
887.233000
887.863000
888.477000
889.107000
889.720000
890.334000
890.964000
891.577000
892.207000
892.821000
893.434000
894.064000
894.677000
895.307000
895.921000
896.534000
897.164000
897.778000
898.408000
906.316000
906.946000
907.559000
908.173000
908.803000
909.416000
910.046000
910.660000
911.273000
911.903000
912.517000
913.147000
913.760000
914.374000
915.004000
915.617000
916.247000
916.860000
917.474000
918.104000
918.717000
919.347000
919.961000
920.574000
921.204000
921.818000
922.448000
923.061000
923.674000
924.304000
924.918000
925.548000
926.161000
926.775000
927.405000
928.018000
928.648000
929.262000
929.875000
930.505000
931.119000
931.749000
932.362000
932.975000
933.605000
934.219000
934.849000
935.462000
936.076000
936.706000
937.319000
937.933000
938.563000
939.176000
939.806000
940.419000
941.033000
941.663000
942.276000
942.906000
943.520000
944.133000
944.763000
945.377000
946.007000
946.620000
947.233000
947.863000
948.477000
949.107000
949.720000
950.334000
950.964000
951.577000
952.207000
952.821000
953.434000
954.064000
954.678000
955.308000
955.921000
956.534000
957.164000
957.778000
958.408000
966.316000
966.946000
967.560000
968.173000
968.803000
969.416000
970.046000
970.660000
971.273000
971.903000
972.517000
973.147000
973.760000
974.374000
975.004000
975.617000
976.247000
976.861000
977.474000
978.104000
978.717000
979.347000
979.961000
980.574000
981.204000
981.818000
982.448000
983.061000
983.675000
984.305000
984.918000
985.548000
986.161000
986.775000
987.405000
988.018000
988.648000
989.262000
989.875000
990.505000
991.119000
991.749000
992.362000
992.976000
993.606000
994.219000
994.849000
995.462000
996.076000
996.706000
997.319000
997.933000
998.563000
999.176000
999.806000
1000.420000
1001.033000
1001.663000
1002.276000
1002.906000
1003.520000
1004.133000
1004.763000
1005.377000
1006.007000
1006.620000
1007.234000
1007.864000
1008.477000
1009.107000
1009.721000
1010.334000
1010.964000
1011.577000
1012.207000
1012.821000
1013.434000
1014.064000
1014.678000
1015.308000
1015.921000
1016.535000
1017.165000
1017.778000
1018.408000
