1768.519000
1769.763000
1771.006000
1772.250000
1773.493000
1774.720000
1775.964000
1778.450000
1779.694000
1780.921000
1782.164000
1784.651000
1785.894000
1787.121000
1788.365000
1789.608000
1790.852000
1792.095000
1794.565000
1797.052000
1799.523000
1800.766000
1802.009000
1803.253000
1804.480000
1805.723000
1808.210000
1809.454000
1811.924000
1813.167000
1814.411000
1826.049000
1827.293000
1828.520000
1829.763000
1831.006000
1832.250000
1833.493000
1834.720000
1835.964000
1837.207000
1838.451000
1839.694000
1840.921000
1842.164000
1843.408000
1844.651000
1845.895000
1847.121000
1848.365000
1850.852000
1852.095000
1853.322000
1854.566000
1857.052000
1858.296000
1859.523000
1860.766000
1864.480000
1866.967000
1868.210000
1869.454000
1870.681000
1871.924000
1873.167000
1874.411000
1886.049000
1889.763000
1891.007000
1892.250000
1893.494000
1894.720000
1895.964000
1897.207000
1898.451000
1899.694000
1900.921000
1902.164000
1903.408000
1904.651000
1905.895000
1907.122000
1908.365000
1909.608000
1910.852000
1912.095000
1913.322000
1914.566000
1917.053000
1918.296000
1919.523000
1922.010000
1923.253000
1924.480000
1925.723000
1926.967000
1929.454000
1931.924000
1933.168000
1934.411000
1949.763000
1951.007000
1957.207000
1958.451000
1959.694000
1962.165000
1963.408000
1967.122000
1968.365000
1969.609000
1970.852000
1972.096000
1973.322000
1974.566000
1977.053000
1982.010000
1985.724000
1988.210000
1991.924000
1993.168000
2006.050000
2007.293000
2008.520000
2009.763000
2011.007000
2012.250000
2014.721000
2015.964000
2017.208000
2018.451000
2020.921000
2022.165000
2023.408000
2024.652000
2027.122000
2028.365000
2034.566000
2035.809000
2037.053000
2039.523000
2040.767000
2043.253000
2044.480000
2045.724000
2046.967000
2048.211000
2049.454000
2050.681000
2054.411000
2067.293000
2068.520000
2069.764000
2071.007000
2072.250000
2073.494000
2074.721000
2077.208000
2078.451000
2080.921000
2082.165000
2083.408000
2084.652000
2085.895000
2087.122000
2088.365000
2089.609000
2092.096000
2093.323000
2094.566000
2095.810000
2097.053000
2098.280000
2099.523000
2102.010000
2104.480000
2105.724000
2106.967000
2108.211000
2110.681000
2111.924000
2113.168000
2114.411000
2126.033000
2127.277000
2128.520000
2131.007000
2132.234000
2133.477000
2134.721000
2137.208000
2138.435000
2139.678000
2140.922000
2142.165000
2143.392000
2147.122000
2150.836000
2152.079000
2153.323000
2154.566000
2157.037000
2159.523000
2164.481000
2168.194000
2169.438000
2170.681000
2171.925000
2173.151000
2188.520000
2189.764000
2191.007000
2192.234000
2193.478000
2195.964000
2197.208000
2198.435000
2199.678000
2200.922000
2204.635000
2205.879000
2208.366000
2209.593000
2210.836000
2212.079000
2213.323000
2214.566000
2215.793000
2217.037000
2218.280000
2219.524000
2220.767000
2221.994000
2223.237000
2224.481000
2226.968000
2228.194000
2229.438000
2230.681000
2231.925000
2233.152000
2234.395000
2246.034000
2248.521000
2251.007000
2252.234000
2254.721000
2259.678000
2260.922000
2264.636000
2265.879000
2267.122000
2268.366000
2270.836000
2272.080000
2273.323000
2275.793000
2277.037000
2278.280000
2279.524000
2280.767000
2281.994000
2283.237000
2284.481000
2290.681000
2291.925000
2293.168000
2294.395000
2306.034000
2307.277000
2308.521000
2309.764000
2311.008000
2313.478000
2319.678000
2320.922000
2322.165000
2323.409000
2324.636000
2327.123000
2329.593000
2330.836000
2333.323000
2334.567000
2335.793000
2337.037000
2339.524000
2341.994000
2344.481000
2345.724000
2346.968000
2350.682000
2351.925000
2353.168000
2367.277000
2369.764000
2371.008000
2373.478000
2374.721000
2375.965000
2377.208000
2378.435000
2379.679000
2380.922000
2382.165000
2383.409000
2384.636000
2385.879000
2389.593000
2390.836000
2392.080000
2394.567000
2395.794000
2397.037000
2400.767000
2401.994000
2403.238000
2404.481000
2405.725000
2406.968000
2409.438000
2410.682000
2411.925000
2413.169000
2414.395000
2426.034000
2428.521000
2429.764000
2431.008000
2432.235000
2433.478000
2435.965000
2439.679000
2440.922000
2442.166000
2444.636000
2445.879000
2447.123000
2448.366000
2449.593000
2450.837000
2452.080000
2453.323000
2454.567000
2455.794000
2457.037000
2458.281000
2460.768000
2461.994000
2463.238000
2464.481000
2465.725000
2466.968000
2469.438000
2470.682000
2471.925000
