1762.335000
1762.949000
1763.562000
1764.192000
1764.806000
1765.436000
1766.049000
1766.663000
1767.293000
1767.906000
1768.519000
1769.149000
1769.763000
1770.393000
1771.006000
1771.620000
1772.250000
1772.863000
1773.493000
1774.107000
1774.720000
1775.350000
1775.964000
1776.594000
1777.207000
1777.820000
1778.450000
1779.064000
1779.694000
1780.307000
1780.921000
1781.551000
1782.164000
1782.794000
1783.408000
1784.021000
1784.651000
1785.264000
1785.894000
1786.508000
1787.121000
1787.751000
1788.365000
1788.995000
1789.608000
1790.222000
1790.852000
1791.465000
1792.095000
1792.709000
1793.322000
1793.952000
1794.565000
1795.195000
1795.809000
1796.422000
1797.052000
1797.666000
1798.296000
1798.909000
1799.523000
1800.153000
1800.766000
1801.396000
1802.009000
1802.623000
1803.253000
1803.866000
1804.480000
1805.110000
1805.723000
1806.353000
1806.967000
1807.580000
1808.210000
1808.824000
1809.454000
1810.067000
1810.680000
1811.310000
1811.924000
1812.554000
1813.167000
1813.781000
1814.411000
1822.336000
1822.949000
1823.562000
1824.192000
1824.806000
1825.436000
1826.049000
1826.663000
1827.293000
1827.906000
1828.520000
1829.150000
1829.763000
1830.393000
1831.006000
1831.620000
1832.250000
1832.863000
1833.493000
1834.107000
1834.720000
1835.350000
1835.964000
1836.594000
1837.207000
1837.821000
1838.451000
1839.064000
1839.694000
1840.307000
1840.921000
1841.551000
1842.164000
1842.794000
1843.408000
1844.021000
1844.651000
1845.265000
1845.895000
1846.508000
1847.121000
1847.751000
1848.365000
1848.995000
1849.608000
1850.222000
1850.852000
1851.465000
1852.095000
1852.709000
1853.322000
1853.952000
1854.566000
1855.196000
1855.809000
1856.422000
1857.052000
1857.666000
1858.296000
1858.909000
1859.523000
1860.153000
1860.766000
1861.380000
1862.010000
1862.623000
1863.253000
1863.866000
1864.480000
1865.110000
1865.723000
1866.353000
1866.967000
1867.580000
1868.210000
1868.824000
1869.454000
1870.067000
1870.681000
1871.311000
1871.924000
1872.554000
1873.167000
1873.781000
1874.411000
1882.336000
1882.949000
1883.563000
1884.193000
1884.806000
1885.436000
1886.049000
1886.663000
1887.293000
1887.906000
1888.520000
1889.150000
1889.763000
1890.393000
1891.007000
1891.620000
1892.250000
1892.863000
1893.494000
1894.107000
1894.720000
1895.350000
1895.964000
1896.594000
1897.207000
1897.821000
1898.451000
1899.064000
1899.694000
1900.308000
1900.921000
1901.551000
1902.164000
1902.794000
1903.408000
1904.021000
1904.651000
1905.265000
1905.895000
1906.508000
1907.122000
1907.752000
1908.365000
1908.995000
1909.608000
1910.222000
1910.852000
1911.465000
1912.095000
1912.709000
1913.322000
1913.952000
1914.566000
1915.196000
1915.809000
1916.423000
1917.053000
1917.666000
1918.296000
1918.909000
1919.523000
1920.153000
1920.766000
1921.380000
1922.010000
1922.623000
1923.253000
1923.867000
1924.480000
1925.110000
1925.723000
1926.353000
1926.967000
1927.580000
1928.210000
1928.824000
1929.454000
1930.067000
1930.681000
1931.311000
1931.924000
1932.554000
1933.168000
1933.781000
1934.411000
1942.336000
1942.949000
1943.563000
1944.193000
1944.806000
1945.420000
1946.050000
1946.663000
1947.293000
1947.906000
1948.520000
1949.150000
1949.763000
1950.393000
1951.007000
1951.620000
1952.250000
1952.864000
1953.494000
1954.107000
1954.721000
1955.351000
1955.964000
1956.594000
1957.207000
1957.821000
1958.451000
1959.064000
1959.694000
1960.308000
1960.921000
1961.551000
1962.165000
1962.795000
1963.408000
1964.021000
1964.651000
1965.265000
1965.895000
1966.508000
1967.122000
1967.752000
1968.365000
1968.995000
1969.609000
1970.222000
1970.852000
1971.465000
1972.096000
1972.709000
1973.322000
1973.952000
1974.566000
1975.196000
1975.809000
1976.423000
1977.053000
1977.666000
1978.280000
1978.910000
1979.523000
1980.153000
1980.766000
1981.380000
1982.010000
1982.623000
1983.253000
1983.867000
1984.480000
1985.110000
1985.724000
1986.354000
1986.967000
1987.580000
1988.210000
1988.824000
1989.454000
1990.067000
1990.681000
1991.311000
1991.924000
1992.554000
1993.168000
1993.781000
1994.411000
2002.336000
2002.949000
2003.563000
2004.193000
2004.806000
2005.420000
2006.050000
2006.663000
2007.293000
2007.907000
2008.520000
2009.150000
2009.763000
2010.393000
2011.007000
2011.620000
2012.250000
2012.864000
2013.494000
2014.107000
2014.721000
2015.351000
2015.964000
2016.594000
2017.208000
2017.821000
2018.451000
2019.064000
2019.694000
2020.308000
2020.921000
2021.551000
2022.165000
2022.795000
2023.408000
2024.022000
2024.652000
2025.265000
2025.895000
2026.508000
2027.122000
2027.752000
2028.365000
2028.995000
2029.609000
2030.222000
2030.852000
2031.466000
2032.096000
2032.709000
2033.322000
2033.953000
2034.566000
2035.196000
2035.809000
2036.423000
2037.053000
2037.666000
2038.280000
2038.910000
2039.523000
2040.153000
2040.767000
2041.380000
2042.010000
2042.623000
2043.253000
2043.867000
2044.480000
2045.110000
2045.724000
2046.354000
2046.967000
2047.581000
2048.211000
2048.824000
2049.454000
2050.067000
2050.681000
2051.311000
2051.924000
2052.554000
2053.168000
2053.781000
2054.411000
2062.320000
2062.950000
2063.563000
2064.193000
2064.806000
2065.420000
2066.050000
2066.663000
2067.293000
2067.907000
2068.520000
2069.150000
2069.764000
2070.394000
2071.007000
2071.620000
2072.250000
2072.864000
2073.494000
2074.107000
2074.721000
2075.351000
2075.964000
2076.594000
2077.208000
2077.821000
2078.451000
2079.065000
2079.695000
2080.308000
2080.921000
2081.551000
2082.165000
2082.795000
2083.408000
2084.022000
2084.652000
2085.265000
2085.895000
2086.509000
2087.122000
2087.752000
2088.365000
2088.995000
2089.609000
2090.222000
2090.852000
2091.466000
2092.096000
2092.709000
2093.323000
2093.953000
2094.566000
2095.179000
2095.810000
2096.423000
2097.053000
2097.666000
2098.280000
2098.910000
2099.523000
2100.153000
2100.767000
2101.380000
2102.010000
2102.624000
2103.254000
2103.867000
2104.480000
2105.110000
2105.724000
2106.354000
2106.967000
2107.581000
2108.211000
2108.824000
2109.454000
2110.068000
2110.681000
2111.311000
2111.924000
2112.555000
2113.168000
2113.781000
2114.411000
2122.320000
2122.933000
2123.563000
2124.177000
2124.807000
2125.420000
2126.033000
2126.663000
2127.277000
2127.907000
2128.520000
2129.134000
2129.764000
2130.377000
2131.007000
2131.621000
2132.234000
2132.864000
2133.477000
2134.107000
2134.721000
2135.334000
2135.964000
2136.578000
2137.208000
2137.821000
2138.435000
2139.065000
2139.678000
2140.292000
2140.922000
2141.535000
2142.165000
2142.778000
2143.392000
2144.022000
2144.635000
2145.265000
2145.879000
2146.492000
2147.122000
2147.736000
2148.366000
2148.979000
2149.592000
2150.222000
2150.836000
2151.466000
2152.079000
2152.693000
2153.323000
2153.936000
2154.566000
2155.180000
2155.793000
2156.423000
2157.037000
2157.667000
2158.280000
2158.893000
2159.523000
2160.137000
2160.767000
2161.380000
2161.994000
2162.624000
2163.237000
2163.867000
2164.481000
2165.094000
2165.724000
2166.337000
2166.967000
2167.581000
2168.194000
2168.824000
2169.438000
2170.068000
2170.681000
2171.295000
2171.925000
2172.538000
2173.151000
2173.781000
2174.395000
2182.320000
2182.933000
2183.563000
2184.177000
2184.807000
2185.420000
2186.034000
2186.664000
2187.277000
2187.907000
2188.520000
2189.134000
2189.764000
2190.377000
2191.007000
2191.621000
2192.234000
2192.864000
2193.478000
2194.108000
2194.721000
2195.334000
2195.964000
2196.578000
2197.208000
2197.821000
2198.435000
2199.065000
2199.678000
2200.292000
2200.922000
2201.535000
2202.165000
2202.779000
2203.392000
2204.022000
2204.635000
2205.265000
2205.879000
2206.492000
2207.122000
2207.736000
2208.366000
2208.979000
2209.593000
2210.223000
2210.836000
2211.466000
2212.079000
2212.693000
2213.323000
2213.936000
2214.566000
2215.180000
2215.793000
2216.423000
2217.037000
2217.667000
2218.280000
2218.894000
2219.524000
2220.137000
2220.767000
2221.380000
2221.994000
2222.624000
2223.237000
2223.867000
2224.481000
2225.094000
2225.724000
2226.338000
2226.968000
2227.581000
2228.194000
2228.824000
2229.438000
2230.068000
2230.681000
2231.295000
2231.925000
2232.538000
2233.152000
2233.782000
2234.395000
2242.320000
2242.933000
2243.563000
2244.177000
2244.807000
2245.420000
2246.034000
2246.664000
2247.277000
2247.907000
2248.521000
2249.134000
2249.764000
2250.377000
2251.007000
2251.621000
2252.234000
2252.864000
2253.478000
2254.108000
2254.721000
2255.335000
2255.965000
2256.578000
2257.208000
2257.821000
2258.435000
2259.065000
2259.678000
2260.308000
2260.922000
2261.535000
2262.165000
2262.779000
2263.409000
2264.022000
2264.636000
2265.266000
2265.879000
2266.509000
2267.122000
2267.736000
2268.366000
2268.979000
2269.593000
2270.223000
2270.836000
2271.466000
2272.080000
2272.693000
2273.323000
2273.936000
2274.566000
2275.180000
2275.793000
2276.423000
2277.037000
2277.667000
2278.280000
2278.894000
2279.524000
2280.137000
2280.767000
2281.381000
2281.994000
2282.624000
2283.237000
2283.867000
2284.481000
2285.094000
2285.724000
2286.338000
2286.968000
2287.581000
2288.195000
2288.825000
2289.438000
2290.068000
2290.681000
2291.295000
2291.925000
2292.538000
2293.168000
2293.782000
2294.395000
2302.320000
2302.933000
2303.564000
2304.177000
2304.807000
2305.420000
2306.034000
2306.664000
2307.277000
2307.907000
2308.521000
2309.134000
2309.764000
2310.378000
2311.008000
2311.621000
2312.234000
2312.864000
2313.478000
2314.108000
2314.721000
2315.335000
2315.965000
2316.578000
2317.208000
2317.822000
2318.435000
2319.065000
2319.678000
2320.309000
2320.922000
2321.535000
2322.165000
2322.779000
2323.409000
2324.022000
2324.636000
2325.266000
2325.879000
2326.493000
2327.123000
2327.736000
2328.366000
2328.979000
2329.593000
2330.223000
2330.836000
2331.466000
2332.080000
2332.693000
2333.323000
2333.937000
2334.567000
2335.180000
2335.793000
2336.423000
2337.037000
2337.667000
2338.280000
2338.894000
2339.524000
2340.137000
2340.767000
2341.381000
2341.994000
2342.624000
2343.238000
2343.868000
2344.481000
2345.094000
2345.724000
2346.338000
2346.968000
2347.581000
2348.195000
2348.825000
2349.438000
2350.068000
2350.682000
2351.295000
2351.925000
2352.538000
2353.168000
2353.782000
2354.395000
2362.320000
2362.934000
2363.564000
2364.177000
2364.807000
2365.421000
2366.034000
2366.664000
2367.277000
2367.907000
2368.521000
2369.134000
2369.764000
2370.378000
2371.008000
2371.621000
2372.235000
2372.865000
2373.478000
2374.108000
2374.721000
2375.335000
2375.965000
2376.578000
2377.208000
2377.822000
2378.435000
2379.065000
2379.679000
2380.309000
2380.922000
2381.535000
2382.165000
2382.779000
2383.409000
2384.022000
2384.636000
2385.266000
2385.879000
2386.493000
2387.123000
2387.736000
2388.366000
2388.980000
2389.593000
2390.223000
2390.836000
2391.466000
2392.080000
2392.693000
2393.323000
2393.937000
2394.567000
2395.180000
2395.794000
2396.424000
2397.037000
2397.667000
2398.280000
2398.894000
2399.524000
2400.137000
2400.767000
2401.381000
2401.994000
2402.624000
2403.238000
2403.868000
2404.481000
2405.095000
2405.725000
2406.338000
2406.968000
2407.581000
2408.195000
2408.825000
2409.438000
2410.068000
2410.682000
2411.295000
2411.925000
2412.539000
2413.169000
2413.782000
2414.395000
2422.320000
2422.934000
2423.564000
2424.177000
2424.807000
2425.421000
2426.034000
2426.664000
2427.278000
2427.908000
2428.521000
2429.134000
2429.764000
2430.378000
2431.008000
2431.621000
2432.235000
2432.865000
2433.478000
2434.108000
2434.722000
2435.335000
2435.965000
2436.578000
2437.208000
2437.822000
2438.435000
2439.065000
2439.679000
2440.309000
2440.922000
2441.536000
2442.166000
2442.779000
2443.392000
2444.023000
2444.636000
2445.266000
2445.879000
2446.493000
2447.123000
2447.736000
2448.366000
2448.980000
2449.593000
2450.223000
2450.837000
2451.467000
2452.080000
2452.693000
2453.323000
2453.937000
2454.567000
2455.180000
2455.794000
2456.424000
2457.037000
2457.667000
2458.281000
2458.894000
2459.524000
2460.137000
2460.768000
2461.381000
2461.994000
2462.624000
2463.238000
2463.868000
2464.481000
2465.095000
2465.725000
2466.338000
2466.968000
2467.582000
2468.195000
2468.825000
2469.438000
2470.068000
2470.682000
2471.295000
2471.925000
2472.539000
2473.169000
2473.782000
2474.396000
