1767.293000
1777.207000
1783.408000
1787.121000
1793.322000
1795.809000
1810.680000
1849.608000
1855.809000
1862.010000
1863.253000
1865.723000
1887.293000
1888.520000
1915.809000
1920.766000
1922.010000
1928.210000
1930.681000
1946.050000
1948.520000
1953.494000
1954.721000
1955.964000
1960.921000
1965.895000
1975.809000
1978.280000
1979.523000
1980.766000
1984.480000
1989.454000
1990.681000
1994.411000
2013.494000
2025.895000
2029.609000
2032.096000
2033.322000
2038.280000
2042.010000
2051.924000
2053.168000
2075.964000
2090.852000
2100.767000
2102.010000
2103.254000
2106.967000
2109.454000
2129.764000
2135.964000
2144.635000
2145.879000
2149.592000
2155.793000
2157.037000
2158.280000
2161.994000
2163.237000
2174.395000
2186.034000
2187.277000
2192.234000
2194.721000
2207.122000
2253.478000
2255.965000
2257.208000
2258.435000
2262.165000
2269.593000
2277.037000
2285.724000
2286.968000
2312.234000
2314.721000
2315.965000
2317.208000
2318.435000
2325.879000
2328.366000
2338.280000
2340.767000
2341.994000
2343.238000
2348.195000
2349.438000
2366.034000
2372.235000
2377.208000
2387.123000
2388.366000
2397.037000
2398.280000
2399.524000
2408.195000
2434.722000
2437.208000
2438.435000
2442.166000
2443.392000
2471.925000
