1038.668000
1039.912000
1041.155000
1042.398000
1043.642000
1044.869000
1046.112000
1047.356000
1048.599000
1049.843000
1051.069000
1052.313000
1053.556000
1054.800000
1056.043000
1057.270000
1058.513000
1059.757000
1061.000000
1062.244000
1063.471000
1064.714000
1065.958000
1067.201000
1068.428000
1069.671000
1070.915000
1072.158000
1073.402000
1074.628000
1075.872000
1077.115000
1078.359000
1079.602000
1080.829000
1082.073000
1083.316000
1084.559000
1085.803000
1097.441000
1098.668000
1099.912000
1101.155000
1102.399000
1103.642000
1104.869000
1106.112000
1107.356000
1108.599000
1109.843000
1111.070000
1112.313000
1113.556000
1114.800000
1116.043000
1117.270000
1118.514000
1119.757000
1121.000000
1122.244000
1123.471000
1124.714000
1125.958000
1127.201000
1128.428000
1129.671000
1130.915000
1132.158000
1133.402000
1134.629000
1135.872000
1137.115000
1138.359000
1139.602000
1140.829000
1142.073000
1143.316000
1144.560000
1145.803000
1157.442000
1158.668000
1159.912000
1161.155000
1162.399000
1163.642000
1164.869000
1166.112000
1167.356000
1168.599000
1169.843000
1171.070000
1172.313000
1173.557000
1174.800000
1176.043000
1177.270000
1178.514000
1179.757000
1181.001000
1182.244000
1183.471000
1184.714000
1185.958000
1187.201000
1188.428000
1189.672000
1190.915000
1192.158000
1193.402000
1194.629000
1195.872000
1197.116000
1198.359000
1199.602000
1200.829000
1202.073000
1203.316000
1204.560000
1205.803000
1217.425000
1218.669000
1219.912000
1222.382000
1223.626000
1224.869000
1226.113000
1227.356000
1228.583000
1229.826000
1231.070000
1232.313000
1233.540000
1234.784000
1236.027000
1238.514000
1240.984000
1243.471000
1244.714000
1245.941000
1247.185000
1248.428000
1249.672000
1252.142000
1253.385000
1254.629000
1255.872000
1257.116000
1258.343000
1259.586000
1260.829000
1262.073000
1263.300000
1264.543000
1265.787000
1277.425000
1278.669000
1279.912000
1281.156000
1282.382000
1283.626000
1284.869000
1286.113000
1287.340000
1288.583000
1289.826000
1291.070000
1292.313000
1293.540000
1294.784000
1296.027000
1297.271000
1298.514000
1299.741000
1300.984000
1302.228000
1303.471000
1304.715000
1305.941000
1307.185000
1308.428000
1309.672000
1310.915000
1312.142000
1313.386000
1314.629000
1315.872000
1317.116000
1318.343000
1319.586000
1320.830000
1322.073000
1323.300000
1324.543000
1338.669000
1339.912000
1341.156000
1342.383000
1343.626000
1344.869000
1347.340000
1348.583000
1349.827000
1351.070000
1352.314000
1353.540000
1354.784000
1356.027000
1357.271000
1358.514000
1359.741000
1360.984000
1362.228000
1363.471000
1364.715000
1365.942000
1368.428000
1369.672000
1370.915000
1372.142000
1373.386000
1374.629000
1375.873000
1377.116000
1378.343000
1379.586000
1380.830000
1382.073000
1384.543000
1385.787000
1397.426000
1398.669000
1399.912000
1401.156000
1402.383000
1403.626000
1404.870000
1406.113000
1407.340000
1408.583000
1409.827000
1411.070000
1412.314000
1413.540000
1414.784000
1416.027000
1417.271000
1418.514000
1419.741000
1420.985000
1422.228000
1423.471000
1424.715000
1425.942000
1427.185000
1428.429000
1429.672000
1432.142000
1433.386000
1434.629000
1435.873000
1439.586000
1440.830000
1442.073000
1443.300000
1444.544000
1445.787000
1457.426000
1458.669000
1459.913000
1461.156000
1462.383000
1463.626000
1464.870000
1466.113000
1467.340000
1468.583000
1469.827000
1471.070000
1472.314000
1473.541000
1474.784000
1476.028000
1477.271000
1478.514000
1479.741000
1480.985000
1482.228000
1483.472000
1484.715000
1485.942000
1487.185000
1488.429000
1489.672000
1490.916000
1492.143000
1493.386000
1494.629000
1495.873000
1497.100000
1499.587000
1500.830000
1502.073000
1503.300000
1504.544000
1517.426000
1518.669000
1519.913000
1521.140000
1522.383000
1523.626000
1524.870000
1526.113000
1527.340000
1528.584000
1529.827000
1531.070000
1532.314000
1533.541000
1534.784000
1536.028000
1537.271000
1538.515000
1539.741000
1540.985000
1542.228000
1543.472000
1544.715000
1545.942000
1547.185000
1548.429000
1549.672000
1550.916000
1552.143000
1553.386000
1554.630000
1555.873000
1558.343000
1559.587000
1560.830000
1562.074000
1563.300000
1564.544000
1565.787000
1577.426000
1578.669000
1581.140000
1582.383000
1583.627000
1584.870000
1586.113000
1587.340000
1588.584000
1589.827000
1591.071000
1592.314000
1593.541000
1594.784000
1596.028000
1597.271000
1598.515000
1599.742000
1600.985000
1602.228000
1603.472000
1604.715000
1605.942000
1607.186000
1608.429000
1609.672000
1610.916000
1612.143000
1613.386000
1615.873000
1617.100000
1618.343000
1619.587000
1620.830000
1622.074000
1623.301000
1624.544000
1625.787000
1637.426000
1638.669000
1639.913000
1641.140000
1642.383000
1643.627000
1644.870000
1646.114000
1647.340000
1648.584000
1649.827000
1651.071000
1652.314000
1653.541000
1654.784000
1656.028000
1657.271000
1658.515000
1659.742000
1660.985000
1662.229000
1663.472000
1664.715000
1665.942000
1667.186000
1668.429000
1669.673000
1672.143000
1673.386000
1674.630000
1675.873000
1677.100000
1678.344000
1679.587000
1683.301000
1684.544000
1685.788000
1697.426000
1698.670000
1699.913000
1701.140000
1702.383000
1703.627000
1704.870000
1706.114000
1707.341000
1708.584000
1709.827000
1711.071000
1712.314000
1713.541000
1714.785000
1716.028000
1717.271000
1718.515000
1719.742000
1720.985000
1722.229000
1723.472000
1725.942000
1727.186000
1728.429000
1729.673000
1730.900000
1732.143000
1733.386000
1734.630000
1735.873000
1738.344000
1739.587000
1740.831000
1742.074000
1743.301000
1744.544000
1745.788000
