1041.768000
1043.012000
1044.255000
1045.499000
1046.742000
1047.969000
1049.213000
1050.456000
1052.943000
1054.170000
1055.413000
1056.657000
1057.900000
1059.143000
1060.370000
1061.614000
1064.101000
1065.328000
1066.571000
1067.814000
1069.058000
1070.301000
1071.528000
1072.772000
1074.015000
1075.258000
1076.502000
1077.729000
1078.972000
1080.216000
1082.703000
1083.929000
1086.416000
1098.055000
1099.298000
1100.542000
1101.769000
1103.012000
1104.255000
1105.499000
1106.742000
1107.969000
1112.943000
1114.170000
1115.413000
1117.900000
1120.370000
1122.857000
1125.328000
1126.571000
1129.058000
1130.301000
1131.528000
1132.772000
1134.015000
1137.729000
1138.972000
1140.216000
1141.459000
1142.703000
1143.929000
1146.416000
1158.055000
1160.542000
1161.769000
1163.012000
1164.256000
1165.499000
1166.742000
1170.456000
1171.700000
1172.943000
1174.170000
1175.413000
1176.657000
1177.900000
1179.144000
1180.371000
1181.614000
1184.101000
1185.328000
1187.815000
1189.058000
1191.528000
1192.772000
1194.015000
1195.259000
1200.216000
1202.703000
1203.930000
1205.173000
1206.417000
1220.525000
1224.256000
1226.726000
1227.969000
1230.440000
1231.683000
1234.170000
1236.640000
1237.884000
1244.084000
1245.328000
1246.571000
1247.815000
1249.042000
1250.285000
1254.015000
1255.242000
1257.729000
1260.216000
1266.400000
1279.282000
1281.769000
1289.213000
1292.927000
1294.170000
1295.414000
1300.371000
1302.841000
1304.085000
1305.328000
1306.571000
1307.815000
1311.529000
1312.772000
1314.016000
1317.729000
1318.973000
1320.200000
1321.443000
1322.686000
1325.173000
1338.055000
1339.282000
1340.526000
1343.013000
1344.256000
1345.483000
1346.726000
1349.213000
1350.440000
1352.927000
1355.414000
1356.641000
1359.128000
1362.841000
1365.328000
1366.572000
1369.042000
1370.285000
1371.529000
1376.486000
1378.973000
1381.443000
1382.687000
1383.930000
1386.400000
1398.056000
1399.282000
1401.769000
1403.013000
1405.483000
1407.970000
1409.213000
1411.684000
1412.927000
1415.414000
1419.128000
1420.371000
1424.085000
1425.328000
1429.042000
1431.529000
1432.772000
1434.016000
1435.243000
1436.486000
1440.200000
1442.687000
1445.174000
1458.056000
1459.283000
1461.769000
1464.240000
1466.727000
1467.970000
1469.213000
1470.440000
1471.684000
1472.927000
1474.171000
1479.128000
1480.371000
1481.615000
1482.842000
1484.085000
1485.328000
1486.572000
1489.042000
1491.529000
1492.773000
1494.016000
1495.243000
1497.730000
1498.973000
1500.200000
1501.443000
1503.930000
1505.174000
1506.401000
1518.056000
1519.283000
1520.526000
1521.770000
1524.240000
1525.483000
1526.727000
1527.970000
1529.214000
1530.440000
1531.684000
1534.171000
1536.641000
1537.885000
1539.128000
1540.371000
1542.842000
1544.085000
1546.572000
1549.042000
1551.529000
1553.999000
1555.243000
1556.486000
1557.730000
1558.973000
1560.200000
1561.444000
1562.687000
1563.930000
1578.056000
1579.283000
1581.770000
1583.013000
1585.483000
1587.970000
1589.214000
1591.684000
1592.927000
1594.171000
1595.414000
1596.641000
1597.885000
1599.128000
1600.372000
1601.615000
1602.842000
1604.085000
1605.329000
1606.572000
1610.286000
1611.529000
1614.000000
1615.243000
1616.487000
1618.973000
1620.200000
1621.444000
1623.931000
1626.401000
1639.283000
1640.526000
1641.770000
1644.240000
1645.484000
1646.727000
1647.970000
1649.214000
1650.441000
1651.684000
1655.414000
1656.641000
1657.885000
1659.128000
1660.372000
1661.615000
1662.842000
1664.085000
1665.329000
1666.572000
1669.043000
1675.243000
1676.487000
1678.974000
1681.444000
1683.931000
1685.174000
1698.040000
1699.283000
1700.526000
1701.770000
1703.013000
1704.240000
1705.484000
1707.971000
1709.214000
1710.441000
1712.928000
1714.171000
1715.415000
1716.641000
1719.128000
1721.615000
1722.842000
1727.816000
1729.043000
1730.286000
1731.530000
1732.773000
1734.000000
1735.243000
1736.487000
1738.974000
1740.201000
1742.687000
1743.931000
1745.174000
1746.401000
