310.675000
311.289000
311.902000
312.532000
313.145000
313.775000
314.389000
315.002000
315.632000
316.246000
316.876000
317.489000
318.102000
318.733000
319.346000
319.976000
320.589000
321.203000
321.203000
321.833000
322.446000
323.076000
323.690000
324.303000
324.933000
325.547000
326.177000
326.790000
328.647000
329.277000
329.890000
330.504000
331.134000
331.747000
332.361000
333.604000
334.234000
334.848000
335.461000
336.091000
336.704000
337.334000
337.948000
338.561000
339.191000
339.805000
340.435000
341.048000
341.662000
342.292000
342.905000
343.535000
344.148000
344.762000
345.392000
346.005000
346.635000
347.249000
347.862000
349.736000
350.349000
350.962000
351.592000
352.206000
352.836000
353.449000
354.063000
354.693000
355.306000
357.163000
357.793000
358.407000
369.432000
370.045000
370.675000
371.289000
371.902000
372.532000
373.145000
373.775000
374.389000
375.002000
375.632000
376.246000
376.876000
377.489000
378.103000
378.733000
379.346000
379.976000
380.590000
381.203000
381.833000
382.446000
383.076000
383.690000
384.303000
384.933000
385.547000
386.177000
386.790000
387.404000
388.034000
388.647000
389.277000
389.890000
390.504000
391.134000
391.747000
392.361000
392.991000
393.604000
394.234000
394.848000
395.461000
396.091000
396.704000
397.334000
397.948000
398.561000
399.191000
399.805000
400.435000
401.662000
402.292000
402.905000
403.535000
404.149000
404.762000
405.392000
406.005000
406.635000
407.249000
407.862000
408.492000
409.106000
409.736000
410.349000
410.963000
411.593000
412.206000
412.836000
413.449000
414.063000
414.693000
415.306000
415.936000
416.550000
417.163000
417.793000
418.407000
429.415000
430.045000
430.659000
431.272000
431.902000
432.516000
433.146000
433.759000
434.389000
435.616000
436.246000
436.859000
437.473000
438.103000
438.716000
439.346000
439.960000
440.573000
441.203000
441.817000
442.447000
443.060000
443.673000
444.303000
444.917000
445.547000
446.160000
446.774000
447.404000
448.017000
448.647000
449.261000
450.504000
451.117000
451.747000
452.361000
452.974000
453.604000
454.218000
454.848000
455.461000
456.075000
456.705000
457.318000
457.948000
458.561000
459.175000
460.418000
461.048000
461.662000
462.275000
462.905000
463.519000
464.149000
464.762000
465.376000
466.006000
466.619000
467.249000
468.476000
469.106000
470.963000
471.576000
472.820000
473.433000
474.063000
474.676000
475.306000
475.920000
476.533000
477.163000
477.777000
478.407000
489.432000
490.045000
490.675000
491.289000
491.902000
492.532000
493.146000
494.389000
495.003000
495.633000
496.246000
496.876000
497.489000
498.103000
498.733000
499.346000
499.976000
500.590000
501.203000
501.833000
502.447000
503.077000
503.690000
504.304000
504.934000
505.547000
506.177000
506.177000
506.790000
507.404000
508.034000
508.647000
509.261000
509.891000
510.504000
511.134000
511.748000
512.361000
512.991000
513.604000
514.234000
514.848000
515.461000
516.091000
516.705000
517.335000
517.948000
519.805000
520.435000
521.049000
521.662000
522.292000
522.905000
523.535000
524.149000
524.762000
525.392000
526.006000
526.636000
527.249000
527.863000
528.493000
529.106000
529.736000
530.349000
530.963000
531.593000
532.206000
532.836000
533.450000
534.063000
534.693000
535.307000
535.937000
536.550000
537.164000
537.794000
538.407000
550.046000
550.676000
551.289000
551.902000
552.532000
553.146000
553.776000
554.389000
555.003000
555.633000
556.246000
556.876000
557.490000
558.103000
558.733000
559.346000
559.976000
560.590000
561.203000
561.833000
562.447000
563.077000
563.690000
564.304000
564.934000
565.547000
566.161000
566.791000
567.404000
568.034000
569.261000
569.891000
571.134000
571.748000
572.361000
574.235000
574.848000
575.461000
576.091000
576.705000
577.335000
577.948000
578.562000
579.192000
579.805000
580.435000
581.049000
581.049000
581.662000
582.292000
582.906000
583.536000
584.149000
584.762000
585.392000
586.006000
586.636000
587.249000
587.863000
588.493000
589.106000
589.736000
590.350000
590.963000
593.450000
594.063000
594.693000
595.307000
595.937000
596.550000
597.164000
597.794000
598.407000
609.432000
610.046000
610.676000
611.289000
611.903000
612.533000
613.146000
613.776000
614.389000
615.003000
615.633000
616.246000
616.876000
617.490000
618.103000
618.733000
619.977000
620.590000
621.204000
621.833000
622.447000
623.060000
623.690000
624.934000
625.547000
626.161000
626.791000
627.404000
628.034000
628.648000
629.261000
630.504000
631.134000
631.748000
632.361000
632.991000
634.235000
636.092000
636.705000
637.335000
637.948000
638.562000
639.192000
639.805000
640.435000
642.906000
644.149000
644.763000
645.393000
646.006000
646.636000
647.249000
647.863000
648.493000
649.106000
649.736000
650.350000
650.963000
651.593000
652.207000
652.837000
654.693000
655.307000
655.937000
656.550000
657.164000
658.407000
669.432000
670.046000
670.676000
671.289000
671.903000
672.533000
673.146000
673.776000
674.390000
675.003000
675.633000
676.246000
676.876000
677.490000
678.103000
678.733000
679.347000
679.977000
680.590000
681.204000
681.834000
682.447000
683.077000
683.690000
684.304000
684.934000
685.547000
686.161000
686.791000
687.404000
688.648000
689.261000
689.891000
690.505000
691.135000
691.748000
692.361000
692.991000
693.605000
694.235000
694.848000
695.462000
696.092000
696.705000
697.335000
697.949000
698.562000
699.192000
699.805000
700.435000
701.049000
701.662000
702.292000
702.906000
703.536000
704.149000
704.763000
705.393000
706.006000
706.636000
707.250000
707.863000
708.493000
709.106000
709.736000
710.350000
710.963000
711.593000
712.207000
712.837000
713.450000
714.064000
714.694000
715.307000
715.937000
716.550000
717.164000
717.794000
729.433000
730.046000
730.676000
731.289000
731.903000
732.533000
733.146000
733.776000
735.003000
735.633000
736.247000
736.877000
737.490000
738.103000
738.733000
739.347000
739.977000
740.590000
741.204000
741.204000
741.834000
742.447000
743.061000
743.691000
744.304000
745.548000
746.161000
746.791000
747.404000
748.034000
749.261000
749.891000
750.505000
751.135000
751.748000
752.362000
752.992000
753.605000
754.235000
754.848000
755.462000
756.705000
757.335000
757.949000
758.562000
759.192000
759.806000
761.049000
761.662000
762.292000
762.906000
763.536000
764.149000
764.763000
766.006000
766.636000
767.250000
767.863000
768.493000
769.737000
770.350000
770.963000
771.593000
772.207000
775.921000
776.551000
777.164000
777.794000
778.407000
789.433000
790.046000
790.676000
791.290000
791.903000
792.533000
793.146000
793.776000
794.390000
795.003000
795.633000
796.247000
796.877000
797.490000
798.104000
798.734000
799.347000
799.977000
800.590000
801.204000
801.834000
802.447000
803.061000
803.691000
804.934000
805.548000
806.161000
806.791000
808.035000
808.648000
809.261000
809.891000
810.505000
811.135000
812.362000
812.992000
813.605000
814.235000
814.849000
815.462000
816.092000
816.705000
817.335000
817.949000
818.562000
819.806000
821.663000
822.293000
823.536000
824.763000
825.393000
826.006000
826.636000
827.250000
827.863000
828.493000
829.107000
829.737000
830.350000
830.964000
831.594000
832.207000
832.837000
833.450000
834.064000
834.694000
835.307000
835.921000
836.551000
837.164000
837.794000
849.416000
850.046000
850.660000
851.273000
851.903000
852.517000
853.147000
853.760000
854.373000
855.003000
855.617000
856.247000
856.247000
856.860000
857.474000
858.104000
858.717000
859.347000
859.961000
860.574000
861.204000
861.817000
862.447000
863.061000
863.674000
864.304000
864.918000
865.548000
866.161000
866.775000
867.405000
868.018000
869.875000
870.505000
871.118000
871.748000
872.362000
872.975000
873.605000
874.219000
874.849000
875.462000
876.076000
877.319000
877.949000
878.562000
879.176000
879.806000
880.419000
881.033000
881.663000
882.276000
882.906000
883.520000
884.133000
884.763000
885.376000
886.007000
887.233000
887.863000
888.477000
889.720000
890.334000
890.964000
891.577000
893.434000
894.064000
894.677000
895.307000
895.921000
897.164000
897.778000
898.408000
910.046000
910.660000
911.273000
911.903000
912.517000
913.147000
913.760000
914.374000
915.004000
915.617000
916.247000
916.860000
917.474000
918.104000
918.717000
919.347000
919.961000
920.574000
921.204000
921.818000
922.448000
923.061000
923.674000
924.304000
924.918000
925.548000
926.775000
927.405000
928.018000
928.648000
929.262000
929.875000
930.505000
931.749000
932.362000
932.975000
933.605000
934.219000
934.849000
936.076000
936.706000
937.319000
937.933000
939.806000
940.419000
941.033000
941.033000
941.663000
942.276000
942.906000
943.520000
944.133000
944.763000
945.377000
946.007000
946.620000
947.233000
949.107000
949.720000
950.334000
950.964000
952.207000
952.821000
953.434000
954.064000
954.678000
955.308000
956.534000
957.164000
957.778000
958.408000
969.416000
970.046000
970.660000
971.273000
971.903000
972.517000
973.147000
973.760000
974.374000
975.004000
975.617000
976.247000
976.861000
977.474000
978.104000
978.717000
979.961000
980.574000
981.204000
981.818000
982.448000
983.061000
983.675000
984.305000
984.918000
985.548000
986.161000
986.775000
989.875000
990.505000
991.119000
991.749000
992.976000
993.606000
994.219000
994.849000
995.462000
996.076000
996.706000
997.319000
997.933000
998.563000
999.806000
1000.420000
1001.033000
1001.663000
1002.276000
1002.906000
1003.520000
1004.133000
1004.763000
1005.377000
1006.007000
1006.620000
1007.234000
1007.864000
1009.107000
1009.721000
1010.334000
1011.577000
1012.207000
1012.821000
1013.434000
1014.064000
1014.678000
1015.308000
1015.921000
1016.535000
1018.408000
