312.532000
315.002000
316.246000
319.976000
321.203000
323.690000
324.933000
328.647000
329.890000
332.361000
337.334000
350.962000
352.206000
375.002000
381.203000
382.446000
387.404000
392.361000
393.604000
396.091000
406.005000
407.249000
437.473000
438.716000
443.673000
447.404000
451.117000
452.361000
453.604000
454.848000
477.163000
497.489000
506.177000
511.134000
521.049000
526.006000
533.450000
550.046000
551.289000
562.447000
572.361000
574.848000
581.049000
584.762000
612.533000
616.246000
618.733000
619.977000
644.763000
672.533000
686.161000
688.648000
691.135000
706.006000
714.694000
730.046000
731.289000
733.776000
737.490000
741.204000
743.691000
746.161000
754.848000
759.806000
763.536000
766.006000
770.963000
792.533000
795.003000
798.734000
802.447000
803.691000
808.648000
812.362000
813.605000
814.849000
826.006000
829.737000
851.273000
853.760000
856.247000
861.204000
869.875000
874.849000
876.076000
877.319000
883.520000
890.964000
917.474000
919.961000
924.918000
937.319000
941.033000
949.720000
953.434000
954.678000
970.046000
986.161000
991.119000
993.606000
998.563000
1002.276000
1006.007000
1012.207000
1013.434000
1014.678000
1018.408000
