1034.341000
1034.954000
1035.568000
1036.198000
1036.811000
1037.441000
1038.055000
1038.668000
1039.298000
1039.912000
1040.542000
1041.155000
1041.768000
1042.398000
1043.012000
1043.642000
1044.255000
1044.869000
1045.499000
1046.112000
1046.742000
1047.356000
1047.969000
1048.599000
1049.213000
1049.843000
1050.456000
1051.069000
1051.699000
1052.313000
1052.943000
1053.556000
1054.170000
1054.800000
1055.413000
1056.043000
1056.657000
1057.270000
1057.900000
1058.513000
1059.143000
1059.757000
1060.370000
1061.000000
1061.614000
1062.244000
1062.857000
1063.471000
1064.101000
1064.714000
1065.328000
1065.958000
1066.571000
1067.201000
1067.814000
1068.428000
1069.058000
1069.671000
1070.301000
1070.915000
1071.528000
1072.158000
1072.772000
1073.402000
1074.015000
1074.628000
1075.258000
1075.872000
1076.502000
1077.115000
1077.729000
1078.359000
1078.972000
1079.602000
1080.216000
1080.829000
1081.459000
1082.073000
1082.703000
1083.316000
1083.929000
1084.559000
1085.173000
1085.803000
1086.416000
1094.341000
1094.955000
1095.568000
1096.198000
1096.811000
1097.441000
1098.055000
1098.668000
1099.298000
1099.912000
1100.542000
1101.155000
1101.769000
1102.399000
1103.012000
1103.642000
1104.255000
1104.869000
1105.499000
1106.112000
1106.742000
1107.356000
1107.969000
1108.599000
1109.213000
1109.843000
1110.456000
1111.070000
1111.700000
1112.313000
1112.943000
1113.556000
1114.170000
1114.800000
1115.413000
1116.043000
1116.657000
1117.270000
1117.900000
1118.514000
1119.144000
1119.757000
1120.370000
1121.000000
1121.614000
1122.244000
1122.857000
1123.471000
1124.101000
1124.714000
1125.328000
1125.958000
1126.571000
1127.201000
1127.815000
1128.428000
1129.058000
1129.671000
1130.301000
1130.915000
1131.528000
1132.158000
1132.772000
1133.402000
1134.015000
1134.629000
1135.259000
1135.872000
1136.502000
1137.115000
1137.729000
1138.359000
1138.972000
1139.602000
1140.216000
1140.829000
1141.459000
1142.073000
1142.703000
1143.316000
1143.929000
1144.560000
1145.173000
1145.803000
1146.416000
1154.341000
1154.955000
1155.568000
1156.198000
1156.812000
1157.442000
1158.055000
1158.668000
1159.298000
1159.912000
1160.542000
1161.155000
1161.769000
1162.399000
1163.012000
1163.642000
1164.256000
1164.869000
1165.499000
1166.112000
1166.742000
1167.356000
1167.969000
1168.599000
1169.213000
1169.843000
1170.456000
1171.070000
1171.700000
1172.313000
1172.943000
1173.557000
1174.170000
1174.800000
1175.413000
1176.043000
1176.657000
1177.270000
1177.900000
1178.514000
1179.144000
1179.757000
1180.371000
1181.001000
1181.614000
1182.244000
1182.857000
1183.471000
1184.101000
1184.714000
1185.328000
1185.958000
1186.571000
1187.201000
1187.815000
1188.428000
1189.058000
1189.672000
1190.302000
1190.915000
1191.528000
1192.158000
1192.772000
1193.402000
1194.015000
1194.629000
1195.259000
1195.872000
1196.502000
1197.116000
1197.729000
1198.359000
1198.972000
1199.602000
1200.216000
1200.829000
1201.459000
1202.073000
1202.703000
1203.316000
1203.930000
1204.560000
1205.173000
1205.803000
1206.417000
1214.325000
1214.955000
1215.568000
1216.182000
1216.812000
1217.425000
1218.055000
1218.669000
1219.282000
1219.912000
1220.525000
1221.155000
1221.769000
1222.382000
1223.012000
1223.626000
1224.256000
1224.869000
1225.483000
1226.113000
1226.726000
1227.356000
1227.969000
1228.583000
1229.213000
1229.826000
1230.440000
1231.070000
1231.683000
1232.313000
1232.927000
1233.540000
1234.170000
1234.784000
1235.414000
1236.027000
1236.640000
1237.270000
1237.884000
1238.514000
1239.127000
1239.741000
1240.371000
1240.984000
1241.614000
1242.228000
1242.841000
1243.471000
1244.084000
1244.714000
1245.328000
1245.941000
1246.571000
1247.185000
1247.815000
1248.428000
1249.042000
1249.672000
1250.285000
1250.915000
1251.529000
1252.142000
1252.772000
1253.385000
1254.015000
1254.629000
1255.242000
1255.872000
1256.486000
1257.116000
1257.729000
1258.343000
1258.973000
1259.586000
1260.216000
1260.829000
1261.443000
1262.073000
1262.686000
1263.300000
1263.930000
1264.543000
1265.173000
1265.787000
1266.400000
1274.325000
1274.955000
1275.568000
1276.182000
1276.812000
1277.425000
1278.055000
1278.669000
1279.282000
1279.912000
1280.526000
1281.156000
1281.769000
1282.382000
1283.012000
1283.626000
1284.256000
1284.869000
1285.483000
1286.113000
1286.726000
1287.340000
1287.970000
1288.583000
1289.213000
1289.826000
1290.440000
1291.070000
1291.683000
1292.313000
1292.927000
1293.540000
1294.170000
1294.784000
1295.414000
1296.027000
1296.641000
1297.271000
1297.884000
1298.514000
1299.127000
1299.741000
1300.371000
1300.984000
1301.614000
1302.228000
1302.841000
1303.471000
1304.085000
1304.715000
1305.328000
1305.941000
1306.571000
1307.185000
1307.815000
1308.428000
1309.042000
1309.672000
1310.285000
1310.915000
1311.529000
1312.142000
1312.772000
1313.386000
1314.016000
1314.629000
1315.242000
1315.872000
1316.486000
1317.116000
1317.729000
1318.343000
1318.973000
1319.586000
1320.200000
1320.830000
1321.443000
1322.073000
1322.686000
1323.300000
1323.930000
1324.543000
1325.173000
1325.787000
1326.400000
1334.325000
1334.955000
1335.569000
1336.182000
1336.812000
1337.425000
1338.055000
1338.669000
1339.282000
1339.912000
1340.526000
1341.156000
1341.769000
1342.383000
1343.013000
1343.626000
1344.256000
1344.869000
1345.483000
1346.113000
1346.726000
1347.340000
1347.970000
1348.583000
1349.213000
1349.827000
1350.440000
1351.070000
1351.683000
1352.314000
1352.927000
1353.540000
1354.170000
1354.784000
1355.414000
1356.027000
1356.641000
1357.271000
1357.884000
1358.514000
1359.128000
1359.741000
1360.371000
1360.984000
1361.614000
1362.228000
1362.841000
1363.471000
1364.085000
1364.715000
1365.328000
1365.942000
1366.572000
1367.185000
1367.815000
1368.428000
1369.042000
1369.672000
1370.285000
1370.915000
1371.529000
1372.142000
1372.772000
1373.386000
1374.016000
1374.629000
1375.243000
1375.873000
1376.486000
1377.116000
1377.729000
1378.343000
1378.973000
1379.586000
1380.200000
1380.830000
1381.443000
1382.073000
1382.687000
1383.300000
1383.930000
1384.543000
1385.173000
1385.787000
1386.400000
1394.325000
1394.955000
1395.569000
1396.182000
1396.812000
1397.426000
1398.056000
1398.669000
1399.282000
1399.912000
1400.526000
1401.156000
1401.769000
1402.383000
1403.013000
1403.626000
1404.240000
1404.870000
1405.483000
1406.113000
1406.726000
1407.340000
1407.970000
1408.583000
1409.213000
1409.827000
1410.440000
1411.070000
1411.684000
1412.314000
1412.927000
1413.540000
1414.171000
1414.784000
1415.414000
1416.027000
1416.641000
1417.271000
1417.884000
1418.514000
1419.128000
1419.741000
1420.371000
1420.985000
1421.615000
1422.228000
1422.841000
1423.471000
1424.085000
1424.715000
1425.328000
1425.942000
1426.572000
1427.185000
1427.815000
1428.429000
1429.042000
1429.672000
1430.285000
1430.916000
1431.529000
1432.142000
1432.772000
1433.386000
1434.016000
1434.629000
1435.243000
1435.873000
1436.486000
1437.100000
1437.730000
1438.343000
1438.973000
1439.586000
1440.200000
1440.830000
1441.443000
1442.073000
1442.687000
1443.300000
1443.930000
1444.544000
1445.174000
1445.787000
1446.400000
1454.325000
1454.955000
1455.569000
1456.182000
1456.812000
1457.426000
1458.056000
1458.669000
1459.283000
1459.913000
1460.526000
1461.156000
1461.769000
1462.383000
1463.013000
1463.626000
1464.240000
1464.870000
1465.483000
1466.113000
1466.727000
1467.340000
1467.970000
1468.583000
1469.213000
1469.827000
1470.440000
1471.070000
1471.684000
1472.314000
1472.927000
1473.541000
1474.171000
1474.784000
1475.414000
1476.028000
1476.641000
1477.271000
1477.884000
1478.514000
1479.128000
1479.741000
1480.371000
1480.985000
1481.615000
1482.228000
1482.842000
1483.472000
1484.085000
1484.715000
1485.328000
1485.942000
1486.572000
1487.185000
1487.815000
1488.429000
1489.042000
1489.672000
1490.286000
1490.916000
1491.529000
1492.143000
1492.773000
1493.386000
1494.016000
1494.629000
1495.243000
1495.873000
1496.486000
1497.100000
1497.730000
1498.343000
1498.973000
1499.587000
1500.200000
1500.830000
1501.443000
1502.073000
1502.687000
1503.300000
1503.930000
1504.544000
1505.174000
1505.787000
1506.401000
1514.325000
1514.955000
1515.569000
1516.182000
1516.812000
1517.426000
1518.056000
1518.669000
1519.283000
1519.913000
1520.526000
1521.140000
1521.770000
1522.383000
1523.013000
1523.626000
1524.240000
1524.870000
1525.483000
1526.113000
1526.727000
1527.340000
1527.970000
1528.584000
1529.214000
1529.827000
1530.440000
1531.070000
1531.684000
1532.314000
1532.927000
1533.541000
1534.171000
1534.784000
1535.414000
1536.028000
1536.641000
1537.271000
1537.885000
1538.515000
1539.128000
1539.741000
1540.371000
1540.985000
1541.615000
1542.228000
1542.842000
1543.472000
1544.085000
1544.715000
1545.329000
1545.942000
1546.572000
1547.185000
1547.815000
1548.429000
1549.042000
1549.672000
1550.286000
1550.916000
1551.529000
1552.143000
1552.773000
1553.386000
1553.999000
1554.630000
1555.243000
1555.873000
1556.486000
1557.100000
1557.730000
1558.343000
1558.973000
1559.587000
1560.200000
1560.830000
1561.444000
1562.074000
1562.687000
1563.300000
1563.930000
1564.544000
1565.174000
1565.787000
1566.401000
1574.326000
1574.956000
1575.569000
1576.182000
1576.812000
1577.426000
1578.056000
1578.669000
1579.283000
1579.913000
1580.526000
1581.140000
1581.770000
1582.383000
1583.013000
1583.627000
1584.240000
1584.870000
1585.483000
1586.113000
1586.727000
1587.340000
1587.970000
1588.584000
1589.214000
1589.827000
1590.441000
1591.071000
1591.684000
1592.314000
1592.927000
1593.541000
1594.171000
1594.784000
1595.414000
1596.028000
1596.641000
1597.271000
1597.885000
1598.515000
1599.128000
1599.742000
1600.372000
1600.985000
1601.615000
1602.228000
1602.842000
1603.472000
1604.085000
1604.715000
1605.329000
1605.942000
1606.572000
1607.186000
1607.816000
1608.429000
1609.042000
1609.672000
1610.286000
1610.916000
1611.529000
1612.143000
1612.773000
1613.386000
1614.000000
1614.630000
1615.243000
1615.873000
1616.487000
1617.100000
1617.730000
1618.343000
1618.973000
1619.587000
1620.200000
1620.830000
1621.444000
1622.074000
1622.687000
1623.301000
1623.931000
1624.544000
1625.174000
1625.787000
1626.401000
1634.326000
1634.956000
1635.569000
1636.183000
1636.813000
1637.426000
1638.056000
1638.669000
1639.283000
1639.913000
1640.526000
1641.140000
1641.770000
1642.383000
1643.013000
1643.627000
1644.240000
1644.870000
1645.484000
1646.114000
1646.727000
1647.340000
1647.970000
1648.584000
1649.214000
1649.827000
1650.441000
1651.071000
1651.684000
1652.314000
1652.928000
1653.541000
1654.171000
1654.784000
1655.414000
1656.028000
1656.641000
1657.271000
1657.885000
1658.515000
1659.128000
1659.742000
1660.372000
1660.985000
1661.615000
1662.229000
1662.842000
1663.472000
1664.085000
1664.715000
1665.329000
1665.942000
1666.572000
1667.186000
1667.816000
1668.429000
1669.043000
1669.673000
1670.286000
1670.916000
1671.529000
1672.143000
1672.773000
1673.386000
1674.000000
1674.630000
1675.243000
1675.873000
1676.487000
1677.100000
1677.730000
1678.344000
1678.974000
1679.587000
1680.200000
1680.830000
1681.444000
1682.074000
1682.687000
1683.301000
1683.931000
1684.544000
1685.174000
1685.788000
1686.401000
1694.326000
1694.956000
1695.569000
1696.183000
1696.813000
1697.426000
1698.040000
1698.670000
1699.283000
1699.913000
1700.526000
1701.140000
1701.770000
1702.383000
1703.013000
1703.627000
1704.240000
1704.870000
1705.484000
1706.114000
1706.727000
1707.341000
1707.971000
1708.584000
1709.214000
1709.827000
1710.441000
1711.071000
1711.684000
1712.314000
1712.928000
1713.541000
1714.171000
1714.785000
1715.415000
1716.028000
1716.641000
1717.271000
1717.885000
1718.515000
1719.128000
1719.742000
1720.372000
1720.985000
1721.615000
1722.229000
1722.842000
1723.472000
1724.086000
1724.716000
1725.329000
1725.942000
1726.572000
1727.186000
1727.816000
1728.429000
1729.043000
1729.673000
1730.286000
1730.900000
1731.530000
1732.143000
1732.773000
1733.386000
1734.000000
1734.630000
1735.243000
1735.873000
1736.487000
1737.100000
1737.730000
1738.344000
1738.974000
1739.587000
1740.201000
1740.831000
1741.444000
1742.074000
1742.687000
1743.301000
1743.931000
1744.544000
1745.174000
1745.788000
1746.401000
