1766.663000
1767.906000
1769.149000
1770.393000
1771.620000
1772.863000
1774.107000
1776.594000
1777.820000
1779.064000
1780.307000
1781.551000
1782.794000
1784.021000
1785.264000
1786.508000
1787.751000
1788.995000
1790.222000
1791.465000
1792.709000
1793.952000
1795.195000
1796.422000
1797.666000
1798.909000
1800.153000
1801.396000
1802.623000
1803.866000
1805.110000
1806.353000
1807.580000
1808.824000
1810.067000
1811.310000
1813.781000
1825.436000
1826.663000
1827.906000
1829.150000
1830.393000
1831.620000
1832.863000
1834.107000
1835.350000
1836.594000
1837.821000
1839.064000
1841.551000
1842.794000
1844.021000
1845.265000
1846.508000
1847.751000
1848.995000
1850.222000
1851.465000
1852.709000
1853.952000
1855.196000
1856.422000
1857.666000
1858.909000
1861.380000
1862.623000
1863.866000
1865.110000
1866.353000
1867.580000
1868.824000
1870.067000
1871.311000
1872.554000
1873.781000
1885.436000
1886.663000
1887.906000
1889.150000
1890.393000
1891.620000
1892.863000
1894.107000
1895.350000
1896.594000
1897.821000
1899.064000
1900.308000
1901.551000
1902.794000
1904.021000
1905.265000
1906.508000
1907.752000
1908.995000
1910.222000
1911.465000
1912.709000
1913.952000
1915.196000
1916.423000
1917.666000
1918.909000
1920.153000
1921.380000
1922.623000
1923.867000
1925.110000
1926.353000
1927.580000
1930.067000
1931.311000
1932.554000
1933.781000
1945.420000
1946.663000
1947.906000
1949.150000
1950.393000
1951.620000
1952.864000
1954.107000
1955.351000
1956.594000
1957.821000
1959.064000
1960.308000
1961.551000
1962.795000
1964.021000
1965.265000
1966.508000
1967.752000
1968.995000
1970.222000
1971.465000
1972.709000
1973.952000
1975.196000
1976.423000
1977.666000
1978.910000
1980.153000
1981.380000
1983.867000
1985.110000
1986.354000
1988.824000
1990.067000
1991.311000
1992.554000
1993.781000
2005.420000
2006.663000
2007.907000
2009.150000
2011.620000
2012.864000
2015.351000
2016.594000
2019.064000
2020.308000
2021.551000
2022.795000
2024.022000
2025.265000
2026.508000
2027.752000
2028.995000
2030.222000
2031.466000
2032.709000
2033.953000
2035.196000
2036.423000
2037.666000
2038.910000
2040.153000
2041.380000
2042.623000
2043.867000
2045.110000
2046.354000
2047.581000
2048.824000
2050.067000
2051.311000
2052.554000
2053.781000
2065.420000
2067.907000
2069.150000
2070.394000
2071.620000
2072.864000
2074.107000
2075.351000
2076.594000
2077.821000
2079.065000
2080.308000
2081.551000
2082.795000
2084.022000
2085.265000
2086.509000
2087.752000
2088.995000
2090.222000
2091.466000
2092.709000
2093.953000
2095.179000
2096.423000
2097.666000
2098.910000
2101.380000
2102.624000
2103.867000
2105.110000
2106.354000
2107.581000
2108.824000
2110.068000
2111.311000
2112.555000
2113.781000
2125.420000
2126.663000
2127.907000
2129.134000
2130.377000
2131.621000
2132.864000
2134.107000
2135.334000
2136.578000
2137.821000
2139.065000
2140.292000
2141.535000
2142.778000
2145.265000
2146.492000
2147.736000
2150.222000
2151.466000
2152.693000
2153.936000
2155.180000
2156.423000
2157.667000
2160.137000
2161.380000
2162.624000
2163.867000
2165.094000
2167.581000
2168.824000
2171.295000
2172.538000
2173.781000
2186.664000
2187.907000
2189.134000
2190.377000
2191.621000
2192.864000
2194.108000
2195.334000
2196.578000
2197.821000
2199.065000
2200.292000
2201.535000
2204.022000
2205.265000
2206.492000
2207.736000
2208.979000
2210.223000
2211.466000
2212.693000
2213.936000
2215.180000
2216.423000
2217.667000
2218.894000
2221.380000
2223.867000
2225.094000
2226.338000
2227.581000
2228.824000
2230.068000
2231.295000
2232.538000
2233.782000
2245.420000
2246.664000
2247.907000
2249.134000
2250.377000
2251.621000
2252.864000
2254.108000
2255.335000
2256.578000
2257.821000
2259.065000
2260.308000
2261.535000
2262.779000
2264.022000
2265.266000
2266.509000
2267.736000
2268.979000
2270.223000
2271.466000
2272.693000
2273.936000
2276.423000
2277.667000
2278.894000
2280.137000
2281.381000
2282.624000
2283.867000
2285.094000
2286.338000
2287.581000
2288.825000
2290.068000
2291.295000
2292.538000
2293.782000
2305.420000
2307.907000
2309.134000
2310.378000
2311.621000
2312.864000
2314.108000
2315.335000
2316.578000
2317.822000
2319.065000
2320.309000
2321.535000
2322.779000
2324.022000
2325.266000
2326.493000
2327.736000
2328.979000
2330.223000
2331.466000
2332.693000
2333.937000
2335.180000
2336.423000
2337.667000
2338.894000
2341.381000
2342.624000
2343.868000
2345.094000
2346.338000
2347.581000
2348.825000
2350.068000
2351.295000
2352.538000
2353.782000
2365.421000
2366.664000
2367.907000
2369.134000
2370.378000
2371.621000
2372.865000
2374.108000
2375.335000
2376.578000
2377.822000
2379.065000
2380.309000
2381.535000
2382.779000
2384.022000
2385.266000
2386.493000
2387.736000
2388.980000
2391.466000
2392.693000
2393.937000
2395.180000
2396.424000
2397.667000
2400.137000
2401.381000
2402.624000
2403.868000
2405.095000
2407.581000
2408.825000
2410.068000
2411.295000
2412.539000
2413.782000
2425.421000
2427.908000
2429.134000
2430.378000
2432.865000
2434.108000
2435.335000
2436.578000
2437.822000
2439.065000
2440.309000
2441.536000
2442.779000
2444.023000
2445.266000
2446.493000
2447.736000
2448.980000
2450.223000
2451.467000
2452.693000
2453.937000
2455.180000
2456.424000
2457.667000
2458.894000
2460.137000
2461.381000
2462.624000
2463.868000
2465.095000
2466.338000
2467.582000
2468.825000
2470.068000
2471.295000
2472.539000
2473.782000
