1039.298000
1040.542000
1051.699000
1062.857000
1074.015000
1081.459000
1085.173000
1109.213000
1111.700000
1116.657000
1119.144000
1121.614000
1124.101000
1127.815000
1135.259000
1136.502000
1143.929000
1145.173000
1159.298000
1167.969000
1169.213000
1182.857000
1184.101000
1186.571000
1197.729000
1198.972000
1218.055000
1221.769000
1223.012000
1225.483000
1232.927000
1235.414000
1239.127000
1240.371000
1241.614000
1242.841000
1251.529000
1252.772000
1256.486000
1261.443000
1263.930000
1265.173000
1278.055000
1279.282000
1283.012000
1285.483000
1286.726000
1287.970000
1290.440000
1291.683000
1296.641000
1297.884000
1299.127000
1301.614000
1310.285000
1315.242000
1341.769000
1347.970000
1351.683000
1354.170000
1357.884000
1360.371000
1361.614000
1367.815000
1374.016000
1375.243000
1377.729000
1380.200000
1400.526000
1404.240000
1406.726000
1414.171000
1417.884000
1421.615000
1422.841000
1424.085000
1426.572000
1427.815000
1438.973000
1441.443000
1446.400000
1460.526000
1463.013000
1465.483000
1475.414000
1476.641000
1487.815000
1496.486000
1502.687000
1523.013000
1532.927000
1535.414000
1541.615000
1544.085000
1545.329000
1547.815000
1552.773000
1563.930000
1565.174000
1566.401000
1586.727000
1590.441000
1607.816000
1609.042000
1612.773000
1617.730000
1622.687000
1623.931000
1638.056000
1643.013000
1649.214000
1652.928000
1667.816000
1670.286000
1671.529000
1672.773000
1677.730000
1680.200000
1686.401000
1706.727000
1709.214000
1711.684000
1717.885000
1720.372000
1725.329000
1726.572000
1729.043000
1737.730000
1741.444000
