311.289000
313.775000
317.489000
318.733000
321.203000
322.446000
326.177000
331.134000
333.604000
334.848000
336.091000
338.561000
339.805000
341.048000
342.292000
343.535000
344.762000
346.005000
347.249000
349.736000
353.449000
354.693000
357.163000
358.407000
370.045000
371.289000
372.532000
373.775000
376.246000
377.489000
378.733000
379.976000
383.690000
384.933000
386.177000
388.647000
389.890000
391.134000
394.848000
397.334000
398.561000
399.805000
402.292000
403.535000
404.762000
408.492000
409.736000
410.963000
412.206000
413.449000
414.693000
415.936000
417.163000
418.407000
430.045000
431.272000
432.516000
433.759000
436.246000
439.960000
441.203000
442.447000
444.917000
446.160000
448.647000
456.075000
457.318000
458.561000
461.048000
462.275000
463.519000
464.762000
466.006000
467.249000
468.476000
470.963000
473.433000
474.676000
475.920000
478.407000
490.045000
491.289000
492.532000
495.003000
496.246000
498.733000
499.976000
501.203000
502.447000
503.690000
504.934000
506.177000
507.404000
508.647000
509.891000
512.361000
513.604000
514.848000
516.091000
517.335000
519.805000
522.292000
523.535000
524.762000
527.249000
528.493000
529.736000
530.963000
532.206000
534.693000
535.937000
537.164000
538.407000
552.532000
553.776000
555.003000
556.246000
557.490000
558.733000
559.976000
561.203000
563.690000
564.934000
566.161000
567.404000
569.891000
571.134000
576.091000
577.335000
578.562000
579.805000
581.049000
582.292000
583.536000
586.006000
587.249000
588.493000
589.736000
590.963000
593.450000
594.693000
595.937000
597.164000
598.407000
610.046000
611.289000
613.776000
615.003000
617.490000
621.204000
622.447000
623.690000
624.934000
626.161000
627.404000
628.648000
631.134000
632.361000
636.092000
637.335000
638.562000
639.805000
646.006000
647.249000
648.493000
649.736000
650.963000
652.207000
654.693000
655.937000
657.164000
658.407000
670.046000
671.289000
673.776000
675.003000
676.246000
677.490000
678.733000
679.977000
681.204000
682.447000
683.690000
684.934000
687.404000
689.891000
692.361000
693.605000
694.848000
696.092000
697.335000
698.562000
699.805000
701.049000
702.292000
703.536000
704.763000
707.250000
708.493000
709.736000
710.963000
712.207000
713.450000
715.937000
717.164000
732.533000
735.003000
736.247000
738.733000
739.977000
741.204000
742.447000
747.404000
749.891000
751.135000
752.362000
753.605000
757.335000
758.562000
761.049000
762.292000
764.763000
767.250000
768.493000
769.737000
772.207000
775.921000
777.164000
778.407000
790.046000
791.290000
793.776000
796.247000
797.490000
799.977000
801.204000
804.934000
806.161000
809.891000
811.135000
816.092000
817.335000
818.562000
819.806000
822.293000
823.536000
824.763000
827.250000
828.493000
830.964000
832.207000
833.450000
834.694000
835.921000
837.164000
850.046000
852.517000
855.003000
856.247000
857.474000
858.717000
859.961000
862.447000
863.674000
864.918000
866.161000
867.405000
871.118000
872.362000
873.605000
878.562000
879.806000
881.033000
882.276000
884.763000
886.007000
887.233000
888.477000
889.720000
893.434000
894.677000
895.921000
897.164000
898.408000
910.046000
911.273000
912.517000
913.760000
915.004000
916.247000
918.717000
921.204000
922.448000
923.674000
927.405000
928.648000
929.875000
932.362000
933.605000
934.849000
936.076000
939.806000
941.033000
942.276000
943.520000
944.763000
946.007000
947.233000
950.964000
952.207000
957.164000
958.408000
971.273000
972.517000
973.760000
975.004000
976.247000
977.474000
978.717000
979.961000
981.204000
982.448000
983.675000
984.918000
989.875000
994.849000
996.076000
997.319000
999.806000
1001.033000
1003.520000
1004.763000
1007.234000
1009.721000
1015.921000
