312.516000
313.759000
315.003000
316.246000
317.473000
319.960000
322.447000
323.674000
324.917000
327.404000
328.647000
329.874000
331.118000
332.361000
333.604000
334.848000
339.805000
341.032000
342.275000
343.519000
344.762000
346.006000
347.233000
348.476000
349.719000
352.206000
353.433000
354.677000
355.920000
357.164000
370.046000
371.272000
372.516000
373.759000
376.246000
377.473000
378.716000
379.960000
382.447000
387.404000
392.361000
393.605000
394.848000
396.075000
398.562000
401.032000
402.276000
403.519000
404.762000
406.006000
408.476000
409.720000
412.206000
413.433000
414.677000
432.516000
433.759000
439.960000
446.161000
448.648000
451.118000
453.605000
454.832000
456.075000
457.319000
458.562000
461.032000
462.276000
464.763000
466.006000
467.233000
468.476000
469.720000
470.963000
473.433000
474.677000
475.920000
477.164000
478.407000
490.046000
491.273000
492.516000
493.760000
495.003000
496.246000
497.473000
498.717000
502.447000
503.674000
504.917000
506.161000
508.648000
509.875000
511.118000
512.361000
513.605000
516.075000
518.562000
519.806000
521.049000
523.519000
524.763000
526.006000
527.233000
529.720000
530.963000
532.207000
533.434000
534.677000
535.920000
538.407000
550.046000
553.760000
556.247000
559.960000
561.204000
562.447000
566.161000
568.648000
569.875000
571.118000
572.362000
573.605000
574.832000
576.075000
579.806000
581.033000
586.006000
587.233000
589.720000
592.207000
594.677000
595.921000
597.164000
610.046000
611.273000
616.247000
618.717000
621.204000
622.447000
623.674000
624.918000
626.161000
628.648000
629.875000
631.118000
632.362000
633.605000
634.849000
636.075000
638.562000
643.520000
644.763000
646.006000
647.233000
648.477000
649.720000
650.964000
652.207000
655.921000
657.164000
670.046000
671.273000
672.517000
676.247000
677.474000
678.717000
681.204000
682.447000
687.405000
691.118000
692.362000
694.849000
696.076000
697.319000
698.562000
699.806000
701.033000
702.276000
703.520000
704.763000
706.007000
707.233000
709.720000
713.434000
715.921000
717.164000
730.046000
731.273000
732.517000
733.760000
735.004000
736.247000
737.474000
738.717000
741.204000
742.448000
746.161000
747.405000
748.648000
749.875000
751.119000
752.362000
753.605000
756.076000
759.806000
761.033000
762.276000
766.007000
770.964000
774.678000
775.921000
778.408000
790.047000
791.273000
792.517000
793.760000
796.247000
798.717000
799.961000
801.204000
803.675000
804.918000
806.162000
807.405000
808.648000
809.875000
811.119000
812.362000
813.606000
816.076000
817.319000
818.563000
822.277000
824.763000
826.007000
827.234000
828.477000
829.721000
830.964000
832.207000
833.434000
837.165000
850.047000
851.274000
852.517000
853.760000
856.247000
858.718000
859.961000
861.204000
863.675000
864.918000
866.162000
867.405000
868.649000
869.875000
871.119000
872.362000
873.606000
874.833000
877.319000
879.806000
881.033000
882.277000
886.007000
887.234000
892.208000
893.434000
894.678000
895.921000
898.408000
910.047000
912.517000
913.761000
915.004000
916.247000
922.448000
923.675000
924.918000
926.162000
927.405000
928.649000
929.875000
931.119000
934.833000
936.076000
937.320000
938.563000
941.033000
944.764000
948.477000
952.208000
953.435000
954.678000
957.165000
958.408000
971.274000
972.517000
975.004000
976.248000
978.718000
979.961000
981.205000
982.448000
983.675000
984.918000
986.162000
987.405000
993.606000
996.076000
997.320000
998.563000
1002.277000
1003.520000
1006.007000
1007.234000
1008.478000
1009.721000
1010.964000
1012.208000
1014.678000
1015.922000
1017.165000
1018.408000
