1767.283000
1768.526000
1771.013000
1772.240000
1773.483000
1774.727000
1775.970000
1777.214000
1778.441000
1779.684000
1780.928000
1782.171000
1784.641000
1787.128000
1788.372000
1789.615000
1792.085000
1793.329000
1794.572000
1797.043000
1798.286000
1799.529000
1802.000000
1803.243000
1806.973000
1808.200000
1809.444000
1810.687000
1813.174000
1814.401000
1826.040000
1827.283000
1829.770000
1831.013000
1832.240000
1833.484000
1834.727000
1835.970000
1837.214000
1838.441000
1839.684000
1840.928000
1844.641000
1845.885000
1847.128000
1848.372000
1849.615000
1850.842000
1852.085000
1853.329000
1857.043000
1858.286000
1859.530000
1860.773000
1862.000000
1869.444000
1870.687000
1871.931000
1873.174000
1886.040000
1887.283000
1888.527000
1889.770000
1891.013000
1892.240000
1894.727000
1895.971000
1897.214000
1898.441000
1899.684000
1900.928000
1902.171000
1905.885000
1907.128000
1910.842000
1912.086000
1913.329000
1915.816000
1918.286000
1920.773000
1922.000000
1924.487000
1926.974000
1928.201000
1929.444000
1930.687000
1933.174000
1934.401000
1946.040000
1947.283000
1948.527000
1951.014000
1952.240000
1953.484000
1954.727000
1955.971000
1958.441000
1959.684000
1962.171000
1963.415000
1965.885000
1967.129000
1970.842000
1972.086000
1973.329000
1974.573000
1975.816000
1978.286000
1979.530000
1980.773000
1983.244000
1984.487000
1988.201000
1989.444000
1990.688000
1994.401000
2006.040000
2008.527000
2009.770000
2011.014000
2012.241000
2013.484000
2015.971000
2017.214000
2019.685000
2020.928000
2023.415000
2027.129000
2029.616000
2030.842000
2033.329000
2034.573000
2037.043000
2038.286000
2039.530000
2042.000000
2043.244000
2044.487000
2046.974000
2050.688000
2053.175000
2054.401000
2066.040000
2067.284000
2069.770000
2071.014000
2074.728000
2075.971000
2077.214000
2078.441000
2079.685000
2080.928000
2082.172000
2083.415000
2084.642000
2085.885000
2087.129000
2088.372000
2089.616000
2090.843000
2092.086000
2094.573000
2097.043000
2098.287000
2099.530000
2100.773000
2102.000000
2103.244000
2104.487000
2106.974000
2108.201000
2111.931000
2114.402000
2126.040000
2128.527000
2129.771000
2134.728000
2135.971000
2137.215000
2139.685000
2143.415000
2144.642000
2147.129000
2148.372000
2150.843000
2152.086000
2155.800000
2158.287000
2159.530000
2160.774000
2166.974000
2168.201000
2170.688000
2171.931000
2173.175000
2174.402000
2187.284000
2191.014000
2192.241000
2193.484000
2195.971000
2197.215000
2200.928000
2204.642000
2213.330000
2214.573000
2215.800000
2217.043000
2218.287000
2219.530000
2220.774000
2222.001000
2223.244000
2226.974000
2228.201000
2229.445000
2230.688000
2234.402000
2246.040000
2248.527000
2249.771000
2251.014000
2252.241000
2253.485000
2254.728000
2255.971000
2258.442000
2260.929000
2262.172000
2263.415000
2264.642000
2265.886000
2269.600000
2270.843000
2272.086000
2273.330000
2277.044000
2280.774000
2283.244000
2286.975000
2288.201000
2289.445000
2290.688000
2293.175000
2294.402000
2306.041000
2308.527000
2311.014000
2313.485000
2319.685000
2322.172000
2324.642000
2330.843000
2333.330000
2334.573000
2335.800000
2337.044000
2338.287000
2342.001000
2344.488000
2345.731000
2346.975000
2348.201000
2349.445000
2350.688000
2351.932000
2366.041000
2367.284000
2368.528000
2369.771000
2372.241000
2373.485000
2378.442000
2379.685000
2380.929000
2382.172000
2384.643000
2385.886000
2387.129000
2388.373000
2389.600000
2390.843000
2392.087000
2394.574000
2395.800000
2397.044000
2400.774000
2402.001000
2404.488000
2405.731000
2408.202000
2410.689000
2411.932000
2426.041000
2427.284000
2428.528000
2431.015000
2433.485000
2434.728000
2435.972000
2437.215000
2438.442000
2442.172000
2444.643000
2445.886000
2449.600000
2450.843000
2452.087000
2454.574000
2455.801000
2457.044000
2458.287000
2459.531000
2460.774000
2462.001000
2463.245000
2466.975000
2468.202000
2469.445000
2470.689000
