311.272000
318.716000
321.203000
326.160000
336.075000
337.318000
338.562000
358.407000
381.203000
383.674000
384.917000
386.161000
388.647000
389.874000
391.118000
399.805000
410.963000
415.920000
418.407000
430.046000
431.273000
435.003000
436.246000
437.473000
438.717000
441.204000
442.447000
443.674000
449.874000
452.361000
463.519000
472.207000
499.960000
501.204000
507.404000
514.848000
517.319000
522.276000
528.476000
537.164000
551.273000
555.003000
557.473000
558.717000
563.674000
564.918000
567.404000
577.319000
578.562000
582.276000
583.519000
584.763000
588.477000
590.963000
593.434000
598.408000
612.516000
613.760000
615.003000
617.474000
619.960000
641.033000
642.276000
653.434000
654.677000
658.408000
673.760000
679.961000
684.918000
686.161000
688.648000
689.875000
708.477000
710.964000
712.207000
714.677000
739.961000
744.918000
757.319000
763.520000
768.477000
772.207000
773.434000
777.164000
795.004000
797.474000
802.448000
814.849000
819.806000
823.520000
834.678000
835.921000
838.408000
855.004000
857.474000
876.076000
878.563000
883.520000
888.477000
890.964000
911.274000
919.961000
921.205000
932.362000
933.606000
942.277000
943.520000
946.007000
947.234000
973.761000
977.474000
988.649000
989.876000
994.833000
999.807000
1001.033000
1013.435000
