1795.816000
1804.487000
1805.730000
1811.931000
1828.526000
1842.171000
1843.415000
1854.572000
1855.816000
1864.487000
1865.730000
1866.974000
1868.200000
1874.401000
1893.484000
1904.642000
1909.615000
1914.572000
1917.043000
1923.243000
1960.928000
1964.642000
1982.000000
1991.931000
2007.283000
2018.441000
2022.172000
2032.086000
2040.773000
2048.201000
2049.444000
2051.931000
2072.241000
2093.329000
2110.688000
2113.175000
2127.284000
2131.014000
2132.241000
2138.441000
2140.928000
2145.886000
2149.616000
2153.330000
2162.000000
2163.244000
2164.487000
2165.731000
2186.040000
2189.771000
2194.728000
2198.442000
2199.685000
2203.415000
2205.886000
2207.129000
2208.373000
2209.616000
2210.843000
2212.086000
2224.488000
2231.932000
2233.175000
2247.284000
2257.215000
2259.685000
2267.129000
2268.373000
2275.800000
2278.287000
2282.001000
2284.488000
2285.731000
2291.932000
2307.284000
2309.771000
2314.728000
2315.972000
2317.215000
2325.886000
2327.129000
2328.373000
2329.600000
2332.087000
2339.531000
2343.244000
2354.402000
2383.416000
2393.330000
2398.287000
2403.244000
2406.975000
2414.402000
2429.771000
2432.241000
2439.686000
2443.416000
2447.130000
2448.373000
2464.488000
2471.932000
2474.402000
