310.659000
311.902000
313.146000
314.373000
315.616000
316.860000
318.103000
319.346000
320.573000
321.817000
323.060000
324.304000
325.547000
326.774000
328.017000
329.261000
330.504000
331.748000
332.974000
334.218000
335.461000
337.932000
339.175000
340.419000
341.662000
342.905000
344.132000
345.376000
346.619000
347.863000
349.106000
350.333000
351.576000
352.820000
354.063000
355.307000
356.534000
357.777000
369.416000
370.659000
371.902000
373.146000
374.373000
375.616000
376.860000
379.347000
380.573000
381.817000
383.060000
384.304000
385.547000
386.774000
388.017000
389.261000
390.504000
391.748000
392.975000
394.218000
395.461000
396.705000
397.932000
399.175000
400.419000
402.906000
404.132000
405.376000
406.619000
407.863000
409.106000
411.576000
412.820000
414.063000
415.307000
416.534000
417.777000
429.416000
430.659000
431.903000
434.373000
435.616000
436.860000
438.103000
439.347000
440.573000
441.817000
443.060000
444.304000
445.547000
446.774000
448.018000
449.261000
450.504000
451.748000
452.975000
454.218000
455.462000
456.705000
457.932000
459.175000
460.419000
461.662000
462.906000
464.133000
465.376000
466.619000
467.863000
469.106000
470.333000
471.577000
472.820000
474.063000
476.534000
477.777000
489.416000
490.659000
491.903000
493.146000
494.373000
495.616000
496.860000
498.103000
499.347000
500.574000
501.817000
503.061000
504.304000
505.547000
506.774000
508.018000
509.261000
510.505000
511.748000
512.975000
514.218000
515.462000
516.705000
517.949000
519.176000
520.419000
521.662000
522.906000
524.133000
525.376000
526.620000
527.863000
529.106000
530.333000
531.577000
532.820000
534.064000
535.307000
536.534000
537.777000
549.416000
550.659000
551.903000
553.146000
554.373000
555.617000
556.860000
558.103000
559.347000
560.574000
561.817000
564.304000
566.774000
568.018000
569.261000
570.505000
571.732000
572.975000
574.218000
575.462000
576.705000
577.932000
579.176000
580.419000
581.663000
582.906000
584.133000
585.376000
586.620000
587.863000
589.107000
590.333000
591.577000
592.820000
594.064000
595.307000
597.777000
610.660000
611.903000
613.146000
614.373000
615.617000
616.860000
618.104000
619.347000
620.574000
621.817000
623.061000
624.304000
625.548000
626.775000
628.018000
629.261000
630.505000
631.748000
632.975000
634.219000
635.462000
636.705000
637.949000
639.176000
640.419000
641.663000
642.906000
644.133000
645.376000
647.863000
649.107000
650.334000
651.577000
654.064000
655.307000
656.534000
657.778000
669.416000
670.660000
671.903000
673.147000
674.373000
675.617000
676.860000
678.104000
679.347000
681.817000
683.061000
684.304000
685.548000
686.775000
688.018000
689.262000
691.748000
692.975000
694.219000
695.462000
696.706000
697.949000
699.176000
700.419000
701.663000
702.906000
704.133000
705.377000
706.620000
707.863000
709.107000
710.334000
711.577000
712.821000
714.064000
715.307000
716.534000
717.778000
729.416000
730.660000
731.903000
733.147000
734.374000
735.617000
736.860000
738.104000
739.347000
740.574000
741.818000
743.061000
745.548000
746.775000
748.018000
749.262000
750.505000
751.749000
752.975000
754.219000
755.462000
756.706000
757.933000
760.419000
761.663000
762.906000
764.133000
765.377000
766.620000
767.864000
769.107000
770.334000
771.577000
772.821000
774.064000
775.308000
776.534000
777.778000
789.417000
790.660000
791.903000
793.147000
794.374000
795.617000
796.861000
798.104000
799.347000
800.574000
801.818000
803.061000
804.305000
805.548000
806.775000
808.018000
809.262000
810.505000
811.749000
812.976000
814.219000
815.462000
816.706000
817.933000
819.176000
820.420000
821.663000
822.906000
824.133000
825.377000
827.864000
829.107000
830.334000
831.577000
832.821000
835.308000
836.535000
837.778000
849.417000
850.660000
851.904000
853.147000
854.374000
855.617000
856.861000
858.104000
859.348000
860.574000
861.818000
863.061000
864.305000
865.548000
866.775000
868.019000
869.262000
870.505000
871.749000
872.976000
874.219000
876.706000
877.933000
880.420000
881.663000
882.907000
884.133000
886.620000
887.864000
889.107000
890.334000
891.578000
892.821000
894.064000
895.308000
896.535000
897.778000
909.417000
910.660000
911.904000
913.147000
914.374000
915.617000
916.861000
918.104000
919.348000
920.575000
921.818000
923.061000
924.305000
925.548000
926.775000
928.019000
929.262000
930.506000
932.976000
934.219000
935.463000
936.706000
937.933000
939.176000
940.420000
941.663000
942.907000
944.134000
945.377000
946.621000
947.864000
949.107000
950.334000
951.578000
952.821000
954.065000
955.308000
956.535000
969.417000
970.660000
971.904000
973.147000
974.374000
975.618000
976.861000
978.104000
979.348000
980.575000
981.818000
983.062000
984.305000
985.548000
986.775000
988.019000
989.262000
990.506000
991.733000
992.976000
994.219000
995.463000
996.706000
997.933000
999.177000
1000.420000
1001.663000
1002.907000
1004.134000
1006.621000
1007.864000
1010.334000
1011.578000
1014.065000
1015.308000
1016.535000
1017.778000
