1766.669000
1767.283000
1767.913000
1768.526000
1769.140000
1770.383000
1771.013000
1771.627000
1772.240000
1772.870000
1773.483000
1774.113000
1774.727000
1775.340000
1775.970000
1776.584000
1777.214000
1777.827000
1778.441000
1779.071000
1779.684000
1780.928000
1781.541000
1782.171000
1782.784000
1784.028000
1784.641000
1785.271000
1786.515000
1787.128000
1787.742000
1788.372000
1789.615000
1790.228000
1791.472000
1792.085000
1792.715000
1793.329000
1793.942000
1794.572000
1795.186000
1795.816000
1796.429000
1797.043000
1797.673000
1798.286000
1798.916000
1799.529000
1800.143000
1801.386000
1802.000000
1802.630000
1803.243000
1803.873000
1804.487000
1805.730000
1806.343000
1806.973000
1807.587000
1808.200000
1808.830000
1809.444000
1810.074000
1810.687000
1811.301000
1811.931000
1812.544000
1813.174000
1813.787000
1814.401000
1825.426000
1826.040000
1826.670000
1827.283000
1827.913000
1828.526000
1829.140000
1829.770000
1830.383000
1831.013000
1831.627000
1832.240000
1832.870000
1833.484000
1834.114000
1834.727000
1835.340000
1835.970000
1837.214000
1837.827000
1838.441000
1839.071000
1839.684000
1840.314000
1840.928000
1841.541000
1842.171000
1842.785000
1843.415000
1844.028000
1844.641000
1845.271000
1845.885000
1846.515000
1847.128000
1847.742000
1848.372000
1848.985000
1849.615000
1850.229000
1850.842000
1852.085000
1852.715000
1853.329000
1854.572000
1855.186000
1855.816000
1856.429000
1857.043000
1857.673000
1858.286000
1858.900000
1859.530000
1860.143000
1860.773000
1861.386000
1862.000000
1863.873000
1864.487000
1865.100000
1865.730000
1866.344000
1866.974000
1867.587000
1868.200000
1869.444000
1870.074000
1870.687000
1871.301000
1871.931000
1872.544000
1873.174000
1874.401000
1885.426000
1886.040000
1886.670000
1887.283000
1887.913000
1888.527000
1889.140000
1889.770000
1890.383000
1891.013000
1891.627000
1892.240000
1892.870000
1893.484000
1894.727000
1895.341000
1895.971000
1896.584000
1897.214000
1897.827000
1898.441000
1899.071000
1899.684000
1900.314000
1900.928000
1902.171000
1902.785000
1904.028000
1904.642000
1905.272000
1905.885000
1906.515000
1907.128000
1907.742000
1908.985000
1909.615000
1910.229000
1910.842000
1911.472000
1912.086000
1912.716000
1913.329000
1913.942000
1914.572000
1915.186000
1915.816000
1916.429000
1917.043000
1917.673000
1918.286000
1920.773000
1921.387000
1922.000000
1922.630000
1923.243000
1923.873000
1924.487000
1925.100000
1926.344000
1926.974000
1927.587000
1928.201000
1928.831000
1929.444000
1930.687000
1933.174000
1933.788000
1934.401000
1945.426000
1946.040000
1946.670000
1947.283000
1947.913000
1948.527000
1949.140000
1950.384000
1951.014000
1952.240000
1952.870000
1953.484000
1954.114000
1954.727000
1955.341000
1955.971000
1957.828000
1958.441000
1959.071000
1959.684000
1960.315000
1960.928000
1961.541000
1962.171000
1963.415000
1964.028000
1964.642000
1965.272000
1965.885000
1966.515000
1967.129000
1967.742000
1968.985000
1970.842000
1971.472000
1972.086000
1972.716000
1973.329000
1973.943000
1974.573000
1975.186000
1975.816000
1976.429000
1977.673000
1978.286000
1978.900000
1979.530000
1980.143000
1980.773000
1981.387000
1982.000000
1983.244000
1983.874000
1984.487000
1987.587000
1988.201000
1988.831000
1989.444000
1990.074000
1990.688000
1991.301000
1991.931000
1992.544000
1993.788000
1994.401000
2005.427000
2006.040000
2006.670000
2007.283000
2007.913000
2008.527000
2009.770000
2010.384000
2011.014000
2011.627000
2012.241000
2012.871000
2013.484000
2014.114000
2015.341000
2015.971000
2016.584000
2017.214000
2017.828000
2018.441000
2019.071000
2019.685000
2020.928000
2021.541000
2022.172000
2022.785000
2023.415000
2025.272000
2027.129000
2027.742000
2028.986000
2029.616000
2030.229000
2030.842000
2032.086000
2032.716000
2033.329000
2033.943000
2034.573000
2036.430000
2037.043000
2037.673000
2038.286000
2038.900000
2039.530000
2040.143000
2040.773000
2041.387000
2042.000000
2043.244000
2043.874000
2044.487000
2045.101000
2046.344000
2046.974000
2047.587000
2048.201000
2049.444000
2050.074000
2050.688000
2051.301000
2051.931000
2053.175000
2053.788000
2054.401000
2065.427000
2066.040000
2066.670000
2067.284000
2067.914000
2069.140000
2069.770000
2070.384000
2071.014000
2071.627000
2072.241000
2072.871000
2074.114000
2074.728000
2075.341000
2075.971000
2076.584000
2077.214000
2077.828000
2078.441000
2079.071000
2079.685000
2080.928000
2081.542000
2082.172000
2082.785000
2083.415000
2084.028000
2084.642000
2085.272000
2085.885000
2087.129000
2087.742000
2088.372000
2088.986000
2089.616000
2090.229000
2090.843000
2091.473000
2092.086000
2093.329000
2093.943000
2094.573000
2096.430000
2097.043000
2097.673000
2098.287000
2098.900000
2099.530000
2100.143000
2100.773000
2101.387000
2102.000000
2102.630000
2103.244000
2103.874000
2104.487000
2105.101000
2106.344000
2106.974000
2107.588000
2108.201000
2108.831000
2110.074000
2110.688000
2111.301000
2111.931000
2112.545000
2113.175000
2113.788000
2114.402000
2125.427000
2126.040000
2126.670000
2127.284000
2127.914000
2128.527000
2129.141000
2129.771000
2130.384000
2131.014000
2131.627000
2132.241000
2134.114000
2134.728000
2135.341000
2135.971000
2136.585000
2137.215000
2137.828000
2138.441000
2139.071000
2139.685000
2140.315000
2140.928000
2141.542000
2142.785000
2143.415000
2144.029000
2144.642000
2145.272000
2145.886000
2146.516000
2147.129000
2147.742000
2148.372000
2148.986000
2149.616000
2150.229000
2150.843000
2151.473000
2152.086000
2152.700000
2153.330000
2153.943000
2155.186000
2155.800000
2156.430000
2157.673000
2158.287000
2158.900000
2159.530000
2160.144000
2160.774000
2161.387000
2162.000000
2162.631000
2163.244000
2164.487000
2165.101000
2165.731000
2166.344000
2166.974000
2167.588000
2168.201000
2170.075000
2170.688000
2171.301000
2171.931000
2172.545000
2173.175000
2173.788000
2174.402000
2185.427000
2186.040000
2186.670000
2187.284000
2187.914000
2189.771000
2190.384000
2191.014000
2191.628000
2192.241000
2193.484000
2194.114000
2194.728000
2195.341000
2195.971000
2197.215000
2197.828000
2198.442000
2199.072000
2199.685000
2200.928000
2201.542000
2202.785000
2203.415000
2204.029000
2204.642000
2205.272000
2205.886000
2206.516000
2207.129000
2207.743000
2208.373000
2208.986000
2209.616000
2210.229000
2210.843000
2212.086000
2212.700000
2213.330000
2213.943000
2214.573000
2215.800000
2216.430000
2217.043000
2217.673000
2218.287000
2218.900000
2219.530000
2220.144000
2220.774000
2221.387000
2222.001000
2222.631000
2223.244000
2223.874000
2224.488000
2225.101000
2226.344000
2226.974000
2227.588000
2228.201000
2228.831000
2229.445000
2230.075000
2230.688000
2231.302000
2231.932000
2232.545000
2233.175000
2233.788000
2234.402000
2245.427000
2246.040000
2246.670000
2247.284000
2247.914000
2248.527000
2249.141000
2249.771000
2250.384000
2251.014000
2251.628000
2252.241000
2252.871000
2253.485000
2254.115000
2254.728000
2255.341000
2255.971000
2256.585000
2257.215000
2257.828000
2258.442000
2259.072000
2259.685000
2260.315000
2260.929000
2261.542000
2262.172000
2262.785000
2263.415000
2264.029000
2264.642000
2265.272000
2265.886000
2267.129000
2267.743000
2268.373000
2268.986000
2269.600000
2270.230000
2270.843000
2272.086000
2272.700000
2273.330000
2275.187000
2275.800000
2277.044000
2277.674000
2278.287000
2278.900000
2280.144000
2280.774000
2281.387000
2282.001000
2282.631000
2283.244000
2283.874000
2284.488000
2285.101000
2285.731000
2286.345000
2286.975000
2287.588000
2288.201000
2288.831000
2289.445000
2290.075000
2290.688000
2291.302000
2291.932000
2292.545000
2293.175000
2293.789000
2294.402000
2305.427000
2306.041000
2306.671000
2307.284000
2307.914000
2308.527000
2309.141000
2309.771000
2310.384000
2311.014000
2311.628000
2312.871000
2313.485000
2314.115000
2314.728000
2315.342000
2315.972000
2316.585000
2317.215000
2317.828000
2319.072000
2319.685000
2320.315000
2321.542000
2322.172000
2322.786000
2324.029000
2324.642000
2325.272000
2325.886000
2326.516000
2327.129000
2327.743000
2328.373000
2328.986000
2329.600000
2330.230000
2330.843000
2331.473000
2332.087000
2332.700000
2333.330000
2333.943000
2334.573000
2335.187000
2335.800000
2336.430000
2337.044000
2337.674000
2338.287000
2338.901000
2339.531000
2340.144000
2341.387000
2342.001000
2342.631000
2343.244000
2343.874000
2344.488000
2345.101000
2345.731000
2346.345000
2346.975000
2347.588000
2348.201000
2348.832000
2349.445000
2350.075000
2350.688000
2351.932000
2352.545000
2353.789000
2354.402000
2365.427000
2366.041000
2366.671000
2367.284000
2367.914000
2368.528000
2369.141000
2369.771000
2371.628000
2372.241000
2372.871000
2373.485000
2374.115000
2375.342000
2376.585000
2377.829000
2378.442000
2379.072000
2379.685000
2380.315000
2380.929000
2381.542000
2382.172000
2382.786000
2383.416000
2384.029000
2384.643000
2385.886000
2386.516000
2387.129000
2387.743000
2388.373000
2388.986000
2389.600000
2390.230000
2390.843000
2391.473000
2392.087000
2393.330000
2393.944000
2394.574000
2395.187000
2395.800000
2396.430000
2397.044000
2397.674000
2398.287000
2400.144000
2400.774000
2401.388000
2402.001000
2402.631000
2403.244000
2404.488000
2405.101000
2405.731000
2406.345000
2406.975000
2407.588000
2408.202000
2410.075000
2410.689000
2411.302000
2411.932000
2412.545000
2413.789000
2414.402000
2426.041000
2426.671000
2427.284000
2427.914000
2428.528000
2429.141000
2429.771000
2430.385000
2431.015000
2431.628000
2432.241000
2432.871000
2433.485000
2434.115000
2434.728000
2435.342000
2435.972000
2436.585000
2437.215000
2437.829000
2438.442000
2439.072000
2439.686000
2440.316000
2441.542000
2442.172000
2442.786000
2443.416000
2444.029000
2444.643000
2445.273000
2445.886000
2446.500000
2447.130000
2447.743000
2448.373000
2448.986000
2449.600000
2450.230000
2450.843000
2451.473000
2452.087000
2452.700000
2453.944000
2454.574000
2455.187000
2455.801000
2456.431000
2457.044000
2458.287000
2459.531000
2460.144000
2460.774000
2461.388000
2462.001000
2462.631000
2463.245000
2463.875000
2464.488000
2465.101000
2466.345000
2466.975000
2467.588000
2468.202000
2469.445000
2470.075000
2470.689000
2471.302000
2471.932000
2472.546000
2473.789000
2474.402000
