310.659000
311.272000
311.902000
312.516000
313.146000
313.759000
314.373000
315.003000
315.616000
316.246000
316.860000
317.473000
318.103000
318.716000
319.346000
319.960000
320.573000
321.203000
321.817000
322.447000
323.060000
323.674000
324.304000
324.917000
325.547000
326.160000
326.774000
327.404000
328.017000
328.647000
329.261000
329.874000
330.504000
331.118000
331.748000
332.361000
332.974000
333.604000
334.218000
334.848000
335.461000
336.075000
337.318000
337.932000
338.562000
339.175000
339.805000
340.419000
341.032000
341.662000
342.275000
342.905000
343.519000
344.132000
344.762000
345.376000
346.006000
346.619000
347.233000
347.863000
348.476000
349.106000
349.719000
350.333000
351.576000
352.206000
352.820000
353.433000
354.063000
354.677000
355.307000
355.920000
356.534000
357.164000
357.777000
358.407000
369.416000
370.046000
370.659000
371.272000
371.902000
372.516000
373.146000
373.759000
374.373000
375.616000
376.246000
376.860000
377.473000
378.716000
379.347000
379.960000
380.573000
381.203000
381.817000
382.447000
383.060000
383.674000
384.304000
384.917000
385.547000
386.161000
386.774000
387.404000
388.017000
388.647000
389.261000
389.874000
390.504000
391.118000
391.748000
392.361000
392.975000
393.605000
394.218000
394.848000
395.461000
396.075000
396.705000
397.932000
398.562000
399.175000
399.805000
400.419000
401.032000
402.276000
402.906000
403.519000
404.132000
404.762000
405.376000
406.006000
406.619000
407.863000
408.476000
409.106000
409.720000
410.963000
411.576000
412.206000
412.820000
413.433000
414.063000
414.677000
415.307000
415.920000
416.534000
417.777000
418.407000
429.416000
430.046000
430.659000
431.273000
431.903000
432.516000
433.759000
434.373000
435.003000
435.616000
436.246000
436.860000
437.473000
438.103000
438.717000
439.347000
439.960000
440.573000
441.204000
441.817000
442.447000
443.060000
443.674000
444.304000
445.547000
446.161000
446.774000
448.018000
448.648000
449.261000
449.874000
450.504000
451.118000
451.748000
452.361000
452.975000
453.605000
454.218000
454.832000
455.462000
456.075000
456.705000
457.319000
457.932000
458.562000
459.175000
460.419000
461.032000
461.662000
462.276000
462.906000
463.519000
464.133000
464.763000
465.376000
466.006000
466.619000
467.233000
467.863000
468.476000
469.106000
469.720000
470.333000
470.963000
471.577000
472.207000
472.820000
473.433000
474.063000
474.677000
475.920000
476.534000
477.164000
477.777000
478.407000
489.416000
490.046000
490.659000
491.273000
491.903000
492.516000
493.146000
493.760000
494.373000
495.003000
495.616000
496.246000
496.860000
497.473000
498.103000
498.717000
499.347000
499.960000
500.574000
501.204000
501.817000
502.447000
503.061000
503.674000
504.304000
504.917000
505.547000
506.161000
506.774000
507.404000
508.018000
508.648000
509.261000
509.875000
510.505000
511.118000
511.748000
512.361000
512.975000
513.605000
514.218000
514.848000
515.462000
516.075000
516.705000
517.319000
517.949000
518.562000
519.176000
519.806000
520.419000
521.049000
521.662000
522.276000
522.906000
523.519000
524.133000
524.763000
525.376000
526.006000
526.620000
527.233000
527.863000
528.476000
529.106000
529.720000
530.333000
530.963000
531.577000
532.207000
532.820000
533.434000
534.064000
534.677000
535.307000
535.920000
536.534000
537.164000
537.777000
538.407000
549.416000
550.046000
550.659000
551.273000
551.903000
553.146000
553.760000
554.373000
555.003000
555.617000
556.247000
556.860000
557.473000
558.103000
558.717000
559.347000
559.960000
560.574000
561.204000
561.817000
562.447000
563.674000
564.304000
564.918000
566.161000
566.774000
567.404000
568.018000
568.648000
569.261000
569.875000
570.505000
571.118000
571.732000
572.362000
572.975000
573.605000
574.218000
574.832000
575.462000
576.075000
576.705000
577.319000
577.932000
578.562000
579.176000
579.806000
580.419000
581.033000
581.663000
582.276000
582.906000
583.519000
584.133000
584.763000
585.376000
586.006000
586.620000
587.233000
587.863000
588.477000
589.107000
589.720000
590.333000
590.963000
591.577000
592.207000
592.820000
593.434000
594.064000
594.677000
595.307000
595.921000
597.164000
597.777000
598.408000
610.046000
610.660000
611.273000
611.903000
612.516000
613.146000
613.760000
614.373000
615.003000
615.617000
616.247000
616.860000
617.474000
618.104000
618.717000
619.347000
619.960000
620.574000
621.204000
621.817000
622.447000
623.061000
623.674000
624.304000
624.918000
625.548000
626.161000
626.775000
628.018000
628.648000
629.261000
629.875000
630.505000
631.118000
631.748000
632.362000
632.975000
633.605000
634.219000
634.849000
635.462000
636.075000
636.705000
637.949000
638.562000
639.176000
640.419000
641.033000
641.663000
642.276000
642.906000
643.520000
644.133000
644.763000
645.376000
646.006000
647.233000
647.863000
648.477000
649.107000
649.720000
650.334000
650.964000
651.577000
652.207000
653.434000
654.064000
654.677000
655.307000
655.921000
656.534000
657.164000
657.778000
658.408000
669.416000
670.046000
670.660000
671.273000
671.903000
672.517000
673.147000
673.760000
674.373000
675.617000
676.247000
676.860000
677.474000
678.104000
678.717000
679.347000
679.961000
681.204000
681.817000
682.447000
683.061000
684.304000
684.918000
685.548000
686.161000
686.775000
687.405000
688.018000
688.648000
689.262000
689.875000
691.118000
691.748000
692.362000
692.975000
694.219000
694.849000
695.462000
696.076000
696.706000
697.319000
697.949000
698.562000
699.176000
699.806000
700.419000
701.033000
701.663000
702.276000
702.906000
703.520000
704.133000
704.763000
705.377000
706.007000
706.620000
707.233000
707.863000
708.477000
709.107000
709.720000
710.334000
710.964000
711.577000
712.207000
712.821000
713.434000
714.064000
714.677000
715.307000
715.921000
716.534000
717.164000
717.778000
729.416000
730.046000
730.660000
731.273000
731.903000
732.517000
733.147000
733.760000
734.374000
735.004000
735.617000
736.247000
736.860000
737.474000
738.104000
738.717000
739.347000
739.961000
740.574000
741.204000
741.818000
742.448000
743.061000
744.918000
745.548000
746.161000
746.775000
747.405000
748.018000
748.648000
749.262000
749.875000
750.505000
751.119000
751.749000
752.362000
752.975000
753.605000
754.219000
755.462000
756.076000
756.706000
757.319000
757.933000
759.806000
760.419000
761.033000
761.663000
762.276000
762.906000
763.520000
764.133000
765.377000
766.007000
766.620000
767.864000
768.477000
769.107000
770.334000
770.964000
771.577000
772.207000
772.821000
773.434000
774.064000
774.678000
775.308000
775.921000
776.534000
777.164000
777.778000
778.408000
789.417000
790.047000
790.660000
791.273000
791.903000
792.517000
793.147000
793.760000
794.374000
795.004000
795.617000
796.247000
796.861000
797.474000
798.104000
798.717000
799.347000
799.961000
800.574000
801.204000
801.818000
802.448000
803.061000
803.675000
804.305000
804.918000
805.548000
806.162000
806.775000
807.405000
808.018000
808.648000
809.262000
809.875000
810.505000
811.119000
811.749000
812.362000
812.976000
813.606000
814.219000
814.849000
815.462000
816.076000
816.706000
817.319000
817.933000
818.563000
819.176000
819.806000
820.420000
821.663000
822.277000
822.906000
823.520000
824.133000
824.763000
825.377000
826.007000
827.234000
827.864000
828.477000
829.107000
829.721000
830.334000
830.964000
831.577000
832.207000
832.821000
833.434000
834.678000
835.308000
835.921000
836.535000
837.165000
837.778000
838.408000
849.417000
850.047000
850.660000
851.274000
851.904000
852.517000
853.147000
853.760000
854.374000
855.004000
855.617000
856.247000
856.861000
857.474000
858.104000
858.718000
859.348000
859.961000
860.574000
861.204000
861.818000
863.061000
863.675000
864.305000
864.918000
865.548000
866.162000
866.775000
867.405000
868.019000
868.649000
869.262000
869.875000
870.505000
871.119000
871.749000
872.362000
872.976000
873.606000
874.219000
874.833000
876.076000
876.706000
877.319000
877.933000
878.563000
879.806000
880.420000
881.033000
881.663000
882.277000
882.907000
883.520000
884.133000
886.007000
886.620000
887.234000
887.864000
888.477000
889.107000
890.334000
890.964000
891.578000
892.208000
892.821000
893.434000
894.064000
894.678000
895.308000
895.921000
896.535000
897.778000
898.408000
909.417000
910.047000
910.660000
911.274000
911.904000
912.517000
913.147000
913.761000
914.374000
915.004000
915.617000
916.247000
916.861000
918.104000
919.348000
919.961000
920.575000
921.205000
921.818000
922.448000
923.061000
923.675000
924.305000
924.918000
925.548000
926.162000
926.775000
927.405000
928.019000
928.649000
929.262000
929.875000
930.506000
931.119000
932.362000
932.976000
933.606000
934.219000
934.833000
935.463000
936.076000
936.706000
937.320000
937.933000
938.563000
939.176000
940.420000
941.033000
941.663000
942.277000
942.907000
943.520000
944.134000
944.764000
945.377000
946.007000
946.621000
947.234000
947.864000
948.477000
949.107000
950.334000
951.578000
952.208000
952.821000
953.435000
954.065000
954.678000
955.308000
956.535000
957.165000
958.408000
969.417000
970.660000
971.274000
971.904000
972.517000
973.147000
973.761000
974.374000
975.004000
975.618000
976.248000
976.861000
977.474000
978.104000
978.718000
979.348000
979.961000
980.575000
981.205000
981.818000
982.448000
983.062000
983.675000
984.305000
984.918000
985.548000
986.162000
986.775000
987.405000
988.019000
988.649000
989.262000
989.876000
990.506000
991.733000
992.976000
993.606000
994.219000
994.833000
995.463000
996.076000
996.706000
997.320000
997.933000
998.563000
999.177000
999.807000
1000.420000
1001.033000
1001.663000
1002.277000
1002.907000
1003.520000
1004.134000
1006.007000
1006.621000
1007.234000
1007.864000
1008.478000
1009.721000
1010.334000
1010.964000
1011.578000
1012.208000
1013.435000
1014.065000
1014.678000
1015.308000
1015.922000
1016.535000
1017.165000
1017.778000
1018.408000
