1049.193000
1050.436000
1051.680000
1056.637000
1064.081000
1067.795000
1072.752000
1077.725000
1086.396000
1098.035000
1100.522000
1102.992000
1106.723000
1117.880000
1122.837000
1132.752000
1140.196000
1142.683000
1160.522000
1170.436000
1179.124000
1184.081000
1185.325000
1192.752000
1218.035000
1221.766000
1222.992000
1226.723000
1237.881000
1239.124000
1240.367000
1249.038000
1250.282000
1297.881000
1301.595000
1305.325000
1309.039000
1317.726000
1320.196000
1321.440000
1338.036000
1340.522000
1341.766000
1346.723000
1347.966000
1354.167000
1357.881000
1361.595000
1367.795000
1376.483000
1378.953000
1381.440000
1398.036000
1400.523000
1406.723000
1407.967000
1412.924000
1419.124000
1425.325000
1429.039000
1430.282000
1431.526000
1438.953000
1442.683000
1445.154000
1472.924000
1477.881000
1493.996000
1500.197000
1518.036000
1531.681000
1536.638000
1542.838000
1546.552000
1552.753000
1553.996000
1558.953000
1561.440000
1589.194000
1590.437000
1595.395000
1602.839000
1618.954000
1655.395000
1659.125000
1661.595000
1675.240000
1680.197000
1699.280000
1702.994000
1706.724000
1717.882000
1719.125000
1730.283000
1745.154000
