1038.665000
1039.278000
1039.892000
1040.522000
1041.135000
1041.765000
1042.379000
1042.992000
1043.622000
1044.236000
1044.866000
1045.479000
1046.092000
1046.722000
1047.336000
1047.966000
1048.579000
1049.193000
1049.823000
1050.436000
1051.066000
1051.680000
1052.293000
1052.923000
1053.536000
1054.166000
1054.780000
1055.393000
1056.023000
1056.637000
1057.267000
1057.880000
1058.494000
1059.124000
1059.737000
1060.367000
1060.981000
1061.594000
1062.224000
1062.837000
1063.467000
1064.081000
1064.694000
1065.324000
1065.938000
1066.568000
1067.181000
1067.795000
1068.425000
1069.038000
1069.668000
1070.281000
1070.895000
1071.525000
1072.138000
1072.752000
1073.382000
1073.995000
1074.625000
1075.239000
1075.852000
1076.482000
1077.095000
1077.725000
1078.339000
1078.952000
1080.196000
1080.826000
1081.439000
1082.053000
1082.683000
1083.296000
1083.926000
1084.540000
1085.153000
1085.783000
1086.396000
1097.422000
1098.035000
1098.665000
1099.278000
1099.892000
1100.522000
1101.135000
1101.765000
1102.379000
1102.992000
1103.622000
1104.236000
1104.866000
1105.479000
1106.093000
1106.723000
1107.336000
1108.579000
1109.193000
1109.823000
1110.436000
1111.066000
1111.680000
1112.293000
1112.923000
1113.537000
1114.167000
1114.780000
1115.393000
1116.023000
1117.267000
1117.880000
1118.494000
1119.124000
1120.367000
1120.981000
1121.594000
1122.224000
1122.837000
1123.468000
1124.081000
1124.694000
1125.324000
1125.938000
1126.568000
1127.181000
1127.795000
1128.425000
1129.038000
1130.282000
1130.895000
1132.138000
1132.752000
1133.382000
1133.995000
1134.625000
1135.239000
1135.852000
1137.096000
1137.726000
1138.339000
1138.952000
1139.582000
1140.196000
1140.826000
1141.439000
1142.683000
1143.296000
1143.926000
1144.540000
1145.783000
1146.397000
1158.035000
1158.665000
1159.279000
1159.892000
1160.522000
1161.135000
1161.765000
1162.379000
1162.992000
1164.236000
1164.866000
1165.479000
1166.093000
1166.723000
1167.336000
1167.966000
1168.580000
1169.193000
1169.823000
1170.436000
1171.066000
1171.680000
1172.293000
1172.923000
1173.537000
1174.780000
1175.394000
1176.024000
1176.637000
1177.880000
1178.494000
1179.124000
1179.737000
1180.367000
1180.981000
1181.594000
1182.224000
1182.838000
1183.468000
1184.081000
1184.695000
1185.325000
1185.938000
1186.568000
1187.181000
1187.795000
1188.425000
1189.038000
1189.652000
1190.282000
1191.525000
1192.139000
1192.752000
1193.382000
1193.995000
1194.625000
1195.239000
1195.852000
1196.482000
1197.096000
1197.726000
1198.339000
1198.953000
1199.583000
1200.196000
1200.826000
1201.440000
1202.053000
1203.296000
1203.926000
1204.540000
1205.153000
1205.783000
1206.397000
1217.422000
1218.035000
1218.665000
1219.279000
1219.892000
1220.522000
1221.136000
1221.766000
1222.379000
1222.992000
1223.622000
1224.236000
1224.866000
1225.479000
1226.093000
1226.723000
1227.336000
1228.580000
1229.193000
1229.823000
1230.437000
1231.067000
1231.680000
1232.293000
1232.923000
1233.537000
1234.167000
1234.780000
1235.394000
1236.024000
1236.637000
1237.267000
1237.881000
1238.494000
1239.124000
1239.737000
1240.367000
1240.981000
1241.594000
1242.224000
1242.838000
1243.468000
1244.081000
1244.695000
1245.325000
1245.938000
1246.552000
1247.182000
1247.795000
1248.425000
1249.038000
1249.652000
1250.282000
1250.895000
1251.525000
1252.139000
1252.752000
1253.382000
1253.996000
1254.626000
1255.239000
1255.852000
1256.482000
1257.096000
1258.339000
1258.953000
1259.583000
1260.196000
1260.826000
1261.440000
1262.053000
1262.683000
1263.297000
1263.927000
1264.540000
1265.153000
1266.397000
1277.422000
1278.035000
1278.665000
1279.279000
1279.892000
1280.522000
1281.136000
1281.766000
1282.379000
1282.993000
1283.623000
1284.236000
1284.866000
1285.479000
1286.093000
1286.723000
1287.336000
1287.966000
1288.580000
1289.193000
1289.823000
1290.437000
1291.067000
1291.680000
1292.294000
1292.924000
1293.537000
1294.167000
1294.780000
1295.394000
1296.024000
1296.637000
1297.267000
1297.881000
1298.494000
1299.124000
1299.738000
1300.368000
1300.981000
1301.595000
1302.838000
1303.468000
1304.081000
1304.695000
1305.325000
1305.938000
1307.182000
1307.795000
1308.425000
1309.039000
1309.652000
1310.282000
1311.525000
1312.139000
1312.752000
1313.382000
1313.996000
1314.626000
1315.239000
1316.483000
1317.096000
1317.726000
1318.339000
1318.953000
1319.583000
1320.196000
1320.826000
1321.440000
1322.053000
1322.683000
1323.297000
1325.154000
1325.784000
1326.397000
1337.422000
1338.036000
1338.666000
1339.279000
1339.892000
1340.522000
1341.136000
1341.766000
1342.379000
1342.993000
1343.623000
1344.236000
1344.866000
1345.480000
1346.093000
1346.723000
1347.336000
1347.966000
1348.580000
1349.193000
1349.823000
1350.437000
1351.067000
1352.294000
1352.924000
1353.537000
1354.167000
1354.781000
1355.394000
1356.024000
1356.637000
1357.267000
1357.881000
1358.494000
1359.124000
1359.738000
1360.368000
1360.981000
1361.595000
1362.225000
1362.838000
1363.468000
1365.325000
1365.938000
1366.552000
1367.182000
1367.795000
1368.425000
1369.039000
1369.652000
1370.282000
1370.896000
1371.526000
1372.139000
1372.752000
1373.382000
1373.996000
1374.626000
1375.239000
1375.853000
1376.483000
1377.096000
1377.726000
1378.340000
1378.953000
1379.583000
1380.196000
1381.440000
1382.053000
1382.683000
1383.297000
1383.927000
1384.540000
1386.397000
1397.422000
1398.036000
1398.666000
1399.279000
1399.893000
1400.523000
1401.136000
1401.766000
1402.379000
1402.993000
1403.623000
1404.236000
1404.866000
1405.480000
1406.093000
1406.723000
1407.337000
1407.967000
1408.580000
1409.193000
1409.823000
1410.437000
1411.067000
1411.680000
1412.294000
1412.924000
1413.537000
1414.167000
1414.781000
1415.394000
1416.024000
1416.638000
1417.268000
1417.881000
1418.494000
1419.124000
1419.738000
1420.368000
1420.981000
1421.595000
1422.225000
1422.838000
1423.452000
1424.082000
1424.695000
1425.325000
1425.938000
1426.552000
1427.182000
1427.795000
1428.425000
1429.039000
1429.652000
1430.282000
1430.896000
1431.526000
1432.139000
1432.753000
1433.383000
1433.996000
1434.626000
1436.483000
1437.096000
1437.726000
1438.340000
1438.953000
1439.583000
1440.197000
1440.827000
1441.440000
1442.053000
1442.683000
1443.927000
1444.540000
1445.154000
1445.784000
1446.397000
1457.422000
1458.036000
1459.279000
1459.893000
1460.523000
1461.136000
1461.766000
1462.380000
1462.993000
1464.236000
1464.866000
1465.480000
1466.093000
1466.723000
1467.337000
1467.967000
1468.580000
1469.194000
1469.824000
1470.437000
1471.067000
1472.294000
1472.924000
1473.537000
1474.167000
1474.781000
1475.394000
1476.024000
1476.638000
1477.268000
1477.881000
1478.495000
1479.738000
1480.368000
1480.981000
1481.595000
1482.225000
1482.838000
1483.452000
1484.082000
1484.695000
1485.325000
1485.939000
1486.552000
1487.795000
1488.425000
1489.039000
1489.652000
1490.282000
1490.896000
1491.526000
1492.139000
1492.753000
1493.383000
1493.996000
1494.626000
1495.240000
1495.853000
1496.483000
1497.096000
1497.726000
1498.340000
1498.953000
1499.583000
1500.197000
1500.827000
1501.440000
1502.054000
1502.684000
1503.297000
1504.540000
1505.154000
1505.784000
1506.397000
1517.423000
1518.036000
1518.666000
1519.279000
1519.893000
1520.523000
1521.136000
1521.766000
1522.380000
1522.993000
1523.623000
1524.237000
1524.867000
1525.480000
1526.093000
1526.723000
1527.337000
1527.967000
1528.580000
1529.194000
1529.824000
1530.437000
1531.067000
1531.681000
1532.294000
1532.924000
1533.538000
1534.168000
1534.781000
1535.394000
1536.024000
1536.638000
1537.268000
1537.881000
1538.495000
1539.738000
1540.352000
1540.982000
1541.595000
1542.225000
1542.838000
1543.452000
1544.082000
1544.695000
1545.325000
1545.939000
1546.552000
1547.182000
1547.796000
1548.426000
1549.039000
1549.652000
1550.282000
1551.526000
1552.139000
1552.753000
1553.383000
1553.996000
1556.483000
1558.340000
1558.953000
1559.583000
1560.197000
1560.827000
1561.440000
1562.054000
1562.684000
1563.297000
1563.927000
1564.541000
1565.154000
1565.784000
1566.397000
1577.423000
1578.036000
1578.666000
1579.280000
1579.893000
1580.523000
1581.136000
1581.766000
1582.380000
1582.993000
1584.237000
1584.867000
1585.480000
1586.724000
1587.337000
1588.580000
1589.194000
1589.824000
1590.437000
1591.067000
1591.681000
1592.294000
1592.924000
1593.538000
1594.168000
1595.395000
1596.025000
1596.638000
1597.268000
1597.881000
1599.125000
1599.738000
1600.352000
1600.982000
1601.595000
1602.225000
1602.839000
1603.452000
1604.082000
1604.695000
1605.325000
1607.182000
1608.426000
1609.039000
1609.653000
1610.283000
1610.896000
1611.526000
1612.139000
1612.753000
1613.383000
1613.996000
1614.626000
1615.240000
1616.483000
1617.097000
1617.727000
1618.340000
1618.954000
1619.584000
1620.827000
1621.440000
1622.054000
1622.684000
1623.297000
1623.927000
1624.541000
1625.154000
1626.398000
1637.423000
1638.036000
1638.666000
1639.280000
1639.893000
1640.523000
1641.137000
1641.767000
1642.380000
1642.993000
1643.623000
1644.237000
1644.867000
1645.480000
1646.094000
1646.724000
1647.337000
1647.967000
1649.194000
1649.824000
1650.437000
1651.067000
1651.681000
1652.924000
1653.538000
1654.168000
1654.781000
1655.395000
1656.025000
1656.638000
1657.252000
1659.125000
1659.738000
1660.352000
1660.982000
1661.595000
1663.452000
1664.082000
1664.696000
1665.326000
1665.939000
1666.552000
1667.182000
1667.796000
1668.426000
1669.039000
1669.653000
1670.283000
1670.896000
1672.753000
1673.383000
1673.997000
1674.627000
1675.240000
1675.853000
1676.483000
1677.097000
1677.727000
1678.340000
1678.954000
1680.197000
1680.827000
1681.441000
1682.054000
1682.684000
1683.297000
1683.927000
1684.541000
1686.398000
1697.423000
1698.036000
1698.666000
1699.280000
1699.893000
1700.523000
1701.767000
1702.380000
1702.994000
1704.237000
1704.867000
1705.480000
1706.094000
1706.724000
1707.337000
1707.967000
1708.581000
1709.194000
1709.824000
1710.438000
1712.295000
1712.924000
1713.538000
1714.168000
1714.781000
1716.025000
1716.638000
1717.252000
1717.882000
1718.495000
1719.125000
1719.739000
1720.352000
1720.982000
1721.595000
1722.225000
1723.452000
1724.696000
1725.939000
1726.553000
1727.796000
1728.426000
1729.039000
1729.653000
1730.283000
1730.896000
1732.140000
1733.383000
1733.997000
1734.627000
1735.240000
1735.854000
1736.484000
1737.097000
1737.727000
1738.340000
1738.954000
1739.584000
1740.197000
1740.827000
1741.441000
1742.054000
1742.684000
1743.928000
1744.541000
1745.154000
1746.398000
