1038.665000
1039.892000
1041.135000
1042.379000
1043.622000
1044.866000
1046.092000
1047.336000
1048.579000
1049.823000
1051.066000
1052.293000
1053.536000
1054.780000
1056.023000
1057.267000
1058.494000
1059.737000
1060.981000
1062.224000
1063.467000
1064.694000
1065.938000
1067.181000
1068.425000
1069.668000
1070.895000
1072.138000
1073.382000
1074.625000
1075.852000
1077.095000
1078.339000
1080.826000
1082.053000
1083.296000
1084.540000
1085.783000
1097.422000
1098.665000
1099.892000
1101.135000
1102.379000
1103.622000
1104.866000
1106.093000
1107.336000
1108.579000
1109.823000
1111.066000
1112.293000
1113.537000
1114.780000
1116.023000
1117.267000
1118.494000
1120.981000
1122.224000
1123.468000
1124.694000
1125.938000
1127.181000
1128.425000
1130.895000
1132.138000
1133.382000
1134.625000
1135.852000
1137.096000
1138.339000
1139.582000
1140.826000
1143.296000
1144.540000
1145.783000
1158.665000
1159.892000
1161.135000
1162.379000
1164.866000
1166.093000
1167.336000
1168.580000
1169.823000
1171.066000
1172.293000
1173.537000
1174.780000
1176.024000
1178.494000
1179.737000
1180.981000
1182.224000
1183.468000
1184.695000
1185.938000
1187.181000
1188.425000
1189.652000
1192.139000
1193.382000
1194.625000
1195.852000
1197.096000
1198.339000
1199.583000
1200.826000
1202.053000
1203.296000
1204.540000
1205.783000
1217.422000
1218.665000
1219.892000
1221.136000
1222.379000
1223.622000
1224.866000
1226.093000
1227.336000
1228.580000
1229.823000
1231.067000
1232.293000
1233.537000
1234.780000
1236.024000
1237.267000
1238.494000
1239.737000
1240.981000
1242.224000
1243.468000
1244.695000
1245.938000
1247.182000
1248.425000
1249.652000
1250.895000
1252.139000
1253.382000
1254.626000
1255.852000
1257.096000
1258.339000
1259.583000
1260.826000
1262.053000
1263.297000
1264.540000
1277.422000
1278.665000
1279.892000
1281.136000
1282.379000
1283.623000
1284.866000
1286.093000
1287.336000
1288.580000
1289.823000
1291.067000
1292.294000
1293.537000
1294.780000
1296.024000
1297.267000
1298.494000
1299.738000
1300.981000
1303.468000
1304.695000
1305.938000
1307.182000
1308.425000
1309.652000
1312.139000
1313.382000
1314.626000
1317.096000
1318.339000
1319.583000
1320.826000
1322.053000
1323.297000
1325.784000
1337.422000
1338.666000
1339.892000
1341.136000
1342.379000
1343.623000
1344.866000
1346.093000
1347.336000
1348.580000
1349.823000
1351.067000
1352.294000
1353.537000
1354.781000
1356.024000
1357.267000
1358.494000
1359.738000
1360.981000
1362.225000
1363.468000
1365.938000
1367.182000
1368.425000
1369.652000
1370.896000
1372.139000
1373.382000
1374.626000
1375.853000
1377.096000
1378.340000
1379.583000
1382.053000
1383.297000
1384.540000
1397.422000
1398.666000
1399.893000
1401.136000
1402.379000
1403.623000
1404.866000
1406.093000
1407.337000
1408.580000
1409.823000
1411.067000
1412.294000
1413.537000
1414.781000
1416.024000
1417.268000
1418.494000
1419.738000
1420.981000
1422.225000
1423.452000
1424.695000
1425.938000
1427.182000
1428.425000
1429.652000
1430.896000
1432.139000
1433.383000
1434.626000
1437.096000
1438.340000
1439.583000
1440.827000
1442.053000
1444.540000
1445.784000
1457.422000
1459.893000
1461.136000
1462.380000
1464.866000
1466.093000
1467.337000
1468.580000
1469.824000
1471.067000
1472.294000
1473.537000
1474.781000
1476.024000
1477.268000
1478.495000
1479.738000
1480.981000
1482.225000
1483.452000
1484.695000
1485.939000
1488.425000
1489.652000
1490.896000
1492.139000
1493.383000
1494.626000
1495.853000
1497.096000
1498.340000
1499.583000
1500.827000
1502.054000
1503.297000
1504.540000
1505.784000
1517.423000
1518.666000
1519.893000
1521.136000
1522.380000
1523.623000
1524.867000
1526.093000
1527.337000
1528.580000
1529.824000
1531.067000
1532.294000
1533.538000
1534.781000
1536.024000
1537.268000
1538.495000
1539.738000
1540.982000
1542.225000
1543.452000
1544.695000
1545.939000
1547.182000
1548.426000
1549.652000
1552.139000
1553.383000
1558.340000
1559.583000
1560.827000
1562.054000
1563.297000
1564.541000
1565.784000
1577.423000
1578.666000
1579.893000
1581.136000
1582.380000
1584.867000
1587.337000
1588.580000
1589.824000
1591.067000
1592.294000
1593.538000
1596.025000
1597.268000
1599.738000
1600.982000
1602.225000
1603.452000
1604.695000
1607.182000
1608.426000
1609.653000
1610.896000
1612.139000
1613.383000
1614.626000
1617.097000
1618.340000
1619.584000
1620.827000
1622.054000
1623.297000
1624.541000
1637.423000
1638.666000
1639.893000
1641.137000
1642.380000
1643.623000
1644.867000
1646.094000
1647.337000
1649.824000
1651.067000
1653.538000
1654.781000
1656.025000
1657.252000
1659.738000
1660.982000
1663.452000
1664.696000
1665.939000
1667.182000
1668.426000
1669.653000
1670.896000
1673.383000
1674.627000
1675.853000
1677.097000
1678.340000
1680.827000
1682.054000
1683.297000
1684.541000
1697.423000
1698.666000
1699.893000
1702.380000
1704.867000
1706.094000
1707.337000
1708.581000
1709.824000
1712.295000
1713.538000
1714.781000
1716.025000
1717.252000
1718.495000
1719.739000
1720.982000
1722.225000
1723.452000
1724.696000
1725.939000
1728.426000
1729.653000
1730.896000
1732.140000
1733.383000
1734.627000
1735.854000
1737.097000
1738.340000
1739.584000
1740.827000
1742.054000
1744.541000
