6.321000
6.951000
7.564000
8.194000
8.808000
9.421000
10.051000
10.665000
11.295000
11.908000
12.522000
13.152000
13.765000
14.395000
15.008000
15.622000
16.252000
16.865000
17.495000
18.109000
18.722000
19.352000
19.966000
20.596000
21.209000
21.822000
22.452000
23.066000
23.696000
24.309000
24.923000
25.553000
26.166000
26.780000
27.410000
28.023000
28.653000
29.266000
29.880000
30.510000
31.123000
31.753000
32.367000
32.980000
33.610000
34.224000
34.854000
35.467000
36.081000
36.711000
37.324000
37.954000
38.567000
39.181000
39.811000
40.424000
41.054000
41.668000
42.281000
42.911000
43.525000
44.155000
44.768000
45.381000
46.011000
46.625000
47.255000
47.868000
48.482000
49.112000
49.725000
50.355000
50.969000
51.582000
52.212000
52.826000
53.456000
54.069000
54.682000
55.312000
55.926000
56.556000
57.169000
57.783000
58.413000
66.321000
66.951000
67.564000
68.194000
68.808000
69.421000
70.051000
70.665000
71.295000
71.908000
72.522000
73.152000
73.765000
74.395000
75.009000
75.622000
76.252000
76.865000
77.495000
78.109000
78.722000
79.352000
79.966000
80.596000
81.209000
81.823000
82.453000
83.066000
83.696000
84.309000
84.923000
85.553000
86.166000
86.780000
87.410000
88.023000
88.653000
89.267000
89.880000
90.510000
91.124000
91.754000
92.367000
92.980000
93.610000
94.224000
94.854000
95.467000
96.081000
96.711000
97.324000
97.954000
98.568000
99.181000
99.811000
100.424000
101.054000
101.668000
102.281000
102.911000
103.525000
104.155000
104.768000
105.382000
106.012000
106.625000
107.255000
107.868000
108.482000
109.112000
109.725000
110.355000
110.969000
111.582000
112.212000
112.826000
113.456000
114.069000
114.683000
115.313000
115.926000
116.556000
117.169000
117.783000
118.413000
126.321000
126.951000
127.565000
128.195000
128.808000
129.421000
130.052000
130.665000
131.295000
131.908000
132.522000
133.152000
133.765000
134.395000
135.009000
135.622000
136.252000
136.866000
137.496000
138.109000
138.722000
139.352000
139.966000
140.596000
141.209000
141.823000
142.453000
143.066000
143.680000
144.310000
144.923000
145.553000
146.166000
146.780000
147.410000
148.023000
148.653000
149.267000
149.880000
150.510000
151.124000
151.754000
152.367000
152.981000
153.611000
154.224000
154.854000
155.467000
156.081000
156.711000
157.324000
157.954000
158.568000
159.181000
159.811000
160.425000
161.055000
161.668000
162.281000
162.911000
163.525000
164.155000
164.768000
165.382000
166.012000
166.625000
167.255000
167.869000
168.482000
169.112000
169.726000
170.356000
170.969000
171.582000
172.212000
172.826000
173.456000
174.069000
174.683000
175.313000
175.926000
176.540000
177.170000
177.783000
178.413000
186.321000
186.951000
187.565000
188.195000
188.808000
189.422000
190.052000
190.665000
191.295000
191.908000
192.522000
193.152000
193.765000
194.395000
195.009000
195.622000
196.252000
196.866000
197.496000
198.109000
198.723000
199.353000
199.966000
200.596000
201.209000
201.823000
202.453000
203.066000
203.680000
204.310000
204.923000
205.553000
206.167000
206.780000
207.410000
208.023000
208.653000
209.267000
209.880000
210.510000
211.124000
211.754000
212.367000
212.981000
213.611000
214.224000
214.854000
215.468000
216.081000
216.711000
217.324000
217.954000
218.568000
219.181000
219.811000
220.425000
221.055000
221.668000
222.282000
222.912000
223.525000
224.155000
224.768000
225.382000
226.012000
226.625000
227.255000
227.869000
228.482000
229.112000
229.726000
230.356000
230.969000
231.582000
232.213000
232.826000
233.456000
234.069000
234.683000
235.313000
235.926000
236.540000
237.170000
237.783000
238.413000
246.321000
246.951000
247.565000
248.195000
248.808000
249.422000
250.052000
250.665000
251.295000
251.909000
252.522000
253.152000
253.765000
254.395000
255.009000
255.622000
256.252000
256.866000
257.496000
258.109000
258.723000
259.353000
259.966000
260.580000
261.210000
261.823000
262.453000
263.066000
263.680000
264.310000
264.923000
265.553000
266.167000
266.780000
267.410000
268.024000
268.654000
269.267000
269.881000
270.510000
271.124000
271.754000
272.367000
272.981000
273.611000
274.224000
274.854000
275.468000
276.081000
276.711000
277.325000
277.955000
278.568000
279.181000
279.811000
280.425000
281.055000
281.668000
282.282000
282.912000
283.525000
284.155000
284.769000
285.382000
286.012000
286.625000
287.255000
287.869000
288.482000
289.112000
289.726000
290.356000
290.969000
291.583000
292.213000
292.826000
293.440000
294.070000
294.683000
295.313000
295.926000
296.540000
297.170000
297.783000
298.413000
306.322000
306.952000
307.565000
308.195000
308.808000
309.422000
310.052000
310.665000
311.295000
311.909000
312.522000
313.152000
313.766000
314.396000
315.009000
315.623000
316.252000
316.866000
317.496000
318.109000
318.723000
319.353000
319.966000
320.580000
321.210000
321.823000
322.453000
323.067000
323.680000
324.310000
324.923000
325.553000
326.167000
326.780000
327.410000
328.024000
328.654000
329.267000
329.881000
330.511000
331.124000
331.754000
332.367000
332.981000
333.611000
334.224000
334.854000
335.468000
336.081000
336.711000
337.325000
337.955000
338.568000
339.182000
339.812000
340.425000
341.055000
341.668000
342.282000
342.912000
343.525000
344.155000
344.769000
345.382000
346.012000
346.626000
347.256000
347.869000
348.482000
349.112000
349.726000
350.356000
350.969000
351.583000
352.213000
352.826000
353.440000
354.070000
354.683000
355.313000
355.927000
356.540000
357.170000
357.783000
358.413000
366.322000
366.952000
367.565000
368.195000
368.809000
369.422000
370.052000
370.665000
371.295000
371.909000
372.522000
373.152000
373.766000
374.396000
375.009000
375.623000
376.253000
376.866000
377.479000
378.109000
378.723000
379.353000
379.966000
380.580000
381.210000
381.823000
382.453000
383.067000
383.680000
384.310000
384.924000
385.554000
386.167000
386.780000
387.410000
388.024000
388.654000
389.267000
389.881000
390.511000
391.124000
391.754000
392.368000
392.981000
393.611000
394.224000
394.855000
395.468000
396.081000
396.711000
397.325000
397.955000
398.568000
399.182000
399.812000
400.425000
401.055000
401.669000
402.282000
402.912000
403.525000
404.155000
404.769000
405.382000
406.012000
406.626000
407.256000
407.869000
408.483000
409.113000
409.726000
410.356000
410.969000
411.583000
412.213000
412.826000
413.440000
414.070000
414.683000
415.313000
415.927000
416.540000
417.170000
417.784000
418.414000
426.322000
426.952000
427.565000
428.195000
428.809000
429.422000
430.052000
430.666000
431.296000
431.909000
432.522000
433.152000
433.766000
434.396000
435.009000
435.623000
436.253000
436.866000
437.480000
438.110000
438.723000
439.353000
439.966000
440.580000
441.210000
441.823000
442.453000
443.067000
443.680000
444.310000
444.924000
445.554000
446.167000
446.781000
447.411000
448.024000
448.654000
449.267000
449.881000
450.511000
451.124000
451.754000
452.368000
452.981000
453.611000
454.225000
454.855000
455.468000
456.081000
456.712000
457.325000
457.955000
458.568000
459.182000
459.812000
460.425000
461.055000
461.669000
462.282000
462.912000
463.526000
464.156000
464.769000
465.382000
466.012000
466.626000
467.256000
467.869000
468.483000
469.113000
469.726000
470.340000
470.970000
471.583000
472.213000
472.826000
473.440000
474.070000
474.683000
475.313000
475.927000
476.540000
477.170000
477.784000
478.414000
486.322000
486.952000
487.565000
488.195000
488.809000
489.422000
490.052000
490.666000
491.296000
491.909000
492.523000
493.153000
493.766000
494.396000
495.009000
495.623000
496.253000
496.866000
497.496000
498.110000
498.723000
499.353000
499.967000
500.597000
501.210000
501.823000
502.454000
503.067000
503.697000
504.310000
504.924000
505.554000
506.167000
506.781000
507.411000
508.024000
508.654000
509.268000
509.881000
510.511000
511.124000
511.754000
512.368000
512.981000
513.611000
514.225000
514.855000
515.468000
516.082000
516.712000
517.325000
517.955000
518.568000
519.182000
519.812000
520.425000
521.055000
521.669000
522.282000
522.912000
523.526000
524.156000
524.769000
525.383000
526.013000
526.626000
527.256000
527.869000
528.483000
529.113000
529.726000
530.356000
530.970000
531.583000
532.213000
532.827000
533.457000
534.070000
534.683000
535.313000
535.927000
536.557000
537.170000
537.784000
538.414000
546.322000
546.952000
547.566000
548.196000
548.809000
549.422000
550.052000
550.666000
551.296000
551.909000
552.523000
553.153000
553.766000
554.380000
555.010000
555.623000
556.253000
556.866000
557.480000
558.110000
558.723000
559.353000
559.967000
560.580000
561.210000
561.824000
562.454000
563.067000
563.681000
564.311000
564.924000
565.554000
566.167000
566.781000
567.411000
568.024000
568.654000
569.268000
569.881000
570.511000
571.125000
571.755000
572.368000
572.981000
573.611000
574.225000
574.855000
575.468000
576.082000
576.712000
577.325000
577.955000
578.569000
579.182000
579.812000
580.426000
581.056000
581.669000
582.282000
582.912000
583.526000
584.156000
584.769000
585.383000
586.013000
586.626000
587.240000
587.870000
588.483000
589.113000
589.726000
590.340000
590.970000
591.583000
592.213000
592.827000
593.440000
594.070000
594.684000
595.314000
595.927000
596.540000
597.171000
597.784000
598.414000
606.322000
606.952000
607.566000
608.196000
608.809000
609.423000
610.053000
610.666000
611.296000
611.909000
612.523000
613.153000
613.766000
614.380000
615.010000
615.623000
616.253000
616.867000
617.480000
618.110000
618.723000
619.353000
619.967000
620.580000
621.210000
621.824000
622.454000
623.067000
623.681000
624.311000
624.924000
625.554000
626.168000
626.781000
627.411000
628.024000
628.654000
629.268000
629.881000
630.511000
631.125000
631.755000
632.368000
632.982000
633.612000
634.225000
634.855000
635.468000
636.082000
636.712000
637.325000
637.955000
638.569000
639.182000
639.812000
640.426000
641.056000
641.669000
642.283000
642.913000
643.526000
644.156000
644.769000
645.383000
646.013000
646.626000
647.240000
647.870000
648.483000
649.113000
649.727000
650.340000
650.970000
651.583000
652.213000
652.827000
653.440000
654.070000
654.684000
655.314000
655.927000
656.541000
657.171000
657.784000
658.414000
666.322000
666.936000
667.566000
668.179000
668.793000
669.423000
670.036000
670.666000
671.280000
671.893000
672.523000
673.136000
673.766000
674.380000
674.993000
675.623000
676.237000
676.867000
677.480000
678.094000
678.724000
679.337000
679.967000
680.580000
681.194000
681.824000
682.437000
683.067000
683.681000
684.294000
684.924000
685.538000
686.168000
686.781000
687.395000
688.025000
688.638000
689.268000
689.881000
690.495000
691.125000
691.738000
692.368000
692.982000
693.595000
694.225000
694.839000
695.469000
696.082000
696.695000
697.325000
697.939000
698.569000
699.182000
699.796000
700.426000
701.039000
701.653000
702.283000
702.896000
703.526000
704.140000
704.753000
705.383000
705.996000
706.626000
707.240000
707.853000
708.483000
709.097000
709.727000
710.340000
710.954000
711.584000
712.197000
712.827000
713.440000
714.054000
714.684000
715.297000
715.927000
716.541000
717.154000
717.784000
718.398000
726.322000
726.936000
727.566000
728.179000
728.793000
729.423000
730.036000
730.666000
731.280000
731.893000
732.523000
733.137000
733.767000
734.380000
734.993000
735.623000
736.237000
736.867000
737.480000
738.094000
738.724000
739.337000
739.967000
740.581000
741.194000
741.824000
742.437000
743.067000
743.681000
744.294000
744.924000
745.538000
746.168000
746.781000
747.395000
748.025000
748.638000
749.268000
749.882000
750.495000
751.125000
751.738000
752.368000
752.982000
753.595000
754.225000
754.839000
755.469000
756.082000
756.696000
757.326000
757.939000
758.569000
759.182000
759.796000
760.426000
761.039000
761.653000
762.283000
762.896000
763.526000
764.140000
764.753000
765.383000
765.997000
766.627000
767.240000
767.853000
768.483000
769.097000
769.727000
770.340000
770.954000
771.584000
772.197000
772.827000
773.441000
774.054000
774.684000
775.298000
775.927000
776.541000
777.154000
777.784000
778.398000
786.323000
786.936000
787.566000
788.179000
788.793000
789.423000
790.036000
790.666000
791.280000
791.893000
792.523000
793.137000
793.767000
794.380000
794.994000
795.624000
796.237000
796.867000
797.480000
798.094000
798.724000
799.337000
799.967000
800.581000
801.194000
801.824000
802.438000
803.068000
803.681000
804.294000
804.924000
805.538000
806.168000
806.781000
807.395000
808.025000
808.638000
809.252000
809.882000
810.495000
811.125000
811.739000
812.352000
812.982000
813.595000
814.225000
814.839000
815.452000
816.082000
816.696000
817.326000
817.939000
818.553000
819.183000
819.796000
820.426000
821.039000
821.653000
822.283000
822.896000
823.526000
824.140000
824.753000
825.383000
825.997000
826.627000
827.240000
827.854000
828.484000
829.097000
829.727000
830.340000
830.954000
831.584000
832.197000
832.827000
833.441000
834.054000
834.684000
835.298000
835.928000
836.541000
837.154000
837.784000
838.398000
846.323000
846.936000
847.566000
848.180000
848.793000
849.423000
850.036000
850.667000
851.280000
851.893000
852.523000
853.137000
853.767000
854.380000
854.994000
855.624000
856.237000
856.867000
857.481000
858.094000
858.724000
859.337000
859.967000
860.581000
861.194000
861.824000
862.438000
863.068000
863.681000
864.295000
864.925000
865.538000
866.168000
866.781000
867.395000
868.025000
868.638000
869.268000
869.882000
870.495000
871.125000
871.739000
872.369000
872.982000
873.596000
874.226000
874.839000
875.469000
876.082000
876.696000
877.326000
877.939000
878.553000
879.183000
879.796000
880.426000
881.040000
881.653000
882.283000
882.896000
883.526000
884.140000
884.753000
885.383000
885.997000
886.627000
887.240000
887.854000
888.484000
889.097000
889.727000
890.341000
890.954000
891.584000
892.197000
892.827000
893.441000
894.054000
894.684000
895.298000
895.928000
896.541000
897.155000
897.785000
898.398000
906.323000
906.936000
907.566000
908.180000
908.793000
909.423000
910.037000
910.667000
911.280000
911.893000
912.524000
913.137000
913.767000
914.380000
914.994000
915.624000
916.237000
916.867000
917.481000
918.094000
918.724000
919.338000
919.968000
920.581000
921.194000
921.824000
922.438000
923.068000
923.681000
924.295000
924.925000
925.538000
926.168000
926.782000
927.395000
928.025000
928.638000
929.269000
929.882000
930.495000
931.125000
931.739000
932.369000
932.982000
933.596000
934.226000
934.839000
935.453000
936.083000
936.696000
937.326000
937.939000
938.553000
939.183000
939.796000
940.426000
941.040000
941.653000
942.283000
942.897000
943.527000
944.140000
944.753000
945.383000
945.997000
946.627000
947.240000
947.854000
948.484000
949.097000
949.727000
950.341000
950.954000
951.584000
952.198000
952.828000
953.441000
954.054000
954.684000
955.298000
955.928000
956.541000
957.155000
957.785000
958.398000
966.323000
966.936000
967.566000
968.180000
968.793000
969.423000
970.037000
970.667000
971.280000
971.894000
972.524000
973.137000
973.767000
974.381000
974.994000
975.624000
976.237000
976.867000
977.481000
978.094000
978.724000
979.338000
979.968000
980.581000
981.195000
981.825000
982.438000
983.068000
983.681000
984.295000
984.925000
985.538000
986.168000
986.782000
987.395000
988.025000
988.639000
989.269000
989.882000
990.495000
991.126000
991.739000
992.369000
992.982000
993.596000
994.226000
994.839000
995.453000
996.083000
996.696000
997.326000
997.940000
998.553000
999.183000
999.796000
1000.426000
1001.040000
1001.653000
1002.283000
1002.897000
1003.527000
1004.140000
1004.754000
1005.384000
1005.997000
1006.627000
1007.240000
1007.854000
1008.484000
1009.097000
1009.727000
1010.341000
1010.954000
1011.584000
1012.198000
1012.828000
1013.441000
1014.055000
1014.685000
1015.298000
1015.928000
1016.541000
1017.155000
1017.785000
1018.398000
