310.665000
311.295000
311.909000
312.522000
313.152000
313.766000
314.396000
315.009000
315.623000
316.252000
316.866000
318.109000
318.723000
319.353000
319.966000
321.210000
321.823000
323.067000
323.680000
324.310000
325.553000
326.167000
326.780000
327.410000
328.024000
328.654000
329.267000
329.881000
330.511000
331.124000
331.754000
332.367000
332.981000
333.611000
334.854000
335.468000
336.081000
336.711000
337.325000
337.955000
338.568000
339.182000
339.812000
340.425000
341.055000
341.668000
342.912000
343.525000
344.155000
346.012000
346.626000
347.256000
347.869000
348.482000
349.112000
349.726000
350.356000
350.969000
351.583000
352.213000
352.826000
353.440000
354.683000
355.313000
355.927000
356.540000
357.170000
357.783000
358.413000
369.422000
370.052000
370.665000
371.909000
372.522000
373.152000
373.766000
374.396000
375.009000
375.623000
376.253000
376.866000
377.479000
378.109000
378.723000
379.353000
379.966000
380.580000
381.210000
381.823000
383.067000
383.680000
384.310000
384.924000
385.554000
386.167000
386.780000
387.410000
388.024000
388.654000
389.267000
389.881000
390.511000
391.124000
391.754000
392.368000
392.981000
393.611000
394.224000
394.855000
395.468000
396.081000
396.711000
397.325000
397.955000
398.568000
399.182000
399.812000
400.425000
401.055000
401.669000
402.282000
402.912000
403.525000
404.155000
404.769000
405.382000
406.012000
406.626000
407.256000
407.869000
408.483000
409.113000
409.726000
410.356000
410.969000
411.583000
412.213000
412.826000
413.440000
414.070000
414.683000
415.313000
415.927000
416.540000
417.170000
417.784000
429.422000
430.052000
431.296000
431.909000
432.522000
433.766000
434.396000
435.009000
435.623000
436.866000
437.480000
438.110000
438.723000
439.353000
439.966000
440.580000
441.210000
441.823000
442.453000
443.067000
443.680000
444.924000
445.554000
446.781000
447.411000
448.024000
449.267000
449.881000
450.511000
451.124000
451.754000
452.368000
452.981000
453.611000
454.225000
456.081000
456.712000
457.325000
457.955000
458.568000
459.182000
459.812000
460.425000
461.055000
461.669000
462.282000
462.912000
463.526000
464.156000
465.382000
466.012000
466.626000
467.256000
467.869000
468.483000
469.113000
469.726000
470.340000
470.970000
471.583000
472.213000
472.826000
473.440000
474.070000
474.683000
475.313000
476.540000
477.170000
477.784000
478.414000
489.422000
490.052000
490.666000
491.296000
491.909000
492.523000
493.153000
493.766000
494.396000
495.009000
495.623000
496.253000
496.866000
497.496000
498.110000
498.723000
499.967000
500.597000
501.210000
501.823000
502.454000
503.067000
503.697000
504.310000
504.924000
506.167000
506.781000
507.411000
508.024000
509.881000
510.511000
511.124000
511.754000
512.368000
512.981000
513.611000
514.225000
514.855000
515.468000
516.082000
516.712000
517.955000
518.568000
519.182000
520.425000
521.055000
521.669000
522.282000
522.912000
523.526000
524.156000
524.769000
525.383000
526.013000
528.483000
529.113000
529.726000
530.356000
530.970000
531.583000
532.213000
532.827000
533.457000
534.070000
534.683000
535.313000
535.927000
536.557000
537.170000
537.784000
538.414000
549.422000
550.052000
550.666000
551.296000
551.909000
552.523000
553.153000
553.766000
554.380000
555.010000
555.623000
556.253000
556.866000
557.480000
558.110000
558.723000
559.967000
560.580000
561.210000
561.824000
562.454000
563.067000
563.681000
564.311000
564.924000
565.554000
566.167000
566.781000
567.411000
568.024000
568.654000
569.268000
569.881000
571.125000
571.755000
572.368000
572.981000
574.225000
574.855000
575.468000
576.082000
576.712000
578.569000
579.812000
580.426000
581.056000
581.669000
582.282000
582.912000
583.526000
584.156000
584.769000
585.383000
586.013000
586.626000
587.870000
588.483000
589.113000
589.726000
590.970000
591.583000
592.213000
592.827000
593.440000
594.070000
595.314000
595.927000
597.784000
598.414000
609.423000
610.053000
611.296000
611.909000
612.523000
613.153000
613.766000
614.380000
615.010000
615.623000
616.867000
617.480000
618.110000
618.723000
619.353000
619.967000
620.580000
621.210000
621.824000
622.454000
623.067000
623.681000
625.554000
628.024000
628.654000
629.268000
629.881000
630.511000
632.368000
632.982000
633.612000
634.225000
634.855000
635.468000
636.082000
636.712000
637.325000
637.955000
638.569000
639.182000
639.812000
640.426000
641.056000
642.913000
643.526000
644.156000
644.769000
645.383000
646.013000
646.626000
647.240000
648.483000
649.113000
649.727000
650.970000
651.583000
652.213000
652.827000
653.440000
654.070000
654.684000
655.314000
655.927000
656.541000
657.171000
657.784000
658.414000
669.423000
670.036000
670.666000
671.280000
671.893000
672.523000
673.766000
674.993000
675.623000
676.867000
677.480000
678.094000
678.724000
679.337000
679.967000
680.580000
681.194000
681.824000
682.437000
683.067000
683.681000
684.294000
686.168000
686.781000
687.395000
688.025000
688.638000
689.268000
689.881000
690.495000
691.125000
691.738000
692.368000
692.982000
693.595000
694.225000
694.839000
695.469000
696.082000
696.695000
697.325000
697.939000
698.569000
699.182000
699.796000
700.426000
701.039000
701.653000
702.283000
702.896000
703.526000
704.140000
704.753000
705.383000
705.996000
706.626000
707.240000
707.853000
709.727000
710.340000
710.954000
711.584000
712.197000
712.827000
713.440000
714.054000
714.684000
716.541000
717.784000
718.398000
729.423000
730.036000
730.666000
731.280000
731.893000
732.523000
733.137000
733.767000
734.380000
734.993000
735.623000
737.480000
738.094000
738.724000
739.337000
739.967000
740.581000
741.194000
742.437000
743.067000
743.681000
744.924000
745.538000
746.781000
747.395000
748.025000
748.638000
749.268000
749.882000
751.125000
752.368000
752.982000
753.595000
754.225000
754.839000
756.082000
756.696000
757.326000
757.939000
758.569000
759.182000
761.039000
761.653000
764.753000
765.383000
765.997000
766.627000
767.240000
767.853000
768.483000
769.097000
769.727000
770.340000
770.954000
771.584000
772.197000
773.441000
774.054000
774.684000
775.298000
775.927000
776.541000
777.154000
777.784000
778.398000
790.036000
790.666000
791.893000
792.523000
793.137000
793.767000
794.994000
796.237000
796.867000
797.480000
798.094000
798.724000
799.337000
799.967000
800.581000
801.194000
801.824000
802.438000
803.068000
803.681000
804.294000
804.924000
805.538000
806.168000
806.781000
807.395000
808.025000
808.638000
809.252000
809.882000
810.495000
811.125000
811.739000
812.352000
812.982000
813.595000
814.225000
814.839000
815.452000
816.696000
817.326000
817.939000
818.553000
819.183000
819.796000
821.039000
821.653000
822.283000
822.896000
823.526000
824.140000
824.753000
825.383000
825.997000
826.627000
827.240000
827.854000
828.484000
829.097000
829.727000
830.340000
830.954000
831.584000
832.197000
832.827000
834.054000
834.684000
835.298000
835.928000
836.541000
837.154000
837.784000
838.398000
849.423000
850.036000
850.667000
851.280000
851.893000
852.523000
853.137000
853.767000
854.994000
856.867000
857.481000
858.094000
859.967000
860.581000
861.194000
863.068000
863.681000
864.295000
864.925000
865.538000
866.168000
867.395000
868.025000
868.638000
869.268000
869.882000
871.125000
871.739000
872.369000
872.982000
873.596000
874.226000
874.839000
875.469000
876.082000
876.696000
877.326000
877.939000
878.553000
879.183000
879.796000
880.426000
881.040000
881.653000
882.283000
882.896000
884.140000
884.753000
885.997000
886.627000
887.240000
887.854000
888.484000
889.727000
890.341000
890.954000
891.584000
892.197000
892.827000
893.441000
895.298000
895.928000
896.541000
897.155000
897.785000
898.398000
909.423000
910.037000
910.667000
912.524000
913.137000
914.380000
914.994000
917.481000
918.094000
918.724000
919.338000
919.968000
920.581000
921.194000
921.824000
922.438000
923.068000
923.681000
924.925000
925.538000
926.782000
927.395000
928.025000
928.638000
929.269000
929.882000
931.125000
931.739000
932.369000
932.982000
933.596000
934.839000
935.453000
936.083000
936.696000
937.939000
938.553000
939.183000
940.426000
941.040000
941.653000
942.283000
942.897000
943.527000
944.753000
945.383000
945.997000
946.627000
947.240000
947.854000
948.484000
949.727000
950.341000
950.954000
951.584000
952.198000
952.828000
953.441000
954.054000
954.684000
955.298000
955.928000
956.541000
957.785000
958.398000
969.423000
970.037000
970.667000
971.280000
971.894000
972.524000
973.137000
973.767000
974.994000
975.624000
976.237000
976.867000
977.481000
978.094000
978.724000
979.338000
979.968000
980.581000
982.438000
983.681000
984.295000
984.925000
985.538000
987.395000
988.025000
988.639000
989.882000
990.495000
991.126000
991.739000
992.369000
992.982000
993.596000
996.083000
996.696000
997.326000
997.940000
998.553000
999.183000
999.796000
1000.426000
1001.040000
1002.283000
1002.897000
1003.527000
1004.140000
1004.754000
1005.384000
1005.997000
1006.627000
1007.240000
1007.854000
1008.484000
1009.097000
1010.341000
1010.954000
1011.584000
1012.198000
1012.828000
1013.441000
1014.055000
1014.685000
1015.298000
1015.928000
1016.541000
1017.785000
1018.398000
