1041.154000
1042.381000
1043.624000
1044.868000
1046.111000
1047.355000
1048.581000
1049.825000
1051.068000
1053.555000
1054.782000
1056.026000
1057.269000
1058.512000
1059.756000
1060.983000
1063.470000
1064.713000
1065.956000
1067.183000
1069.670000
1070.914000
1072.141000
1073.384000
1074.627000
1075.871000
1077.114000
1078.341000
1079.585000
1080.828000
1083.315000
1084.542000
1085.785000
1097.424000
1098.667000
1099.911000
1101.154000
1102.381000
1103.624000
1104.868000
1106.111000
1107.355000
1109.825000
1111.069000
1112.312000
1113.555000
1114.782000
1116.026000
1118.513000
1119.756000
1120.983000
1123.470000
1124.713000
1125.957000
1127.183000
1128.427000
1129.670000
1130.914000
1132.141000
1133.384000
1135.871000
1138.341000
1139.585000
1140.828000
1142.072000
1143.315000
1144.542000
1145.785000
1157.424000
1158.667000
1159.911000
1161.154000
1162.381000
1163.625000
1164.868000
1168.582000
1169.825000
1171.069000
1172.312000
1173.556000
1174.782000
1176.026000
1179.756000
1180.983000
1182.226000
1183.470000
1185.957000
1188.427000
1189.671000
1190.914000
1192.141000
1193.384000
1194.628000
1195.871000
1198.341000
1199.585000
1200.828000
1202.072000
1204.542000
1205.785000
1217.424000
1218.668000
1219.911000
1221.154000
1222.381000
1223.625000
1224.868000
1226.112000
1227.355000
1229.825000
1231.069000
1232.312000
1233.556000
1234.783000
1236.026000
1237.269000
1238.513000
1239.756000
1240.983000
1244.713000
1245.957000
1247.184000
1248.427000
1249.671000
1250.914000
1252.141000
1253.384000
1254.628000
1255.871000
1259.585000
1260.828000
1262.072000
1263.315000
1264.542000
1265.786000
1278.668000
1279.911000
1281.155000
1282.381000
1284.868000
1286.112000
1288.582000
1289.825000
1291.069000
1292.312000
1293.556000
1294.783000
1296.026000
1297.270000
1298.513000
1299.756000
1300.983000
1303.470000
1304.714000
1305.957000
1307.184000
1308.427000
1309.671000
1310.914000
1312.141000
1313.385000
1314.628000
1315.871000
1317.115000
1318.342000
1319.585000
1320.829000
1322.072000
1323.315000
1324.542000
1325.786000
1337.424000
1339.911000
1341.155000
1342.382000
1344.868000
1346.112000
1347.355000
1349.826000
1351.069000
1352.312000
1354.783000
1356.026000
1358.513000
1359.757000
1360.983000
1362.227000
1363.470000
1364.714000
1365.941000
1367.184000
1368.427000
1369.671000
1370.914000
1373.385000
1374.628000
1375.872000
1377.115000
1378.342000
1379.585000
1380.829000
1382.072000
1385.786000
1397.424000
1398.668000
1399.895000
1401.138000
1402.382000
1403.625000
1404.869000
1406.095000
1408.582000
1409.826000
1411.053000
1413.539000
1414.783000
1416.026000
1417.253000
1418.497000
1419.740000
1420.984000
1424.697000
1425.941000
1428.428000
1429.654000
1430.898000
1433.385000
1435.855000
1438.342000
1439.585000
1440.829000
1442.056000
1443.299000
1444.543000
1445.786000
1457.425000
1458.668000
1459.895000
1461.138000
1462.382000
1463.625000
1464.869000
1466.096000
1467.339000
1468.582000
1472.296000
1473.540000
1474.783000
1476.026000
1480.984000
1482.227000
1483.454000
1484.697000
1485.941000
1487.184000
1488.428000
1489.655000
1490.898000
1493.385000
1494.628000
1495.855000
1497.099000
1498.342000
1499.586000
1500.829000
1503.299000
1505.786000
1518.668000
1519.895000
1521.139000
1522.382000
1523.625000
1526.096000
1527.339000
1528.583000
1529.826000
1531.053000
1533.540000
1534.783000
1536.027000
1537.253000
1538.497000
1539.740000
1540.984000
1542.227000
1543.454000
1544.698000
1545.941000
1547.184000
1548.428000
1549.655000
1550.898000
1552.142000
1555.855000
1557.099000
1558.342000
1559.586000
1560.813000
1562.056000
1563.299000
1564.543000
1565.786000
1577.425000
1578.668000
1581.139000
1583.626000
1584.869000
1586.096000
1587.339000
1588.583000
1589.826000
1591.053000
1592.296000
1593.540000
1594.783000
1596.027000
1597.254000
1598.497000
1599.741000
1600.984000
1603.454000
1604.698000
1605.941000
1607.185000
1608.428000
1609.655000
1610.898000
1612.142000
1613.385000
1614.629000
1615.855000
1618.342000
1619.586000
1620.813000
1622.056000
1623.300000
1624.543000
1625.786000
1637.425000
1638.668000
1639.895000
1641.139000
1642.382000
1643.626000
1644.853000
1646.096000
1647.339000
1648.583000
1649.826000
1651.053000
1652.297000
1653.540000
1654.783000
1656.027000
1657.254000
1658.497000
1659.741000
1660.984000
1662.228000
1663.454000
1669.655000
1670.898000
1672.142000
1673.385000
1674.629000
1677.099000
1678.342000
1679.586000
1682.056000
1683.300000
1684.543000
1685.787000
1697.425000
1701.139000
1702.382000
1703.626000
1704.853000
1706.096000
1707.340000
1708.583000
1709.826000
1711.053000
1712.297000
1713.540000
1714.784000
1716.027000
1717.254000
1718.497000
1719.741000
1727.185000
1728.428000
1729.655000
1732.142000
1734.629000
1735.856000
1738.343000
1739.586000
1740.813000
1742.056000
1743.300000
1744.543000
1745.787000
