1766.670000
1767.283000
1767.913000
1769.157000
1769.770000
1771.014000
1771.627000
1772.257000
1772.870000
1773.484000
1774.114000
1774.727000
1775.341000
1775.971000
1776.584000
1777.214000
1777.828000
1778.441000
1779.071000
1779.685000
1780.315000
1780.928000
1781.541000
1782.171000
1782.785000
1783.415000
1784.028000
1785.272000
1785.885000
1787.129000
1787.742000
1788.372000
1788.985000
1789.615000
1790.229000
1790.842000
1791.472000
1792.086000
1792.716000
1793.943000
1794.573000
1795.186000
1795.816000
1796.430000
1797.043000
1797.673000
1798.286000
1798.916000
1799.530000
1800.143000
1800.773000
1801.387000
1802.017000
1802.630000
1803.244000
1803.874000
1804.487000
1805.117000
1806.974000
1807.587000
1808.201000
1808.831000
1809.444000
1810.074000
1810.688000
1811.931000
1812.544000
1813.174000
1813.788000
1814.401000
1825.427000
1826.040000
1826.670000
1827.283000
1827.913000
1829.140000
1829.770000
1830.384000
1831.014000
1831.627000
1832.241000
1832.871000
1833.484000
1834.114000
1834.727000
1835.341000
1835.971000
1836.584000
1837.214000
1837.828000
1838.441000
1839.071000
1839.685000
1840.315000
1840.928000
1841.542000
1842.785000
1844.028000
1844.642000
1845.272000
1845.885000
1846.515000
1848.372000
1848.986000
1849.616000
1850.229000
1850.842000
1851.472000
1852.086000
1853.329000
1853.943000
1854.573000
1855.800000
1856.430000
1857.043000
1857.673000
1858.287000
1858.900000
1859.530000
1860.143000
1860.773000
1861.387000
1862.000000
1862.630000
1863.244000
1863.874000
1864.487000
1865.101000
1866.344000
1866.974000
1867.587000
1868.201000
1868.831000
1869.444000
1870.074000
1870.688000
1871.301000
1871.931000
1872.545000
1873.175000
1874.401000
1885.427000
1886.057000
1886.670000
1887.284000
1888.527000
1889.157000
1890.384000
1891.014000
1891.627000
1892.241000
1893.484000
1894.114000
1894.728000
1895.341000
1895.971000
1897.214000
1897.828000
1898.441000
1899.071000
1899.685000
1900.315000
1900.928000
1901.542000
1902.172000
1902.785000
1903.415000
1904.029000
1904.642000
1905.885000
1906.515000
1907.129000
1907.742000
1908.372000
1908.986000
1909.616000
1910.229000
1910.843000
1911.473000
1912.086000
1912.716000
1913.329000
1913.943000
1914.573000
1915.186000
1915.816000
1916.430000
1917.043000
1917.673000
1918.287000
1918.917000
1919.530000
1920.144000
1920.774000
1922.017000
1922.630000
1923.244000
1923.874000
1924.487000
1925.731000
1926.344000
1926.974000
1927.588000
1928.201000
1928.831000
1929.444000
1930.074000
1930.688000
1931.301000
1931.931000
1932.545000
1933.175000
1945.427000
1946.057000
1946.670000
1947.284000
1947.914000
1948.527000
1949.141000
1949.771000
1950.384000
1951.014000
1951.627000
1952.241000
1952.871000
1953.484000
1954.114000
1954.728000
1955.341000
1955.971000
1956.585000
1957.828000
1959.071000
1959.685000
1960.315000
1960.928000
1961.542000
1962.172000
1962.785000
1963.415000
1964.029000
1964.642000
1965.272000
1965.886000
1966.516000
1967.129000
1967.742000
1968.372000
1968.986000
1970.229000
1970.843000
1971.473000
1972.086000
1972.716000
1973.943000
1974.573000
1975.186000
1975.816000
1976.430000
1977.043000
1977.673000
1978.287000
1978.917000
1980.144000
1982.001000
1982.631000
1983.244000
1983.874000
1986.344000
1986.974000
1987.588000
1988.201000
1989.445000
1990.075000
1990.688000
1991.931000
1992.545000
1993.175000
1993.788000
1994.402000
2005.427000
2006.057000
2006.670000
2007.284000
2007.914000
2008.527000
2009.141000
2009.771000
2011.014000
2011.628000
2012.241000
2012.871000
2013.484000
2014.114000
2014.728000
2015.341000
2016.585000
2017.215000
2017.828000
2019.072000
2019.685000
2020.928000
2022.172000
2022.785000
2024.029000
2024.642000
2025.272000
2025.886000
2026.516000
2027.129000
2027.743000
2028.373000
2028.986000
2029.616000
2030.229000
2031.473000
2032.086000
2032.716000
2033.943000
2035.187000
2035.817000
2036.430000
2037.043000
2038.917000
2039.530000
2040.144000
2041.387000
2042.001000
2042.631000
2043.244000
2046.344000
2046.974000
2047.588000
2048.201000
2048.831000
2050.075000
2050.688000
2051.302000
2051.932000
2052.545000
2053.175000
2053.788000
2054.402000
2065.427000
2066.671000
2067.284000
2067.914000
2068.527000
2069.141000
2070.384000
2071.014000
2071.628000
2072.241000
2072.871000
2073.485000
2074.115000
2074.728000
2075.971000
2076.585000
2077.215000
2078.442000
2079.072000
2079.685000
2080.929000
2081.542000
2082.172000
2082.786000
2083.416000
2084.029000
2084.642000
2085.886000
2087.743000
2088.373000
2088.986000
2090.230000
2090.843000
2091.473000
2092.716000
2093.330000
2093.943000
2094.573000
2095.187000
2095.817000
2096.430000
2097.044000
2097.674000
2098.287000
2098.900000
2099.530000
2100.144000
2101.387000
2102.001000
2102.631000
2103.244000
2103.874000
2104.488000
2105.101000
2105.731000
2106.345000
2106.975000
2107.588000
2108.201000
2108.831000
2109.445000
2110.075000
2110.688000
2111.302000
2111.932000
2112.545000
2113.175000
2113.789000
2114.402000
2125.427000
2126.041000
2126.671000
2127.284000
2127.914000
2128.528000
2129.141000
2129.771000
2130.384000
2131.014000
2132.241000
2132.871000
2133.485000
2134.115000
2134.728000
2135.342000
2135.972000
2136.585000
2137.215000
2137.828000
2139.072000
2139.685000
2140.315000
2140.929000
2141.542000
2142.172000
2142.786000
2144.029000
2144.643000
2146.516000
2147.129000
2147.743000
2148.373000
2148.986000
2149.616000
2150.230000
2150.843000
2152.087000
2152.717000
2153.943000
2154.573000
2155.817000
2156.430000
2157.044000
2157.674000
2158.287000
2158.901000
2159.531000
2160.144000
2162.631000
2163.244000
2163.874000
2164.488000
2165.101000
2165.731000
2166.345000
2166.975000
2167.588000
2168.202000
2170.075000
2170.688000
2171.302000
2171.932000
2173.175000
2173.789000
2174.402000
2185.427000
2186.041000
2186.671000
2187.284000
2187.914000
2188.528000
2189.141000
2189.771000
2190.385000
2191.015000
2191.628000
2192.241000
2192.871000
2193.485000
2194.115000
2194.728000
2195.972000
2196.585000
2197.215000
2197.829000
2199.072000
2200.315000
2200.929000
2201.542000
2202.172000
2202.786000
2203.416000
2204.029000
2205.273000
2205.886000
2206.516000
2207.130000
2208.373000
2208.986000
2210.230000
2210.843000
2211.473000
2212.087000
2213.944000
2214.574000
2215.817000
2216.430000
2217.044000
2217.674000
2218.287000
2218.901000
2219.531000
2220.144000
2220.774000
2221.388000
2222.001000
2223.875000
2224.488000
2225.101000
2225.731000
2227.588000
2228.202000
2228.832000
2229.445000
2230.075000
2230.689000
2231.302000
2232.545000
2233.175000
2233.789000
2234.402000
2245.428000
2247.284000
2247.898000
2248.528000
2249.755000
2250.385000
2250.998000
2251.628000
2252.242000
2252.855000
2253.485000
2254.098000
2254.728000
2255.342000
2255.955000
2256.585000
2257.199000
2257.829000
2259.056000
2261.542000
2262.156000
2262.786000
2263.399000
2264.013000
2264.643000
2265.256000
2265.886000
2266.500000
2267.113000
2267.743000
2268.357000
2268.987000
2270.843000
2271.457000
2273.314000
2275.187000
2275.801000
2276.414000
2277.044000
2277.657000
2278.287000
2278.901000
2279.514000
2280.144000
2280.758000
2282.615000
2284.488000
2285.101000
2285.715000
2286.345000
2286.958000
2289.445000
2290.059000
2290.689000
2291.302000
2291.916000
2292.546000
2294.402000
2305.428000
2306.041000
2306.654000
2307.284000
2308.528000
2309.141000
2309.755000
2310.385000
2312.242000
2313.485000
2315.342000
2315.955000
2316.585000
2317.199000
2317.829000
2319.056000
2319.686000
2320.913000
2321.543000
2322.156000
2322.786000
2323.399000
2325.256000
2325.886000
2326.500000
2327.113000
2327.743000
2330.214000
2330.844000
2331.457000
2332.087000
2332.700000
2335.187000
2337.044000
2337.658000
2338.288000
2338.901000
2339.514000
2340.144000
2340.758000
2341.388000
2342.001000
2342.615000
2343.245000
2343.858000
2344.488000
2345.102000
2345.715000
2346.345000
2347.589000
2349.445000
2351.302000
2352.546000
2353.159000
2353.773000
2354.403000
2365.428000
2366.041000
2366.655000
2367.285000
2367.898000
2368.528000
2369.141000
2369.755000
2370.385000
2370.998000
2371.628000
2372.242000
2372.855000
2373.485000
2374.099000
2374.729000
2375.956000
2376.586000
2377.199000
2378.442000
2379.686000
2380.299000
2380.913000
2381.543000
2382.156000
2384.013000
2385.256000
2387.113000
2387.743000
2388.357000
2388.987000
2389.600000
2392.701000
2393.314000
2393.944000
2394.557000
2397.044000
2397.658000
2398.288000
2398.901000
2399.515000
2401.388000
2402.001000
2405.102000
2405.715000
2406.345000
2406.959000
2408.202000
2410.059000
2410.689000
2411.302000
2413.159000
2425.428000
2426.041000
2427.285000
2427.898000
2428.528000
2429.142000
2429.755000
2430.385000
2430.998000
2431.629000
2432.242000
2433.485000
2434.099000
2435.342000
2435.956000
2437.199000
2437.813000
2438.443000
2439.056000
2439.686000
2440.913000
2442.156000
2442.786000
2443.400000
2444.013000
2444.643000
2445.257000
2445.887000
2446.500000
2447.113000
2447.743000
2448.357000
2448.987000
2449.600000
2450.844000
2451.457000
2452.087000
2452.701000
2453.314000
2453.944000
2454.558000
2455.188000
2455.801000
2456.414000
2457.044000
2457.658000
2458.288000
2458.901000
2460.145000
2460.758000
2461.388000
2462.002000
2462.615000
2463.245000
2463.858000
2464.488000
2465.102000
2465.715000
2466.345000
2467.589000
2468.202000
2468.816000
2469.446000
2470.059000
2470.673000
2471.303000
2471.916000
2472.546000
2473.159000
2473.773000
2474.403000
