1043.011000
1052.925000
1054.169000
1062.856000
1069.057000
1077.728000
1080.215000
1106.725000
1109.212000
1122.856000
1129.057000
1130.284000
1158.054000
1167.968000
1169.212000
1175.412000
1179.126000
1192.771000
1218.054000
1225.482000
1226.725000
1240.370000
1244.083000
1245.327000
1246.570000
1254.014000
1257.728000
1265.172000
1266.416000
1278.054000
1299.126000
1302.857000
1304.084000
1310.284000
1315.241000
1316.485000
1317.728000
1318.972000
1322.685000
1325.172000
1347.969000
1365.327000
1366.571000
1382.686000
1406.725000
1409.196000
1414.153000
1420.354000
1458.038000
1465.482000
1476.640000
1480.354000
1481.597000
1482.841000
1492.755000
1493.998000
1495.242000
1500.199000
1519.282000
1520.525000
1525.482000
1526.726000
1530.439000
1531.683000
1537.884000
1550.285000
1556.485000
1558.956000
1561.443000
1562.686000
1587.953000
1606.555000
1613.999000
1618.956000
1622.686000
1645.483000
1647.953000
1651.683000
1654.153000
1657.884000
1659.127000
1665.328000
1667.798000
1700.525000
1702.996000
1711.683000
1714.154000
1719.127000
1737.713000
1742.686000
