1766.670000
1767.913000
1769.157000
1771.627000
1772.870000
1774.114000
1775.341000
1776.584000
1777.828000
1779.071000
1780.315000
1781.541000
1782.785000
1784.028000
1785.272000
1787.742000
1788.985000
1790.229000
1791.472000
1792.716000
1793.943000
1795.186000
1796.430000
1797.673000
1798.916000
1800.143000
1801.387000
1802.630000
1803.874000
1805.117000
1807.587000
1808.831000
1810.074000
1812.544000
1813.788000
1825.427000
1826.670000
1827.913000
1829.140000
1830.384000
1831.627000
1832.871000
1834.114000
1835.341000
1836.584000
1837.828000
1839.071000
1840.315000
1841.542000
1842.785000
1844.028000
1845.272000
1846.515000
1848.986000
1850.229000
1851.472000
1853.943000
1856.430000
1857.673000
1858.900000
1860.143000
1861.387000
1862.630000
1863.874000
1865.101000
1866.344000
1867.587000
1868.831000
1870.074000
1871.301000
1872.545000
1885.427000
1886.670000
1889.157000
1890.384000
1891.627000
1894.114000
1895.341000
1897.828000
1899.071000
1900.315000
1901.542000
1902.785000
1904.029000
1906.515000
1907.742000
1908.986000
1910.229000
1911.473000
1912.716000
1913.943000
1915.186000
1916.430000
1917.673000
1918.917000
1920.144000
1922.630000
1923.874000
1926.344000
1927.588000
1928.831000
1930.074000
1931.301000
1932.545000
1945.427000
1946.670000
1947.914000
1949.141000
1950.384000
1951.627000
1952.871000
1954.114000
1955.341000
1956.585000
1957.828000
1959.071000
1960.315000
1961.542000
1962.785000
1964.029000
1965.272000
1966.516000
1967.742000
1968.986000
1970.229000
1971.473000
1972.716000
1973.943000
1975.186000
1976.430000
1977.673000
1978.917000
1980.144000
1982.631000
1983.874000
1986.344000
1987.588000
1990.075000
1992.545000
1993.788000
2005.427000
2006.670000
2007.914000
2009.141000
2011.628000
2012.871000
2014.114000
2015.341000
2016.585000
2017.828000
2019.072000
2022.785000
2024.029000
2025.272000
2026.516000
2027.743000
2028.986000
2030.229000
2031.473000
2032.716000
2033.943000
2035.187000
2036.430000
2038.917000
2040.144000
2041.387000
2042.631000
2046.344000
2047.588000
2048.831000
2050.075000
2051.302000
2052.545000
2053.788000
2065.427000
2066.671000
2067.914000
2069.141000
2070.384000
2071.628000
2072.871000
2074.115000
2076.585000
2079.072000
2081.542000
2082.786000
2084.029000
2087.743000
2088.986000
2090.230000
2091.473000
2092.716000
2093.943000
2095.187000
2096.430000
2097.674000
2098.900000
2100.144000
2101.387000
2102.631000
2103.874000
2105.101000
2106.345000
2107.588000
2108.831000
2110.075000
2111.302000
2112.545000
2113.789000
2125.427000
2126.671000
2127.914000
2129.141000
2130.384000
2132.871000
2134.115000
2135.342000
2136.585000
2137.828000
2139.072000
2140.315000
2141.542000
2142.786000
2144.029000
2146.516000
2147.743000
2148.986000
2150.230000
2152.717000
2153.943000
2156.430000
2157.674000
2158.901000
2160.144000
2162.631000
2163.874000
2165.101000
2166.345000
2167.588000
2170.075000
2171.302000
2173.789000
2185.427000
2186.671000
2187.914000
2189.141000
2190.385000
2191.628000
2192.871000
2194.115000
2196.585000
2197.829000
2199.072000
2200.315000
2201.542000
2202.786000
2204.029000
2205.273000
2206.516000
2208.986000
2210.230000
2211.473000
2213.944000
2216.430000
2217.674000
2218.901000
2220.144000
2221.388000
2223.875000
2225.101000
2227.588000
2228.832000
2230.075000
2231.302000
2232.545000
2233.789000
2245.428000
2247.898000
2250.385000
2251.628000
2252.855000
2254.098000
2255.342000
2256.585000
2257.829000
2259.056000
2261.542000
2262.786000
2264.013000
2265.256000
2266.500000
2267.743000
2268.987000
2271.457000
2275.187000
2276.414000
2277.657000
2278.901000
2280.144000
2282.615000
2285.101000
2286.345000
2290.059000
2291.302000
2292.546000
2305.428000
2306.654000
2309.141000
2310.385000
2315.342000
2316.585000
2317.829000
2319.056000
2321.543000
2322.786000
2325.256000
2326.500000
2327.743000
2330.214000
2331.457000
2332.700000
2335.187000
2337.658000
2338.901000
2340.144000
2341.388000
2342.615000
2343.858000
2345.102000
2346.345000
2347.589000
2351.302000
2352.546000
2353.773000
2365.428000
2366.655000
2367.898000
2369.141000
2370.385000
2371.628000
2372.855000
2374.099000
2376.586000
2380.299000
2381.543000
2384.013000
2385.256000
2387.743000
2388.987000
2392.701000
2393.944000
2397.658000
2398.901000
2401.388000
2405.102000
2406.345000
2410.059000
2411.302000
2425.428000
2427.898000
2429.142000
2430.385000
2431.629000
2434.099000
2435.342000
2437.813000
2439.056000
2442.786000
2444.013000
2445.257000
2446.500000
2447.743000
2448.987000
2451.457000
2452.701000
2453.944000
2455.188000
2456.414000
2457.658000
2458.901000
2460.145000
2461.388000
2462.615000
2463.858000
2465.102000
2466.345000
2467.589000
2468.816000
2470.059000
2471.303000
2472.546000
2473.773000
