310.665000
311.909000
313.152000
314.396000
315.623000
316.866000
318.109000
319.353000
321.823000
323.067000
324.310000
325.553000
326.780000
328.024000
329.267000
330.511000
331.754000
332.981000
335.468000
336.711000
337.955000
339.182000
340.425000
341.668000
342.912000
344.155000
346.626000
347.869000
349.112000
350.356000
351.583000
352.826000
355.313000
356.540000
357.783000
369.422000
370.665000
371.909000
373.152000
374.396000
375.623000
376.866000
378.109000
379.353000
380.580000
381.823000
383.067000
384.310000
385.554000
386.780000
388.024000
389.267000
390.511000
391.754000
392.981000
394.224000
395.468000
396.711000
397.955000
399.182000
400.425000
401.669000
402.912000
404.155000
405.382000
406.626000
407.869000
409.113000
410.356000
411.583000
412.826000
414.070000
415.313000
416.540000
417.784000
429.422000
431.909000
434.396000
435.623000
436.866000
438.110000
439.353000
440.580000
441.823000
443.067000
445.554000
446.781000
448.024000
449.267000
450.511000
451.754000
452.981000
454.225000
456.712000
457.955000
459.182000
460.425000
461.669000
462.912000
464.156000
465.382000
466.626000
467.869000
469.113000
470.340000
471.583000
472.826000
474.070000
475.313000
476.540000
477.784000
489.422000
490.666000
491.909000
493.153000
494.396000
495.623000
496.866000
498.110000
500.597000
501.823000
503.067000
504.310000
506.781000
508.024000
510.511000
511.754000
512.981000
514.225000
515.468000
516.712000
517.955000
519.182000
520.425000
521.669000
522.912000
524.156000
525.383000
529.113000
530.356000
531.583000
532.827000
534.070000
535.313000
536.557000
537.784000
549.422000
550.666000
551.909000
553.153000
554.380000
555.623000
556.866000
558.110000
560.580000
561.824000
563.067000
564.311000
565.554000
566.781000
568.024000
569.268000
571.755000
572.981000
574.225000
575.468000
576.712000
580.426000
581.669000
582.912000
584.156000
585.383000
586.626000
587.870000
589.113000
591.583000
592.827000
594.070000
595.314000
597.784000
609.423000
611.909000
613.153000
614.380000
615.623000
616.867000
618.110000
619.353000
620.580000
621.824000
623.067000
625.554000
628.024000
629.268000
630.511000
632.982000
634.225000
635.468000
636.712000
637.955000
639.182000
640.426000
642.913000
644.156000
645.383000
646.626000
649.113000
651.583000
652.827000
654.070000
655.314000
656.541000
657.784000
669.423000
670.666000
671.893000
675.623000
676.867000
678.094000
679.337000
680.580000
681.824000
683.067000
684.294000
686.781000
688.025000
689.268000
690.495000
691.738000
692.982000
694.225000
695.469000
696.695000
697.939000
699.182000
700.426000
701.653000
702.896000
704.140000
705.383000
706.626000
707.853000
710.340000
711.584000
712.827000
714.054000
716.541000
717.784000
729.423000
730.666000
731.893000
733.137000
734.380000
735.623000
738.094000
739.337000
740.581000
743.067000
745.538000
746.781000
748.025000
749.268000
752.982000
754.225000
756.696000
757.939000
759.182000
761.653000
765.383000
766.627000
767.853000
769.097000
770.340000
771.584000
774.054000
775.298000
776.541000
777.784000
790.666000
791.893000
793.137000
796.867000
798.094000
799.337000
800.581000
801.824000
803.068000
804.294000
805.538000
806.781000
808.025000
809.252000
810.495000
811.739000
812.982000
814.225000
815.452000
816.696000
817.939000
819.183000
821.653000
822.896000
824.140000
825.383000
826.627000
827.854000
829.097000
830.340000
831.584000
832.827000
834.054000
835.298000
836.541000
837.784000
849.423000
850.667000
851.893000
853.137000
856.867000
858.094000
860.581000
863.068000
864.295000
865.538000
868.025000
869.268000
871.739000
872.982000
874.226000
875.469000
876.696000
877.939000
879.183000
880.426000
881.653000
882.896000
884.140000
886.627000
887.854000
890.341000
891.584000
892.827000
895.298000
896.541000
897.785000
909.423000
910.667000
913.137000
914.380000
918.094000
919.338000
920.581000
921.824000
923.068000
925.538000
926.782000
928.025000
929.269000
931.739000
932.982000
935.453000
936.696000
937.939000
939.183000
940.426000
941.653000
942.897000
945.383000
946.627000
947.854000
950.341000
951.584000
952.828000
954.054000
955.298000
956.541000
957.785000
969.423000
970.667000
971.894000
973.137000
975.624000
976.867000
978.094000
979.338000
980.581000
984.295000
985.538000
988.025000
990.495000
991.739000
992.982000
996.696000
997.940000
999.183000
1000.426000
1002.897000
1004.140000
1005.384000
1006.627000
1007.854000
1009.097000
1010.341000
1011.584000
1012.828000
1014.055000
1015.298000
1016.541000
1017.785000
