311.295000
312.522000
313.766000
315.009000
316.252000
318.723000
319.966000
323.680000
326.167000
327.410000
329.881000
332.367000
333.611000
334.854000
336.081000
337.325000
338.568000
339.812000
341.055000
346.012000
347.256000
350.969000
354.683000
355.927000
357.170000
358.413000
370.052000
373.766000
375.009000
376.253000
377.479000
378.723000
379.966000
381.210000
384.924000
386.167000
387.410000
388.654000
389.881000
391.124000
392.368000
393.611000
394.855000
396.081000
397.325000
399.812000
404.769000
409.726000
412.213000
413.440000
414.683000
417.170000
430.052000
431.296000
432.522000
433.766000
435.009000
437.480000
439.966000
441.210000
442.453000
443.680000
444.924000
447.411000
449.881000
451.124000
452.368000
453.611000
457.325000
458.568000
462.282000
463.526000
468.483000
470.970000
473.440000
474.683000
477.170000
478.414000
490.052000
491.296000
492.523000
493.766000
495.009000
499.967000
501.210000
502.454000
504.924000
506.167000
507.411000
509.881000
511.124000
512.368000
514.855000
516.082000
518.568000
522.282000
523.526000
524.769000
528.483000
529.726000
530.970000
532.213000
533.457000
534.683000
537.170000
538.414000
551.296000
552.523000
553.766000
558.723000
559.967000
561.210000
562.454000
563.681000
567.411000
568.654000
569.881000
571.125000
572.368000
574.855000
576.082000
578.569000
579.812000
581.056000
582.282000
583.526000
584.769000
586.013000
589.726000
590.970000
592.213000
593.440000
595.927000
610.053000
611.296000
612.523000
613.766000
615.010000
617.480000
618.723000
619.967000
621.210000
622.454000
623.681000
632.368000
633.612000
634.855000
636.082000
637.325000
639.812000
641.056000
643.526000
644.769000
646.013000
648.483000
649.727000
652.213000
653.440000
654.684000
655.927000
657.171000
658.414000
670.036000
671.280000
672.523000
673.766000
674.993000
677.480000
678.724000
679.967000
686.168000
688.638000
689.881000
693.595000
694.839000
696.082000
697.325000
699.796000
701.039000
705.996000
707.240000
709.727000
712.197000
713.440000
714.684000
718.398000
730.036000
734.993000
737.480000
738.724000
739.967000
741.194000
743.681000
747.395000
748.638000
749.882000
751.125000
752.368000
753.595000
756.082000
757.326000
761.039000
764.753000
768.483000
770.954000
772.197000
774.684000
777.154000
778.398000
790.036000
792.523000
793.767000
794.994000
796.237000
797.480000
798.724000
799.967000
803.681000
808.638000
809.882000
813.595000
814.839000
817.326000
818.553000
819.796000
821.039000
822.283000
823.526000
824.753000
825.997000
827.240000
828.484000
829.727000
830.954000
834.684000
835.928000
837.154000
850.036000
851.280000
853.767000
854.994000
859.967000
861.194000
863.681000
864.925000
869.882000
871.125000
873.596000
876.082000
877.326000
878.553000
879.796000
881.040000
882.283000
885.997000
887.240000
888.484000
889.727000
892.197000
893.441000
895.928000
897.155000
898.398000
910.037000
912.524000
914.994000
917.481000
919.968000
922.438000
923.681000
924.925000
927.395000
928.638000
929.882000
931.125000
932.369000
933.596000
936.083000
938.553000
942.283000
943.527000
945.997000
948.484000
952.198000
953.441000
954.684000
955.928000
958.398000
970.037000
971.280000
972.524000
974.994000
976.237000
977.481000
978.724000
979.968000
983.681000
987.395000
988.639000
989.882000
991.126000
992.369000
993.596000
996.083000
997.326000
999.796000
1001.040000
1003.527000
1004.754000
1005.997000
1007.240000
1008.484000
1012.198000
1013.441000
1014.685000
1015.928000
1018.398000
