9.421000
10.051000
10.665000
11.295000
11.908000
12.522000
13.152000
13.765000
14.395000
15.008000
15.622000
16.252000
16.865000
17.495000
18.109000
18.722000
19.352000
19.966000
20.596000
21.209000
21.822000
22.452000
23.066000
23.696000
24.309000
24.923000
25.553000
26.780000
27.410000
28.023000
28.653000
29.266000
30.510000
31.123000
31.753000
32.367000
32.980000
34.224000
34.854000
35.467000
36.081000
36.711000
37.324000
37.954000
38.567000
39.181000
39.811000
40.424000
41.054000
41.668000
42.281000
42.911000
43.525000
44.155000
44.768000
45.381000
46.011000
47.255000
47.868000
48.482000
49.112000
49.725000
50.355000
50.969000
51.582000
52.212000
52.826000
53.456000
54.069000
54.682000
55.312000
55.926000
56.556000
57.169000
57.783000
58.413000
69.421000
70.051000
71.295000
71.908000
72.522000
73.765000
74.395000
75.009000
75.622000
76.252000
76.865000
77.495000
78.109000
78.722000
79.352000
79.966000
80.596000
81.209000
81.823000
82.453000
83.066000
83.696000
84.309000
84.923000
85.553000
86.166000
86.780000
87.410000
88.023000
88.653000
89.267000
89.880000
90.510000
91.124000
91.754000
92.367000
92.980000
93.610000
94.224000
94.854000
95.467000
96.711000
97.324000
97.954000
98.568000
99.181000
99.811000
100.424000
101.054000
101.668000
102.281000
102.911000
103.525000
104.155000
104.768000
105.382000
106.012000
106.625000
107.255000
107.868000
108.482000
109.112000
109.725000
110.355000
110.969000
111.582000
112.212000
112.826000
113.456000
114.069000
114.683000
115.313000
115.926000
116.556000
117.169000
117.783000
118.413000
129.421000
130.052000
130.665000
131.908000
132.522000
133.152000
134.395000
135.009000
135.622000
136.252000
136.866000
137.496000
138.109000
138.722000
139.352000
139.966000
140.596000
141.209000
141.823000
142.453000
143.066000
143.680000
144.310000
144.923000
145.553000
146.166000
146.780000
147.410000
148.023000
148.653000
149.267000
149.880000
150.510000
151.124000
151.754000
152.367000
152.981000
153.611000
154.224000
155.467000
156.081000
156.711000
157.324000
157.954000
158.568000
159.181000
159.811000
160.425000
161.055000
161.668000
162.281000
162.911000
163.525000
164.155000
164.768000
165.382000
166.012000
166.625000
167.869000
168.482000
169.112000
169.726000
170.356000
170.969000
172.212000
172.826000
173.456000
174.069000
174.683000
175.313000
175.926000
176.540000
177.170000
177.783000
178.413000
189.422000
190.052000
190.665000
191.295000
191.908000
192.522000
193.152000
193.765000
194.395000
195.009000
195.622000
196.252000
196.866000
197.496000
198.109000
198.723000
199.353000
199.966000
200.596000
201.209000
201.823000
203.066000
203.680000
204.310000
204.923000
205.553000
206.167000
206.780000
207.410000
208.023000
208.653000
209.267000
209.880000
210.510000
211.124000
211.754000
212.981000
213.611000
214.224000
214.854000
215.468000
217.954000
218.568000
219.181000
219.811000
220.425000
221.055000
222.282000
222.912000
223.525000
224.155000
224.768000
225.382000
226.012000
226.625000
227.255000
227.869000
229.726000
230.356000
230.969000
231.582000
232.213000
232.826000
233.456000
234.069000
234.683000
235.313000
235.926000
236.540000
237.170000
237.783000
238.413000
249.422000
250.052000
251.295000
251.909000
252.522000
253.152000
253.765000
254.395000
255.009000
255.622000
256.252000
256.866000
257.496000
258.109000
259.353000
259.966000
260.580000
261.210000
261.823000
262.453000
263.066000
263.680000
264.310000
264.923000
265.553000
266.167000
266.780000
267.410000
268.024000
268.654000
269.267000
269.881000
270.510000
271.124000
271.754000
272.367000
272.981000
273.611000
274.224000
274.854000
275.468000
276.081000
276.711000
277.955000
278.568000
279.181000
279.811000
280.425000
281.055000
281.668000
282.282000
282.912000
283.525000
284.155000
284.769000
285.382000
286.625000
287.255000
287.869000
288.482000
289.112000
289.726000
290.356000
290.969000
291.583000
292.826000
293.440000
294.070000
294.683000
295.926000
296.540000
297.170000
297.783000
298.413000
