1039.281000
1040.524000
1041.767000
1044.254000
1045.481000
1046.725000
1047.968000
1049.211000
1050.455000
1055.412000
1056.656000
1057.882000
1059.126000
1061.613000
1064.083000
1065.326000
1067.813000
1070.284000
1071.527000
1072.771000
1074.014000
1075.241000
1076.484000
1081.441000
1082.685000
1083.928000
1085.172000
1086.415000
1098.054000
1099.281000
1100.524000
1101.768000
1103.011000
1104.254000
1105.481000
1107.968000
1110.455000
1111.682000
1112.925000
1114.169000
1115.412000
1117.883000
1119.126000
1120.369000
1121.613000
1124.083000
1126.570000
1127.814000
1131.527000
1134.014000
1135.241000
1136.484000
1140.215000
1141.442000
1142.685000
1143.928000
1145.172000
1159.281000
1160.524000
1163.011000
1164.255000
1165.481000
1166.725000
1170.455000
1171.682000
1172.926000
1174.169000
1176.656000
1180.370000
1181.613000
1182.856000
1185.327000
1186.570000
1187.814000
1189.040000
1191.527000
1194.014000
1195.241000
1196.485000
1197.728000
1198.971000
1200.215000
1201.442000
1202.685000
1203.929000
1205.172000
1206.416000
1219.281000
1220.524000
1221.768000
1223.011000
1227.968000
1229.212000
1230.455000
1231.682000
1232.926000
1234.169000
1235.413000
1236.656000
1237.883000
1239.126000
1241.613000
1242.857000
1247.814000
1249.041000
1251.528000
1252.771000
1255.241000
1258.972000
1260.215000
1261.442000
1262.685000
1263.929000
1279.281000
1280.525000
1281.768000
1283.011000
1284.255000
1285.482000
1286.725000
1287.969000
1289.212000
1290.455000
1291.682000
1292.926000
1295.413000
1297.883000
1300.370000
1301.613000
1305.327000
1306.570000
1307.814000
1311.528000
1314.015000
1321.442000
1323.929000
1326.416000
1338.054000
1339.281000
1340.525000
1341.768000
1343.012000
1344.255000
1345.482000
1346.725000
1350.456000
1351.682000
1352.926000
1355.413000
1357.883000
1359.127000
1360.370000
1361.613000
1362.840000
1364.084000
1367.814000
1369.041000
1370.284000
1371.528000
1374.015000
1376.485000
1377.728000
1378.972000
1380.215000
1381.442000
1385.172000
1386.416000
1398.038000
1399.281000
1401.768000
1402.995000
1404.239000
1405.482000
1407.969000
1411.683000
1412.926000
1415.396000
1416.640000
1419.127000
1421.597000
1422.840000
1424.084000
1425.327000
1426.554000
1427.798000
1429.041000
1430.284000
1431.528000
1433.998000
1436.485000
1437.729000
1438.955000
1442.686000
1443.913000
1445.156000
1446.399000
1459.281000
1461.768000
1462.995000
1464.239000
1466.726000
1467.969000
1469.196000
1470.439000
1471.683000
1472.926000
1474.153000
1475.396000
1479.127000
1485.327000
1486.554000
1487.798000
1489.041000
1490.285000
1491.528000
1496.485000
1497.729000
1498.956000
1501.442000
1505.156000
1506.400000
1518.038000
1521.769000
1522.995000
1524.239000
1527.953000
1529.196000
1532.926000
1534.153000
1535.397000
1536.640000
1539.127000
1540.354000
1544.084000
1545.328000
1546.554000
1549.041000
1551.528000
1552.755000
1555.242000
1557.729000
1560.199000
1565.156000
1566.400000
1578.038000
1579.282000
1580.525000
1581.769000
1582.995000
1584.239000
1586.726000
1589.196000
1590.440000
1591.683000
1592.926000
1594.153000
1595.397000
1596.640000
1597.884000
1600.354000
1601.597000
1602.841000
1604.084000
1605.328000
1607.798000
1609.041000
1611.528000
1612.755000
1615.242000
1616.485000
1617.729000
1620.199000
1621.443000
1623.913000
1625.156000
1638.038000
1640.525000
1641.769000
1642.996000
1644.239000
1646.726000
1649.196000
1650.440000
1655.397000
1660.354000
1661.598000
1662.841000
1666.555000
1669.042000
1670.285000
1672.755000
1675.242000
1676.486000
1677.713000
1678.956000
1680.199000
1682.686000
1683.913000
1685.157000
1698.039000
1701.769000
1704.239000
1705.483000
1706.726000
1707.953000
1709.196000
1712.927000
1715.397000
1716.640000
1717.884000
1720.354000
1721.598000
1724.085000
1725.328000
1726.555000
1727.798000
1729.042000
1730.285000
1731.529000
1732.755000
1733.999000
1736.486000
1740.200000
1741.443000
1743.913000
1745.157000
1746.400000
