1775.971000
1778.441000
1782.171000
1789.615000
1794.573000
1797.043000
1803.244000
1810.688000
1811.931000
1813.174000
1814.401000
1832.241000
1837.214000
1840.928000
1848.372000
1886.057000
1900.928000
1902.172000
1904.642000
1910.843000
1914.573000
1915.816000
1917.043000
1920.774000
1924.487000
1929.444000
1930.688000
1931.931000
1946.057000
1954.728000
1955.971000
1959.685000
1990.688000
2006.057000
2017.215000
2022.172000
2028.373000
2029.616000
2035.817000
2039.530000
2048.201000
2067.284000
2068.527000
2080.929000
2085.886000
2088.373000
2093.330000
2099.530000
2102.001000
2105.731000
2114.402000
2126.041000
2127.284000
2139.685000
2144.643000
2148.373000
2152.087000
2157.044000
2163.244000
2188.528000
2189.771000
2193.485000
2197.215000
2200.929000
2203.416000
2215.817000
2217.044000
2218.287000
2220.774000
2222.001000
2228.202000
2268.357000
2280.758000
2294.402000
2306.041000
2307.284000
2308.528000
2315.955000
2317.199000
2323.399000
2332.087000
2369.755000
2377.199000
2378.442000
2380.913000
2394.557000
2397.044000
2398.288000
2405.715000
2406.959000
2428.528000
2429.755000
2430.998000
2439.686000
2443.400000
2445.887000
2449.600000
2450.844000
2453.314000
2457.044000
2468.202000
2470.673000
2471.916000
2474.403000
