321.210000
328.654000
331.124000
343.525000
348.482000
349.726000
352.213000
353.440000
372.522000
383.680000
398.568000
401.055000
402.282000
403.525000
406.012000
407.256000
408.483000
410.969000
415.927000
438.723000
456.081000
459.812000
461.055000
466.012000
467.256000
469.726000
472.213000
496.253000
497.496000
498.723000
503.697000
513.611000
521.055000
526.013000
535.927000
550.052000
555.010000
556.253000
557.480000
564.924000
566.167000
588.483000
598.414000
628.654000
629.881000
638.569000
647.240000
650.970000
681.194000
682.437000
683.681000
687.395000
691.125000
692.368000
698.569000
702.283000
703.526000
704.753000
710.954000
731.280000
732.523000
733.767000
742.437000
744.924000
754.839000
758.569000
765.997000
767.240000
769.727000
773.441000
775.927000
801.194000
802.438000
804.924000
806.168000
807.395000
811.125000
812.352000
832.197000
838.398000
852.523000
857.481000
866.168000
867.395000
868.638000
872.369000
874.839000
884.753000
890.954000
918.724000
921.194000
934.839000
941.040000
944.753000
947.240000
949.727000
950.954000
973.767000
982.438000
984.925000
998.553000
1002.283000
1010.954000
