1767.283000
1769.770000
1771.014000
1772.257000
1773.484000
1774.727000
1777.214000
1779.685000
1780.928000
1783.415000
1785.885000
1787.129000
1788.372000
1790.842000
1792.086000
1795.816000
1798.286000
1799.530000
1800.773000
1802.017000
1804.487000
1806.974000
1808.201000
1809.444000
1826.040000
1827.283000
1829.770000
1831.014000
1833.484000
1834.727000
1835.971000
1838.441000
1839.685000
1844.642000
1845.885000
1849.616000
1850.842000
1852.086000
1853.329000
1854.573000
1855.800000
1857.043000
1858.287000
1859.530000
1860.773000
1862.000000
1863.244000
1864.487000
1866.974000
1868.201000
1869.444000
1870.688000
1871.931000
1873.175000
1874.401000
1887.284000
1888.527000
1891.014000
1892.241000
1893.484000
1894.728000
1895.971000
1897.214000
1898.441000
1899.685000
1903.415000
1905.885000
1907.129000
1908.372000
1909.616000
1912.086000
1913.329000
1918.287000
1919.530000
1922.017000
1923.244000
1925.731000
1926.974000
1928.201000
1933.175000
1947.284000
1948.527000
1949.771000
1951.014000
1952.241000
1953.484000
1960.928000
1962.172000
1963.415000
1964.642000
1965.886000
1967.129000
1968.372000
1970.843000
1972.086000
1974.573000
1975.816000
1977.043000
1978.287000
1982.001000
1983.244000
1986.974000
1988.201000
1989.445000
1991.931000
1993.175000
1994.402000
2007.284000
2008.527000
2009.771000
2011.014000
2012.241000
2013.484000
2014.728000
2019.685000
2020.928000
2024.642000
2025.886000
2027.129000
2032.086000
2037.043000
2042.001000
2043.244000
2046.974000
2050.688000
2051.932000
2053.175000
2054.402000
2071.014000
2072.241000
2073.485000
2074.728000
2075.971000
2077.215000
2078.442000
2079.685000
2082.172000
2083.416000
2084.642000
2090.843000
2094.573000
2095.817000
2097.044000
2098.287000
2103.244000
2104.488000
2106.975000
2108.201000
2109.445000
2110.688000
2111.932000
2113.175000
2128.528000
2129.771000
2131.014000
2132.241000
2133.485000
2134.728000
2135.972000
2137.215000
2140.929000
2142.172000
2147.129000
2149.616000
2150.843000
2154.573000
2155.817000
2158.287000
2159.531000
2164.488000
2165.731000
2166.975000
2168.202000
2170.688000
2171.932000
2173.175000
2174.402000
2186.041000
2187.284000
2191.015000
2192.241000
2194.728000
2195.972000
2202.172000
2205.886000
2207.130000
2208.373000
2210.843000
2212.087000
2214.574000
2219.531000
2224.488000
2225.731000
2229.445000
2230.689000
2233.175000
2234.402000
2247.284000
2248.528000
2249.755000
2250.998000
2252.242000
2253.485000
2254.728000
2255.955000
2257.199000
2262.156000
2263.399000
2264.643000
2265.886000
2267.113000
2270.843000
2273.314000
2275.801000
2277.044000
2278.287000
2279.514000
2284.488000
2285.715000
2286.958000
2289.445000
2290.689000
2291.916000
2309.755000
2312.242000
2313.485000
2319.686000
2320.913000
2322.156000
2325.886000
2327.113000
2330.844000
2337.044000
2338.288000
2339.514000
2340.758000
2342.001000
2343.245000
2344.488000
2345.715000
2349.445000
2353.159000
2354.403000
2366.041000
2367.285000
2368.528000
2370.998000
2372.242000
2373.485000
2374.729000
2375.956000
2379.686000
2382.156000
2387.113000
2388.357000
2389.600000
2393.314000
2399.515000
2402.001000
2408.202000
2410.689000
2413.159000
2426.041000
2427.285000
2432.242000
2433.485000
2435.956000
2437.199000
2438.443000
2440.913000
2442.156000
2444.643000
2447.113000
2448.357000
2452.087000
2454.558000
2455.801000
2458.288000
2460.758000
2462.002000
2463.245000
2464.488000
2465.715000
2469.446000
2473.159000
