1766.665000
1767.908000
1769.152000
1770.395000
1771.622000
1772.866000
1774.109000
1775.352000
1776.596000
1777.823000
1779.066000
1780.310000
1781.553000
1782.780000
1784.023000
1785.267000
1786.510000
1787.754000
1788.981000
1790.224000
1791.467000
1792.711000
1795.181000
1796.425000
1797.668000
1798.911000
1800.155000
1801.382000
1802.625000
1803.869000
1805.112000
1806.356000
1807.582000
1808.826000
1810.069000
1811.313000
1812.540000
1813.783000
1825.422000
1826.665000
1830.395000
1831.622000
1832.866000
1835.353000
1836.596000
1839.066000
1840.310000
1841.553000
1842.780000
1846.510000
1847.754000
1848.981000
1850.224000
1851.468000
1852.711000
1855.181000
1856.425000
1857.668000
1862.625000
1865.112000
1866.356000
1867.582000
1870.069000
1871.313000
1885.422000
1886.665000
1887.909000
1889.152000
1890.395000
1891.622000
1892.866000
1894.109000
1896.580000
1897.823000
1899.066000
1901.553000
1902.780000
1904.024000
1906.510000
1907.754000
1908.981000
1910.224000
1913.955000
1916.425000
1917.668000
1921.382000
1922.625000
1923.869000
1925.112000
1930.070000
1931.313000
1945.422000
1947.909000
1949.152000
1950.396000
1951.622000
1955.353000
1956.580000
1961.553000
1962.780000
1964.024000
1965.267000
1967.754000
1968.981000
1970.224000
1971.468000
1972.711000
1975.182000
1977.668000
1978.912000
1983.869000
1985.112000
1987.583000
1988.826000
1990.070000
1991.313000
1992.540000
1993.783000
2005.422000
2007.909000
2009.152000
2014.109000
2016.580000
2017.823000
2019.067000
2022.780000
2024.024000
2027.754000
2030.224000
2032.711000
2035.182000
2036.425000
2037.669000
2038.912000
2040.155000
2041.382000
2042.626000
2043.869000
2045.113000
2046.356000
2047.583000
2048.826000
2050.070000
2065.422000
2067.909000
2071.623000
2074.110000
2075.353000
2076.580000
2077.823000
2081.554000
2082.781000
2084.024000
2085.267000
2087.754000
2088.981000
2090.225000
2092.712000
2093.955000
2097.669000
2098.912000
2100.156000
2102.626000
2103.869000
2105.113000
2106.340000
2107.583000
2108.826000
2111.313000
2112.540000
2126.666000
2127.909000
2129.153000
2130.379000
2131.623000
2132.866000
2134.110000
2135.353000
2136.580000
2137.824000
2139.067000
2140.310000
2141.554000
2142.781000
2145.268000
2146.511000
2147.754000
2148.981000
2151.468000
2152.712000
2155.182000
2156.425000
2157.669000
2158.912000
2160.156000
2161.383000
2162.626000
2163.869000
2165.113000
2167.583000
2168.827000
2170.070000
2172.540000
2185.422000
2189.136000
2190.380000
2194.093000
2195.337000
2197.824000
2199.067000
2200.294000
2201.537000
2202.781000
2204.024000
2205.268000
2206.495000
2207.738000
2210.225000
2211.452000
2212.695000
2213.939000
2216.426000
2217.652000
2218.896000
2220.139000
2222.626000
2225.096000
2227.583000
2228.827000
2230.054000
2231.297000
2232.540000
2233.784000
2245.423000
2246.666000
2247.893000
2249.136000
2250.380000
2251.623000
2255.337000
2256.580000
2257.824000
2259.067000
2260.294000
2261.538000
2262.781000
2264.024000
2265.268000
2266.495000
2267.738000
2268.982000
2270.225000
2272.695000
2273.939000
2275.182000
2276.426000
2277.653000
2278.896000
2280.139000
2281.383000
2282.626000
2283.853000
2285.097000
2286.340000
2288.827000
2290.054000
2292.541000
2293.784000
2306.666000
2307.910000
2309.153000
2310.380000
2311.623000
2312.867000
2315.354000
2316.580000
2317.824000
2319.067000
2320.311000
2322.781000
2324.025000
2325.268000
2326.511000
2327.755000
2330.225000
2332.712000
2333.955000
2335.182000
2337.669000
2338.913000
2340.140000
2341.383000
2342.626000
2343.870000
2345.113000
2346.340000
2347.584000
2348.827000
2350.070000
2351.314000
2352.541000
2353.784000
2366.666000
2367.910000
2369.153000
2370.380000
2371.623000
2372.867000
2374.110000
2376.581000
2380.311000
2384.025000
2385.268000
2386.512000
2390.225000
2391.469000
2395.182000
2397.669000
2400.140000
2401.383000
2402.627000
2403.870000
2405.113000
2406.340000
2407.584000
2408.827000
2410.071000
2411.314000
2412.541000
2425.423000
2427.893000
2435.337000
2436.581000
2437.824000
2444.025000
2447.739000
2448.982000
2451.452000
2452.696000
2455.183000
2456.426000
2457.653000
2458.896000
2460.140000
2461.383000
2462.627000
2463.854000
2467.584000
2468.827000
2472.541000
