311.287000
315.001000
316.244000
318.731000
319.974000
321.201000
323.688000
326.175000
329.889000
331.132000
334.846000
338.560000
341.047000
342.290000
343.533000
346.004000
347.247000
348.491000
349.734000
353.448000
354.691000
370.044000
373.774000
376.244000
379.975000
382.445000
384.932000
388.645000
389.889000
391.132000
392.376000
393.603000
397.333000
399.803000
403.534000
406.004000
407.247000
408.491000
410.961000
412.205000
413.448000
415.935000
418.405000
431.287000
433.774000
436.244000
437.488000
438.731000
441.202000
443.688000
444.932000
447.402000
452.376000
453.603000
458.560000
462.290000
463.534000
466.004000
468.491000
475.935000
477.162000
491.287000
492.531000
493.774000
495.001000
497.488000
498.731000
499.975000
501.202000
504.932000
508.646000
513.603000
516.090000
518.560000
522.290000
523.534000
526.004000
527.248000
528.491000
529.735000
532.205000
533.448000
534.692000
537.162000
538.405000
550.044000
551.287000
552.514000
553.758000
556.245000
558.715000
559.958000
561.202000
562.445000
563.672000
564.916000
566.159000
568.646000
569.873000
571.116000
572.360000
574.847000
576.073000
577.317000
579.804000
581.047000
582.274000
583.517000
584.761000
586.004000
588.475000
589.718000
592.205000
593.432000
594.675000
595.919000
597.162000
610.044000
611.288000
612.531000
615.001000
619.975000
621.202000
622.445000
624.932000
626.176000
628.646000
629.889000
631.133000
632.360000
633.603000
637.334000
638.560000
639.804000
642.291000
643.534000
644.761000
646.004000
647.248000
648.491000
649.735000
650.962000
652.205000
653.449000
654.692000
658.406000
670.044000
671.288000
673.758000
675.001000
676.245000
677.472000
678.715000
681.202000
682.446000
683.672000
684.916000
686.159000
688.646000
689.873000
692.360000
696.074000
697.317000
698.561000
699.804000
701.047000
702.274000
703.518000
704.761000
706.005000
707.248000
709.718000
710.962000
713.432000
718.406000
730.044000
731.288000
732.531000
733.775000
737.489000
738.732000
739.975000
743.689000
744.933000
746.176000
748.646000
749.890000
751.133000
752.360000
753.603000
757.334000
758.561000
759.804000
761.048000
762.291000
764.761000
770.962000
772.205000
774.692000
790.045000
793.758000
795.002000
796.245000
797.472000
798.715000
799.959000
801.202000
802.446000
803.673000
804.916000
806.160000
807.403000
808.646000
809.873000
814.847000
816.074000
817.317000
821.048000
822.275000
823.518000
826.005000
828.475000
829.719000
830.962000
832.205000
835.919000
837.163000
838.406000
850.045000
851.288000
852.532000
853.775000
856.245000
857.489000
858.732000
861.203000
863.689000
866.160000
867.403000
868.647000
869.890000
871.133000
873.604000
874.847000
876.091000
877.334000
881.048000
883.535000
886.005000
887.248000
889.735000
890.962000
892.206000
893.449000
895.936000
898.406000
910.045000
912.515000
915.002000
916.245000
917.472000
918.716000
921.203000
922.446000
923.673000
924.916000
931.117000
932.360000
936.074000
938.561000
939.805000
941.048000
942.275000
948.475000
949.719000
950.962000
952.206000
953.433000
957.163000
972.515000
975.002000
976.246000
978.716000
981.203000
982.446000
983.673000
986.160000
987.403000
988.647000
989.874000
991.117000
993.604000
994.847000
996.074000
997.318000
999.805000
1001.032000
1003.518000
1007.232000
1008.476000
1014.676000
1017.163000
1018.407000
