1041.764000
1050.435000
1055.392000
1060.366000
1064.080000
1075.238000
1081.438000
1085.152000
1098.050000
1103.008000
1104.251000
1106.721000
1109.208000
1111.695000
1114.165000
1124.080000
1137.724000
1140.211000
1145.169000
1163.008000
1179.123000
1180.366000
1187.794000
1190.281000
1197.725000
1202.682000
1205.152000
1219.278000
1225.478000
1231.679000
1239.123000
1240.366000
1244.080000
1251.524000
1257.725000
1260.195000
1266.396000
1278.034000
1279.278000
1284.235000
1286.722000
1291.679000
1305.324000
1307.794000
1310.281000
1311.524000
1318.952000
1326.396000
1339.278000
1349.192000
1354.166000
1355.393000
1356.636000
1357.880000
1365.324000
1367.794000
1377.725000
1382.682000
1402.992000
1406.722000
1410.436000
1411.679000
1415.393000
1416.636000
1419.123000
1422.837000
1424.081000
1427.794000
1436.482000
1437.725000
1458.035000
1465.479000
1470.436000
1474.166000
1475.393000
1479.123000
1482.837000
1492.752000
1496.482000
1518.035000
1520.522000
1524.235000
1525.479000
1527.966000
1532.923000
1541.594000
1545.324000
1556.482000
1561.439000
1562.683000
1563.926000
1565.153000
1566.396000
1589.193000
1597.880000
1604.081000
1609.038000
1612.752000
1626.397000
1642.992000
1645.479000
1652.923000
1654.167000
1655.394000
1672.752000
1681.439000
1682.683000
1683.926000
1701.766000
1710.436000
1711.680000
1712.923000
1746.397000
