1039.907000
1041.134000
1042.378000
1043.621000
1044.864000
1046.108000
1047.335000
1048.578000
1049.822000
1051.065000
1052.292000
1053.535000
1056.022000
1057.266000
1058.493000
1059.736000
1060.979000
1062.223000
1063.466000
1064.693000
1065.937000
1067.180000
1068.423000
1069.667000
1070.894000
1072.137000
1073.381000
1074.624000
1075.868000
1077.094000
1078.338000
1079.581000
1080.825000
1082.052000
1083.295000
1084.538000
1085.782000
1097.420000
1098.664000
1101.151000
1102.394000
1103.621000
1104.865000
1106.108000
1107.351000
1108.595000
1109.822000
1111.065000
1112.309000
1113.552000
1114.795000
1116.022000
1117.266000
1118.509000
1119.753000
1120.980000
1122.223000
1123.466000
1124.710000
1125.953000
1127.180000
1128.424000
1129.667000
1130.910000
1132.154000
1133.381000
1134.624000
1135.868000
1137.111000
1138.355000
1139.581000
1140.825000
1142.068000
1143.312000
1144.555000
1145.782000
1157.421000
1158.664000
1159.907000
1161.134000
1162.378000
1163.621000
1164.865000
1166.092000
1167.335000
1169.822000
1171.065000
1172.292000
1173.536000
1174.779000
1176.022000
1177.266000
1178.493000
1179.736000
1180.980000
1182.223000
1183.467000
1184.693000
1185.937000
1188.424000
1189.667000
1190.894000
1192.137000
1194.624000
1195.868000
1197.095000
1198.338000
1199.582000
1200.825000
1202.052000
1203.295000
1204.539000
1205.782000
1217.421000
1218.664000
1219.908000
1221.134000
1222.378000
1223.621000
1224.865000
1226.092000
1227.335000
1228.579000
1229.822000
1231.065000
1232.292000
1233.536000
1234.779000
1236.023000
1237.266000
1238.493000
1239.736000
1240.980000
1242.223000
1243.467000
1244.694000
1245.937000
1247.180000
1248.424000
1249.667000
1250.894000
1252.138000
1253.381000
1254.624000
1255.868000
1257.095000
1258.338000
1259.582000
1260.825000
1262.052000
1263.295000
1264.539000
1265.782000
1277.421000
1278.664000
1279.908000
1281.135000
1282.378000
1283.621000
1284.865000
1286.092000
1287.335000
1288.579000
1289.822000
1292.292000
1293.536000
1294.779000
1296.023000
1297.266000
1298.493000
1299.736000
1302.223000
1303.467000
1304.694000
1305.937000
1307.181000
1308.424000
1309.667000
1310.894000
1312.138000
1313.381000
1314.625000
1315.868000
1317.095000
1318.338000
1319.582000
1322.052000
1323.296000
1324.539000
1325.782000
1337.421000
1338.664000
1339.908000
1341.135000
1342.378000
1343.622000
1344.865000
1346.092000
1347.335000
1348.579000
1349.822000
1351.066000
1352.293000
1353.536000
1354.779000
1356.023000
1357.266000
1359.737000
1360.980000
1362.223000
1363.467000
1364.694000
1365.937000
1367.181000
1368.424000
1369.668000
1370.894000
1372.138000
1373.381000
1374.625000
1377.095000
1378.338000
1380.825000
1382.052000
1383.296000
1385.783000
1398.665000
1399.908000
1401.135000
1402.378000
1403.622000
1404.865000
1406.092000
1407.336000
1409.822000
1411.066000
1412.293000
1413.536000
1414.780000
1416.023000
1418.493000
1419.737000
1420.980000
1422.224000
1423.467000
1424.694000
1425.937000
1427.181000
1429.668000
1430.895000
1432.138000
1433.381000
1434.625000
1435.852000
1437.095000
1438.339000
1439.582000
1442.052000
1443.296000
1444.539000
1457.421000
1458.665000
1459.892000
1461.135000
1462.378000
1463.622000
1464.865000
1466.092000
1467.336000
1468.579000
1469.823000
1471.066000
1472.293000
1474.780000
1476.023000
1477.267000
1478.493000
1479.737000
1482.224000
1483.467000
1484.694000
1485.938000
1487.181000
1488.424000
1490.895000
1492.138000
1493.382000
1494.625000
1495.852000
1498.339000
1499.582000
1500.826000
1504.539000
1505.783000
1517.421000
1518.665000
1519.892000
1521.135000
1522.379000
1524.865000
1526.092000
1527.336000
1528.579000
1529.823000
1531.066000
1532.293000
1533.536000
1534.780000
1538.494000
1539.737000
1540.980000
1542.224000
1543.467000
1544.694000
1547.181000
1548.425000
1549.668000
1550.895000
1552.138000
1553.382000
1554.625000
1555.852000
1557.095000
1558.339000
1559.582000
1560.826000
1562.053000
1563.296000
1564.540000
1565.783000
1577.422000
1578.665000
1579.892000
1581.135000
1583.622000
1584.866000
1587.336000
1588.579000
1589.823000
1591.066000
1593.537000
1594.780000
1597.267000
1598.494000
1599.737000
1602.224000
1605.938000
1607.181000
1608.425000
1609.652000
1610.895000
1612.138000
1613.382000
1614.625000
1615.852000
1619.582000
1620.826000
1623.296000
1625.783000
1637.422000
1639.892000
1642.379000
1643.622000
1644.866000
1646.093000
1647.336000
1648.579000
1649.823000
1651.066000
1652.293000
1653.537000
1654.780000
1656.024000
1657.267000
1658.494000
1659.737000
1660.981000
1663.451000
1665.938000
1668.425000
1670.895000
1674.625000
1679.583000
1697.422000
1698.665000
1699.892000
1703.622000
1704.866000
1707.336000
1708.580000
1709.823000
1711.066000
1712.293000
1713.537000
1714.780000
1716.024000
1717.267000
1719.737000
1720.981000
1723.468000
1724.695000
1725.938000
1727.181000
1728.425000
1729.652000
1730.895000
1732.139000
1734.626000
1735.852000
1737.096000
1738.339000
1739.583000
1740.826000
1742.053000
1743.296000
1744.540000
1745.783000
