311.287000
311.900000
312.530000
313.144000
314.387000
315.001000
315.631000
316.244000
316.874000
318.101000
318.731000
319.344000
319.974000
320.588000
321.201000
321.831000
322.445000
323.075000
323.688000
324.302000
324.932000
326.175000
326.789000
327.402000
328.032000
328.645000
329.889000
330.502000
331.132000
331.746000
332.376000
332.989000
334.233000
334.846000
335.476000
336.089000
336.703000
337.946000
338.560000
340.433000
341.047000
341.660000
342.290000
342.903000
343.533000
344.147000
344.760000
345.390000
346.004000
346.634000
347.247000
347.861000
348.491000
349.104000
349.734000
350.348000
352.204000
352.834000
353.448000
354.061000
354.691000
355.305000
356.548000
357.162000
357.792000
358.405000
369.430000
370.044000
370.674000
371.287000
371.901000
372.531000
373.144000
373.774000
374.387000
375.001000
375.631000
376.244000
376.874000
377.488000
378.101000
378.731000
379.345000
379.975000
380.588000
381.201000
381.831000
382.445000
383.075000
383.688000
384.302000
384.932000
385.545000
386.789000
388.645000
389.276000
389.889000
391.132000
391.746000
392.376000
392.989000
393.603000
394.233000
394.846000
395.460000
396.703000
397.333000
397.946000
399.190000
399.803000
400.433000
401.047000
401.660000
402.290000
402.904000
403.534000
404.147000
404.760000
405.390000
406.004000
406.634000
407.247000
407.861000
408.491000
409.104000
409.734000
410.348000
410.961000
411.591000
412.205000
412.835000
413.448000
414.061000
414.691000
415.305000
415.935000
416.548000
417.162000
417.792000
418.405000
429.430000
430.044000
430.674000
431.287000
431.901000
433.144000
433.774000
434.388000
435.001000
435.631000
436.244000
436.874000
437.488000
438.101000
438.731000
439.345000
439.975000
440.588000
441.202000
441.832000
442.445000
443.075000
443.688000
444.302000
444.932000
445.545000
446.175000
446.789000
447.402000
448.032000
448.646000
449.276000
449.889000
450.503000
451.133000
451.746000
452.376000
452.989000
453.603000
454.233000
454.846000
455.460000
457.333000
457.947000
458.560000
459.190000
459.803000
462.290000
462.904000
463.534000
464.147000
464.761000
465.391000
466.004000
466.634000
467.248000
467.861000
468.491000
469.104000
469.734000
470.348000
475.305000
475.935000
476.548000
477.162000
477.792000
478.405000
489.430000
490.044000
490.674000
491.287000
491.901000
492.531000
493.144000
493.774000
494.388000
495.001000
495.631000
496.245000
496.875000
497.488000
498.101000
498.731000
499.345000
499.975000
500.588000
501.202000
501.832000
502.445000
503.075000
503.689000
504.302000
504.932000
505.545000
506.789000
507.402000
508.032000
508.646000
509.276000
509.889000
510.503000
511.133000
511.746000
512.360000
512.990000
513.603000
514.233000
514.846000
515.460000
516.090000
516.703000
517.947000
518.560000
519.190000
519.804000
520.434000
521.660000
522.290000
522.904000
523.534000
524.147000
524.761000
525.391000
526.004000
526.634000
527.248000
527.861000
528.491000
529.105000
529.735000
530.348000
530.961000
531.591000
532.205000
532.835000
533.448000
534.062000
534.692000
535.305000
536.549000
537.162000
537.792000
538.405000
549.414000
550.044000
550.657000
551.287000
551.901000
552.514000
553.144000
553.758000
555.001000
555.615000
556.245000
556.858000
557.472000
558.102000
558.715000
559.345000
559.958000
560.572000
561.202000
561.815000
562.445000
563.059000
563.672000
564.302000
564.916000
565.546000
566.159000
567.402000
568.016000
568.646000
569.259000
569.873000
570.503000
571.116000
571.746000
572.360000
572.973000
574.217000
574.847000
576.073000
576.703000
577.317000
577.947000
579.804000
580.417000
581.047000
581.661000
582.274000
582.904000
583.517000
584.761000
586.004000
586.618000
587.861000
588.475000
589.105000
589.718000
590.331000
590.962000
591.575000
592.205000
592.818000
593.432000
594.062000
594.675000
595.305000
595.919000
596.532000
597.162000
597.776000
598.406000
609.431000
610.044000
610.674000
611.288000
611.901000
612.531000
613.145000
613.774000
614.388000
615.001000
615.631000
616.245000
616.875000
617.488000
618.102000
618.732000
619.345000
619.975000
620.589000
621.202000
621.832000
622.445000
623.075000
623.689000
624.302000
624.932000
625.546000
626.176000
628.033000
628.646000
629.276000
629.889000
630.503000
631.133000
631.746000
632.360000
632.990000
633.603000
634.233000
634.847000
635.460000
636.090000
636.704000
637.334000
637.947000
638.560000
639.190000
639.804000
640.434000
641.047000
641.661000
642.291000
642.904000
643.534000
644.148000
644.761000
645.391000
646.004000
646.634000
647.248000
647.861000
648.491000
649.105000
649.735000
650.348000
650.962000
651.592000
652.205000
653.449000
654.062000
654.692000
655.305000
655.935000
656.549000
657.792000
658.406000
669.414000
670.044000
670.658000
671.288000
671.901000
672.515000
673.145000
673.758000
674.388000
675.001000
675.615000
676.245000
676.858000
677.472000
678.102000
678.715000
679.959000
680.572000
681.202000
681.816000
682.446000
683.059000
683.672000
684.302000
684.916000
685.546000
686.159000
686.773000
687.403000
688.016000
688.646000
689.260000
689.873000
690.503000
691.116000
691.746000
692.360000
694.847000
695.460000
696.074000
696.704000
697.317000
697.947000
698.561000
699.174000
699.804000
700.417000
701.047000
701.661000
702.274000
702.904000
703.518000
704.148000
704.761000
705.375000
706.005000
706.618000
707.248000
707.861000
709.718000
710.332000
710.962000
711.575000
712.205000
712.819000
713.432000
716.532000
717.776000
718.406000
729.431000
730.044000
730.674000
731.288000
731.901000
732.531000
733.145000
733.775000
735.002000
735.632000
736.245000
736.875000
737.489000
738.102000
738.732000
739.345000
739.975000
740.589000
741.202000
741.832000
742.446000
743.076000
743.689000
744.303000
744.933000
745.546000
746.176000
746.789000
748.033000
748.646000
749.260000
749.890000
750.503000
751.133000
751.747000
752.360000
752.990000
753.603000
754.233000
756.090000
756.704000
757.334000
757.947000
758.561000
759.191000
759.804000
760.434000
761.048000
761.661000
762.291000
762.904000
764.761000
765.391000
766.005000
766.635000
767.862000
768.492000
769.105000
769.735000
770.348000
770.962000
771.592000
772.205000
772.835000
773.449000
774.062000
774.692000
775.306000
775.936000
776.549000
777.163000
777.793000
789.415000
790.045000
791.901000
792.515000
793.145000
793.758000
794.372000
795.002000
795.615000
796.245000
796.859000
797.472000
798.102000
798.715000
799.346000
799.959000
800.572000
801.202000
801.816000
802.446000
803.059000
803.673000
804.303000
804.916000
805.546000
806.160000
806.773000
807.403000
808.016000
808.646000
809.260000
809.873000
810.503000
811.117000
811.747000
812.360000
812.974000
814.847000
815.461000
816.074000
816.704000
817.317000
817.947000
818.561000
819.174000
819.804000
820.418000
821.048000
821.661000
822.275000
822.905000
823.518000
825.375000
826.005000
826.618000
827.232000
827.862000
828.475000
829.105000
829.719000
830.332000
830.962000
831.575000
832.205000
832.819000
833.432000
834.062000
834.676000
835.306000
835.919000
836.533000
837.163000
837.776000
838.406000
849.431000
850.045000
850.675000
851.288000
851.902000
852.532000
853.145000
853.775000
854.388000
855.002000
855.632000
856.245000
856.875000
857.489000
858.102000
858.732000
859.346000
861.203000
861.833000
862.446000
863.076000
863.689000
864.303000
864.933000
865.546000
866.160000
866.790000
867.403000
868.033000
868.647000
869.260000
869.890000
870.503000
871.133000
871.747000
872.360000
872.990000
873.604000
874.234000
874.847000
875.461000
876.091000
876.704000
877.334000
877.948000
879.191000
879.804000
880.434000
881.048000
881.661000
882.291000
883.535000
884.148000
886.005000
886.635000
887.248000
887.862000
888.492000
889.105000
889.735000
890.962000
891.592000
892.206000
892.836000
893.449000
894.062000
895.306000
895.936000
898.406000
909.415000
910.045000
910.658000
911.272000
911.902000
912.515000
913.145000
913.759000
915.002000
915.615000
916.245000
916.859000
917.472000
918.102000
918.716000
919.346000
919.959000
920.573000
921.203000
921.816000
922.446000
923.060000
923.673000
924.303000
924.916000
926.160000
926.773000
928.017000
928.647000
929.260000
929.874000
930.504000
931.117000
931.747000
932.360000
932.974000
933.604000
934.217000
934.847000
935.461000
936.074000
936.704000
937.318000
937.948000
938.561000
939.175000
939.805000
940.418000
941.048000
941.661000
942.275000
942.905000
944.132000
945.375000
948.475000
949.105000
949.719000
950.332000
950.962000
951.576000
952.206000
952.819000
953.433000
954.063000
954.676000
955.306000
957.163000
958.406000
969.415000
970.045000
971.902000
972.515000
973.759000
975.002000
975.616000
976.246000
976.859000
977.472000
978.102000
978.716000
979.346000
979.959000
980.573000
981.203000
981.816000
982.446000
983.060000
983.673000
984.303000
984.917000
985.547000
986.160000
986.773000
987.403000
988.017000
988.647000
989.260000
989.874000
990.504000
991.117000
991.747000
992.361000
992.974000
993.604000
994.217000
994.847000
995.461000
996.074000
996.704000
997.318000
997.948000
999.175000
999.805000
1000.418000
1001.032000
1001.662000
1003.518000
1006.005000
1007.232000
1007.862000
1008.476000
1009.106000
1010.332000
1011.576000
1012.819000
1014.063000
1014.676000
1016.533000
1017.163000
1017.777000
1018.407000
