1768.522000
1769.765000
1772.252000
1774.722000
1775.966000
1777.209000
1778.453000
1779.680000
1780.923000
1782.166000
1783.410000
1784.653000
1785.880000
1788.367000
1789.611000
1790.854000
1792.081000
1793.324000
1795.811000
1797.055000
1798.281000
1802.012000
1803.255000
1804.482000
1805.725000
1806.969000
1808.212000
1809.456000
1810.683000
1813.170000
1814.413000
1826.052000
1829.765000
1831.009000
1833.496000
1837.209000
1838.453000
1840.923000
1842.167000
1845.880000
1848.367000
1853.324000
1854.568000
1855.811000
1857.055000
1860.768000
1868.213000
1869.456000
1871.926000
1873.170000
1874.413000
1886.052000
1893.496000
1894.723000
1895.966000
1898.453000
1899.680000
1900.923000
1902.167000
1904.654000
1905.880000
1908.367000
1912.081000
1914.568000
1915.811000
1918.282000
1919.525000
1923.255000
1925.726000
1928.213000
1929.440000
1931.926000
1934.413000
1946.052000
1947.295000
1948.522000
1951.009000
1952.252000
1954.723000
1957.210000
1958.453000
1959.680000
1962.167000
1965.881000
1967.124000
1969.611000
1972.081000
1974.568000
1975.812000
1978.282000
1979.525000
1984.482000
1990.683000
1994.413000
2007.295000
2009.766000
2014.723000
2015.966000
2019.680000
2022.167000
2024.654000
2027.124000
2028.368000
2029.611000
2030.854000
2034.568000
2035.812000
2037.055000
2038.282000
2039.525000
2045.726000
2046.969000
2051.927000
2053.170000
2054.414000
2066.052000
2069.766000
2073.480000
2080.924000
2083.411000
2084.654000
2085.881000
2087.124000
2090.855000
2093.325000
2094.568000
2099.526000
2100.769000
2103.256000
2105.726000
2108.213000
2110.683000
2128.523000
2129.766000
2131.009000
2133.480000
2134.723000
2135.967000
2137.210000
2142.167000
2143.411000
2144.654000
2145.881000
2149.611000
2150.855000
2152.082000
2153.325000
2154.569000
2160.769000
2162.013000
2163.256000
2164.483000
2166.970000
2169.440000
2171.927000
2186.036000
2187.279000
2190.993000
2193.480000
2195.967000
2197.194000
2200.924000
2203.394000
2205.881000
2209.595000
2212.082000
2213.325000
2215.795000
2218.282000
2219.526000
2221.996000
2223.240000
2224.483000
2228.197000
2230.684000
2233.154000
2234.397000
2247.279000
2248.523000
2250.993000
2252.237000
2257.194000
2258.437000
2259.681000
2260.924000
2262.168000
2263.394000
2265.881000
2267.125000
2268.352000
2270.838000
2272.082000
2274.552000
2275.796000
2279.526000
2280.753000
2283.240000
2286.953000
2288.197000
2289.440000
2291.927000
2306.053000
2307.280000
2308.523000
2309.766000
2312.253000
2313.480000
2315.967000
2317.210000
2318.454000
2319.681000
2322.168000
2328.368000
2330.855000
2332.082000
2335.812000
2340.770000
2342.013000
2343.240000
2344.483000
2346.970000
2348.214000
2349.440000
2351.927000
2367.280000
2369.767000
2371.010000
2373.480000
2374.724000
2378.454000
2380.924000
2385.882000
2392.082000
2394.569000
2395.812000
2398.283000
2399.526000
2403.240000
2404.483000
2405.727000
2406.970000
2408.214000
2410.684000
2411.927000
2426.036000
2427.280000
2428.523000
2430.994000
2432.237000
2433.480000
2437.194000
2438.438000
2440.924000
2444.638000
2445.882000
2449.595000
2452.082000
2461.997000
2465.727000
2471.928000
2474.398000
