1034.320000
1034.933000
1035.563000
1036.177000
1036.807000
1037.420000
1038.034000
1038.664000
1039.277000
1039.907000
1040.521000
1041.134000
1041.764000
1042.378000
1043.008000
1043.621000
1044.234000
1044.864000
1045.478000
1046.108000
1046.721000
1047.335000
1047.965000
1048.578000
1049.192000
1049.822000
1050.435000
1051.065000
1051.678000
1052.292000
1052.922000
1053.535000
1054.165000
1054.779000
1055.392000
1056.022000
1056.636000
1057.266000
1057.879000
1058.493000
1059.123000
1059.736000
1060.366000
1060.979000
1061.593000
1062.223000
1062.836000
1063.466000
1064.080000
1064.693000
1065.323000
1065.937000
1066.567000
1067.180000
1067.793000
1068.423000
1069.037000
1069.667000
1070.280000
1070.894000
1071.524000
1072.137000
1072.767000
1073.381000
1073.994000
1074.624000
1075.238000
1075.868000
1076.481000
1077.094000
1077.724000
1078.338000
1078.968000
1079.581000
1080.195000
1080.825000
1081.438000
1082.052000
1082.682000
1083.295000
1083.925000
1084.538000
1085.152000
1085.782000
1086.395000
1094.320000
1094.950000
1095.564000
1096.194000
1096.807000
1097.420000
1098.050000
1098.664000
1099.294000
1099.907000
1100.521000
1101.151000
1101.764000
1102.394000
1103.008000
1103.621000
1104.251000
1104.865000
1105.495000
1106.108000
1106.721000
1107.351000
1107.965000
1108.595000
1109.208000
1109.822000
1110.452000
1111.065000
1111.695000
1112.309000
1112.922000
1113.552000
1114.165000
1114.795000
1115.409000
1116.022000
1116.652000
1117.266000
1117.896000
1118.509000
1119.123000
1119.753000
1120.366000
1120.980000
1121.610000
1122.223000
1122.853000
1123.466000
1124.080000
1124.710000
1125.323000
1125.953000
1126.567000
1127.180000
1127.810000
1128.424000
1129.054000
1129.667000
1130.280000
1130.910000
1131.524000
1132.154000
1132.767000
1133.381000
1134.011000
1134.624000
1135.254000
1135.868000
1136.481000
1137.111000
1137.724000
1138.355000
1138.968000
1139.581000
1140.211000
1140.825000
1141.455000
1142.068000
1142.682000
1143.312000
1143.925000
1144.555000
1145.169000
1145.782000
1146.412000
1154.320000
1154.934000
1155.564000
1156.177000
1156.807000
1157.421000
1158.034000
1158.664000
1159.277000
1159.907000
1160.521000
1161.134000
1161.764000
1162.378000
1163.008000
1163.621000
1164.235000
1164.865000
1165.478000
1166.092000
1166.722000
1167.335000
1167.965000
1168.578000
1169.192000
1169.822000
1170.435000
1171.065000
1171.679000
1172.292000
1172.922000
1173.536000
1174.166000
1174.779000
1175.392000
1176.022000
1176.636000
1177.266000
1177.879000
1178.493000
1179.123000
1179.736000
1180.366000
1180.980000
1181.593000
1182.223000
1182.837000
1183.467000
1184.080000
1184.693000
1185.323000
1185.937000
1186.567000
1187.180000
1187.794000
1188.424000
1189.037000
1189.667000
1190.281000
1190.894000
1191.524000
1192.137000
1192.767000
1193.381000
1193.994000
1194.624000
1195.238000
1195.868000
1196.481000
1197.095000
1197.725000
1198.338000
1198.952000
1199.582000
1200.195000
1200.825000
1201.438000
1202.052000
1202.682000
1203.295000
1203.925000
1204.539000
1205.152000
1205.782000
1206.396000
1214.320000
1214.934000
1215.564000
1216.177000
1216.807000
1217.421000
1218.034000
1218.664000
1219.278000
1219.908000
1220.521000
1221.134000
1221.764000
1222.378000
1223.008000
1223.621000
1224.235000
1224.865000
1225.478000
1226.092000
1226.722000
1227.335000
1227.965000
1228.579000
1229.192000
1229.822000
1230.435000
1231.065000
1231.679000
1232.292000
1232.922000
1233.536000
1234.166000
1234.779000
1235.393000
1236.023000
1236.636000
1237.266000
1237.879000
1238.493000
1239.123000
1239.736000
1240.366000
1240.980000
1241.593000
1242.223000
1242.837000
1243.467000
1244.080000
1244.694000
1245.324000
1245.937000
1246.567000
1247.180000
1247.794000
1248.424000
1249.037000
1249.667000
1250.281000
1250.894000
1251.524000
1252.138000
1252.768000
1253.381000
1253.994000
1254.624000
1255.238000
1255.868000
1256.481000
1257.095000
1257.725000
1258.338000
1258.952000
1259.582000
1260.195000
1260.825000
1261.439000
1262.052000
1262.682000
1263.295000
1263.925000
1264.539000
1265.152000
1265.782000
1266.396000
1274.321000
1274.934000
1275.564000
1276.177000
1276.807000
1277.421000
1278.034000
1278.664000
1279.278000
1279.908000
1280.521000
1281.135000
1281.765000
1282.378000
1282.991000
1283.621000
1284.235000
1284.865000
1285.478000
1286.092000
1286.722000
1287.335000
1287.965000
1288.579000
1289.192000
1289.822000
1290.436000
1291.066000
1291.679000
1292.292000
1292.922000
1293.536000
1294.166000
1294.779000
1295.393000
1296.023000
1296.636000
1297.266000
1297.880000
1298.493000
1299.123000
1299.736000
1300.366000
1300.980000
1301.593000
1302.223000
1302.837000
1303.467000
1304.080000
1304.694000
1305.324000
1305.937000
1306.567000
1307.181000
1307.794000
1308.424000
1309.037000
1309.667000
1310.281000
1310.894000
1311.524000
1312.138000
1312.768000
1313.381000
1313.995000
1314.625000
1315.238000
1315.868000
1316.481000
1317.095000
1317.725000
1318.338000
1318.952000
1319.582000
1320.195000
1320.825000
1321.439000
1322.052000
1322.682000
1323.296000
1323.926000
1324.539000
1325.152000
1325.782000
1326.396000
1334.321000
1334.934000
1335.564000
1336.178000
1336.808000
1337.421000
1338.034000
1338.664000
1339.278000
1339.908000
1340.521000
1341.135000
1341.765000
1342.378000
1342.992000
1343.622000
1344.235000
1344.865000
1345.478000
1346.092000
1346.722000
1347.335000
1347.965000
1348.579000
1349.192000
1349.822000
1350.436000
1351.066000
1351.679000
1352.293000
1352.923000
1353.536000
1354.166000
1354.779000
1355.393000
1356.023000
1356.636000
1357.266000
1357.880000
1358.493000
1359.123000
1359.737000
1360.367000
1360.980000
1361.593000
1362.223000
1362.837000
1363.467000
1364.080000
1364.694000
1365.324000
1365.937000
1366.567000
1367.181000
1367.794000
1368.424000
1369.038000
1369.668000
1370.281000
1370.894000
1371.524000
1372.138000
1372.768000
1373.381000
1373.995000
1374.625000
1375.238000
1375.852000
1376.482000
1377.095000
1377.725000
1378.338000
1378.952000
1379.582000
1380.195000
1380.825000
1381.439000
1382.052000
1382.682000
1383.296000
1383.926000
1384.539000
1385.153000
1385.783000
1386.396000
1394.321000
1394.934000
1395.564000
1396.178000
1396.808000
1397.421000
1398.035000
1398.665000
1399.278000
1399.908000
1400.522000
1401.135000
1401.765000
1402.378000
1402.992000
1403.622000
1404.235000
1404.865000
1405.479000
1406.092000
1406.722000
1407.336000
1407.966000
1408.579000
1409.192000
1409.822000
1410.436000
1411.066000
1411.679000
1412.293000
1412.923000
1413.536000
1414.166000
1414.780000
1415.393000
1416.023000
1416.636000
1417.266000
1417.880000
1418.493000
1419.123000
1419.737000
1420.367000
1420.980000
1421.594000
1422.224000
1422.837000
1423.467000
1424.081000
1424.694000
1425.324000
1425.937000
1426.567000
1427.181000
1427.794000
1428.424000
1429.038000
1429.668000
1430.281000
1430.895000
1431.525000
1432.138000
1432.768000
1433.381000
1433.995000
1434.625000
1435.238000
1435.852000
1436.482000
1437.095000
1437.725000
1438.339000
1438.952000
1439.582000
1440.195000
1440.826000
1441.439000
1442.052000
1442.682000
1443.296000
1443.926000
1444.539000
1445.153000
1445.783000
1446.396000
1454.321000
1454.934000
1455.564000
1456.178000
1456.808000
1457.421000
1458.035000
1458.665000
1459.278000
1459.892000
1460.522000
1461.135000
1461.765000
1462.378000
1462.992000
1463.622000
1464.235000
1464.865000
1465.479000
1466.092000
1466.722000
1467.336000
1467.966000
1468.579000
1469.193000
1469.823000
1470.436000
1471.066000
1471.679000
1472.293000
1472.923000
1473.536000
1474.166000
1474.780000
1475.393000
1476.023000
1476.637000
1477.267000
1477.880000
1478.493000
1479.123000
1479.737000
1480.367000
1480.980000
1481.594000
1482.224000
1482.837000
1483.467000
1484.081000
1484.694000
1485.324000
1485.938000
1486.568000
1487.181000
1487.794000
1488.424000
1489.038000
1489.651000
1490.281000
1490.895000
1491.525000
1492.138000
1492.752000
1493.382000
1493.995000
1494.625000
1495.238000
1495.852000
1496.482000
1497.095000
1497.725000
1498.339000
1498.952000
1499.582000
1500.196000
1500.826000
1501.439000
1502.052000
1502.682000
1503.296000
1503.926000
1504.539000
1505.153000
1505.783000
1506.396000
1514.321000
1514.935000
1515.565000
1516.178000
1516.808000
1517.421000
1518.035000
1518.665000
1519.278000
1519.892000
1520.522000
1521.135000
1521.765000
1522.379000
1522.992000
1523.622000
1524.235000
1524.865000
1525.479000
1526.092000
1526.722000
1527.336000
1527.966000
1528.579000
1529.193000
1529.823000
1530.436000
1531.066000
1531.680000
1532.293000
1532.923000
1533.536000
1534.166000
1534.780000
1535.393000
1536.023000
1536.637000
1537.267000
1537.880000
1538.494000
1539.124000
1539.737000
1540.367000
1540.980000
1541.594000
1542.224000
1542.837000
1543.467000
1544.081000
1544.694000
1545.324000
1545.938000
1546.568000
1547.181000
1547.795000
1548.425000
1549.038000
1549.668000
1550.281000
1550.895000
1551.525000
1552.138000
1552.752000
1553.382000
1553.995000
1554.625000
1555.239000
1555.852000
1556.482000
1557.095000
1557.725000
1558.339000
1558.952000
1559.582000
1560.196000
1560.826000
1561.439000
1562.053000
1562.683000
1563.296000
1563.926000
1564.540000
1565.153000
1565.783000
1566.396000
1574.321000
1574.935000
1575.565000
1576.178000
1576.792000
1577.422000
1578.035000
1578.665000
1579.278000
1579.892000
1580.522000
1581.135000
1581.765000
1582.379000
1582.992000
1583.622000
1584.236000
1584.866000
1585.479000
1586.092000
1586.722000
1587.336000
1587.966000
1588.579000
1589.193000
1589.823000
1590.436000
1591.066000
1591.680000
1592.293000
1592.923000
1593.537000
1594.167000
1594.780000
1595.393000
1596.023000
1596.637000
1597.267000
1597.880000
1598.494000
1599.124000
1599.737000
1600.367000
1600.981000
1601.594000
1602.224000
1602.837000
1603.467000
1604.081000
1604.694000
1605.324000
1605.938000
1606.568000
1607.181000
1607.795000
1608.425000
1609.038000
1609.652000
1610.282000
1610.895000
1611.525000
1612.138000
1612.752000
1613.382000
1613.995000
1614.625000
1615.239000
1615.852000
1616.482000
1617.096000
1617.726000
1618.339000
1618.952000
1619.582000
1620.196000
1620.826000
1621.439000
1622.053000
1622.683000
1623.296000
1623.926000
1624.540000
1625.153000
1625.783000
1626.397000
1634.321000
1634.935000
1635.565000
1636.178000
1636.792000
1637.422000
1638.035000
1638.665000
1639.279000
1639.892000
1640.522000
1641.135000
1641.765000
1642.379000
1642.992000
1643.622000
1644.236000
1644.866000
1645.479000
1646.093000
1646.723000
1647.336000
1647.966000
1648.579000
1649.193000
1649.823000
1650.436000
1651.066000
1651.680000
1652.293000
1652.923000
1653.537000
1654.167000
1654.780000
1655.394000
1656.024000
1656.637000
1657.267000
1657.880000
1658.494000
1659.124000
1659.737000
1660.367000
1660.981000
1661.594000
1662.224000
1662.838000
1663.451000
1664.081000
1664.694000
1665.324000
1665.938000
1666.568000
1667.181000
1667.795000
1668.425000
1669.038000
1669.652000
1670.282000
1670.895000
1671.525000
1672.139000
1672.752000
1673.382000
1673.995000
1674.625000
1675.239000
1675.852000
1676.482000
1677.096000
1677.726000
1678.339000
1678.953000
1679.583000
1680.196000
1680.826000
1681.439000
1682.053000
1682.683000
1683.296000
1683.926000
1684.540000
1685.153000
1685.783000
1686.397000
1694.321000
1694.935000
1695.565000
1696.178000
1696.792000
1697.422000
1698.035000
1698.665000
1699.279000
1699.892000
1700.522000
1701.136000
1701.766000
1702.379000
1702.992000
1703.622000
1704.236000
1704.866000
1705.479000
1706.093000
1706.723000
1707.336000
1707.966000
1708.580000
1709.193000
1709.823000
1710.436000
1711.066000
1711.680000
1712.293000
1712.923000
1713.537000
1714.167000
1714.780000
1715.394000
1716.024000
1716.637000
1717.267000
1717.881000
1718.494000
1719.124000
1719.737000
1720.367000
1720.981000
1721.594000
1722.224000
1722.838000
1723.468000
1724.081000
1724.695000
1725.325000
1725.938000
1726.568000
1727.181000
1727.795000
1728.425000
1729.038000
1729.652000
1730.282000
1730.895000
1731.525000
1732.139000
1732.752000
1733.382000
1733.996000
1734.626000
1735.239000
1735.852000
1736.482000
1737.096000
1737.726000
1738.339000
1738.953000
1739.583000
1740.196000
1740.826000
1741.440000
1742.053000
1742.683000
1743.296000
1743.926000
1744.540000
1745.153000
1745.783000
1746.397000
