312.530000
322.445000
324.932000
327.402000
328.645000
332.376000
336.089000
344.760000
352.204000
357.162000
358.405000
371.287000
372.531000
375.001000
377.488000
378.731000
381.201000
383.688000
394.846000
401.047000
402.290000
404.760000
409.734000
414.691000
417.162000
430.044000
435.001000
439.975000
442.445000
446.175000
448.646000
449.889000
451.133000
454.846000
457.333000
459.803000
464.761000
467.248000
469.734000
478.405000
490.044000
496.245000
502.445000
503.689000
507.402000
509.889000
511.133000
512.360000
514.846000
519.804000
524.761000
530.961000
555.001000
557.472000
567.402000
590.962000
598.406000
613.774000
616.245000
617.488000
618.732000
623.689000
634.847000
636.090000
641.047000
655.935000
672.515000
679.959000
687.403000
691.116000
694.847000
712.205000
735.002000
736.245000
741.202000
742.446000
756.090000
766.005000
768.492000
769.735000
773.449000
775.936000
777.163000
792.515000
811.117000
812.360000
818.561000
819.804000
827.232000
833.432000
834.676000
855.002000
862.446000
864.933000
872.360000
879.804000
882.291000
888.492000
911.272000
913.759000
919.959000
926.160000
928.647000
929.874000
933.604000
934.847000
937.318000
954.676000
958.406000
970.045000
973.759000
977.472000
979.959000
984.917000
992.361000
1006.005000
