1767.295000
1771.009000
1773.496000
1787.124000
1799.525000
1800.768000
1843.410000
1844.653000
1847.124000
1849.611000
1850.854000
1852.081000
1858.282000
1859.525000
1887.295000
1888.522000
1889.765000
1891.009000
1892.252000
1920.769000
1924.482000
1933.170000
1953.496000
1955.966000
1980.769000
1982.012000
1988.213000
1991.927000
2040.769000
2042.012000
2049.440000
2074.723000
2075.966000
2089.611000
2092.081000
2106.970000
2111.927000
2127.296000
2132.253000
2138.453000
2140.924000
2157.055000
2158.282000
2159.526000
2165.726000
2173.170000
2194.723000
2198.437000
2246.036000
2253.480000
2264.638000
2269.595000
2284.483000
2285.727000
2293.154000
2294.397000
2324.655000
2333.325000
2339.526000
2345.727000
2366.053000
2368.523000
2377.211000
2379.681000
2400.770000
2409.441000
2429.767000
2434.724000
2453.326000
2470.684000
