311.900000
313.144000
314.387000
315.631000
316.874000
318.101000
319.344000
320.588000
321.831000
323.075000
324.302000
326.789000
328.032000
330.502000
331.746000
332.989000
334.233000
335.476000
336.703000
337.946000
340.433000
341.660000
342.903000
344.147000
345.390000
346.634000
347.861000
349.104000
350.348000
352.834000
354.061000
355.305000
356.548000
357.792000
369.430000
370.674000
371.901000
373.144000
374.387000
375.631000
376.874000
378.101000
379.345000
380.588000
381.831000
383.075000
384.302000
385.545000
386.789000
389.276000
391.746000
392.989000
394.233000
395.460000
396.703000
397.946000
399.190000
400.433000
401.660000
402.904000
404.147000
405.390000
406.634000
407.861000
409.104000
410.348000
411.591000
412.835000
414.061000
415.305000
416.548000
417.792000
429.430000
430.674000
431.901000
433.144000
434.388000
435.631000
436.874000
438.101000
439.345000
440.588000
441.832000
443.075000
444.302000
445.545000
446.789000
448.032000
449.276000
450.503000
451.746000
452.989000
454.233000
455.460000
457.947000
459.190000
462.904000
464.147000
465.391000
466.634000
467.861000
469.104000
470.348000
475.305000
476.548000
477.792000
489.430000
490.674000
491.901000
493.144000
494.388000
495.631000
496.875000
498.101000
499.345000
500.588000
501.832000
503.075000
504.302000
505.545000
506.789000
508.032000
509.276000
510.503000
511.746000
512.990000
514.233000
515.460000
516.703000
517.947000
519.190000
520.434000
521.660000
522.904000
524.147000
525.391000
526.634000
527.861000
529.105000
530.348000
531.591000
532.835000
534.062000
535.305000
536.549000
537.792000
549.414000
550.657000
551.901000
553.144000
555.615000
556.858000
558.102000
559.345000
560.572000
561.815000
563.059000
564.302000
565.546000
568.016000
569.259000
570.503000
571.746000
572.973000
574.217000
576.703000
577.947000
580.417000
581.661000
582.904000
586.618000
587.861000
589.105000
590.331000
591.575000
592.818000
594.062000
595.305000
596.532000
597.776000
609.431000
610.674000
611.901000
613.145000
614.388000
615.631000
616.875000
618.102000
619.345000
620.589000
621.832000
623.075000
624.302000
625.546000
628.033000
629.276000
630.503000
631.746000
632.990000
634.233000
635.460000
636.704000
637.947000
639.190000
640.434000
641.661000
642.904000
644.148000
645.391000
646.634000
647.861000
649.105000
650.348000
651.592000
654.062000
655.305000
656.549000
657.792000
669.414000
670.658000
671.901000
673.145000
674.388000
675.615000
676.858000
678.102000
680.572000
681.816000
683.059000
684.302000
685.546000
686.773000
688.016000
689.260000
690.503000
691.746000
695.460000
696.704000
697.947000
699.174000
700.417000
701.661000
702.904000
704.148000
705.375000
706.618000
707.861000
710.332000
711.575000
712.819000
716.532000
717.776000
729.431000
730.674000
731.901000
733.145000
735.632000
736.875000
738.102000
739.345000
740.589000
741.832000
743.076000
744.303000
745.546000
746.789000
748.033000
749.260000
750.503000
751.747000
752.990000
754.233000
756.704000
757.947000
759.191000
760.434000
761.661000
762.904000
765.391000
766.635000
767.862000
769.105000
770.348000
771.592000
772.835000
774.062000
775.306000
776.549000
777.793000
789.415000
791.901000
793.145000
794.372000
795.615000
796.859000
798.102000
799.346000
800.572000
801.816000
803.059000
804.303000
805.546000
806.773000
808.016000
809.260000
810.503000
811.747000
812.974000
815.461000
816.704000
817.947000
819.174000
820.418000
821.661000
822.905000
825.375000
826.618000
827.862000
829.105000
830.332000
831.575000
832.819000
834.062000
835.306000
836.533000
837.776000
849.431000
850.675000
851.902000
853.145000
854.388000
855.632000
856.875000
858.102000
859.346000
861.833000
863.076000
864.303000
865.546000
866.790000
868.033000
869.260000
870.503000
871.747000
872.990000
874.234000
875.461000
876.704000
877.948000
879.191000
880.434000
881.661000
884.148000
886.635000
887.862000
889.105000
891.592000
892.836000
894.062000
895.306000
909.415000
910.658000
911.902000
913.145000
915.615000
916.859000
918.102000
919.346000
920.573000
921.816000
923.060000
924.303000
926.773000
928.017000
929.260000
930.504000
931.747000
932.974000
934.217000
935.461000
936.704000
937.948000
939.175000
940.418000
941.661000
942.905000
944.132000
945.375000
949.105000
950.332000
951.576000
952.819000
954.063000
955.306000
969.415000
971.902000
975.616000
976.859000
978.102000
979.346000
980.573000
981.816000
983.060000
984.303000
985.547000
986.773000
988.017000
989.260000
990.504000
991.747000
992.974000
994.217000
995.461000
996.704000
997.948000
999.175000
1000.418000
1001.662000
1007.862000
1009.106000
1010.332000
1011.576000
1012.819000
1014.063000
1016.533000
1017.777000
