1040.521000
1043.008000
1044.234000
1045.478000
1046.721000
1047.965000
1049.192000
1051.678000
1052.922000
1056.636000
1057.879000
1059.123000
1061.593000
1062.836000
1065.323000
1066.567000
1067.793000
1069.037000
1070.280000
1071.524000
1072.767000
1073.994000
1076.481000
1077.724000
1078.968000
1080.195000
1082.682000
1083.925000
1086.395000
1099.294000
1101.764000
1105.495000
1107.965000
1110.452000
1112.922000
1115.409000
1116.652000
1117.896000
1119.123000
1121.610000
1122.853000
1125.323000
1126.567000
1127.810000
1129.054000
1130.280000
1131.524000
1132.767000
1134.011000
1135.254000
1136.481000
1138.968000
1141.455000
1142.682000
1143.925000
1146.412000
1158.034000
1159.277000
1160.521000
1161.764000
1164.235000
1165.478000
1166.722000
1169.192000
1171.679000
1172.922000
1174.166000
1175.392000
1176.636000
1177.879000
1181.593000
1182.837000
1185.323000
1189.037000
1191.524000
1192.767000
1195.238000
1196.481000
1198.952000
1200.195000
1201.438000
1203.925000
1218.034000
1220.521000
1221.764000
1223.008000
1224.235000
1226.722000
1227.965000
1229.192000
1230.435000
1232.922000
1234.166000
1236.636000
1237.879000
1241.593000
1242.837000
1245.324000
1246.567000
1247.794000
1249.037000
1250.281000
1252.768000
1253.994000
1255.238000
1256.481000
1258.952000
1261.439000
1262.682000
1263.925000
1265.152000
1280.521000
1281.765000
1282.991000
1285.478000
1287.965000
1289.192000
1290.436000
1292.922000
1294.166000
1295.393000
1296.636000
1297.880000
1299.123000
1301.593000
1302.837000
1306.567000
1309.037000
1312.768000
1313.995000
1315.238000
1317.725000
1320.195000
1321.439000
1322.682000
1323.926000
1325.152000
1338.034000
1340.521000
1341.765000
1342.992000
1344.235000
1345.478000
1346.722000
1350.436000
1351.679000
1352.923000
1360.367000
1361.593000
1362.837000
1364.080000
1366.567000
1369.038000
1370.281000
1371.524000
1372.768000
1373.995000
1375.238000
1376.482000
1380.195000
1381.439000
1383.926000
1385.153000
1386.396000
1399.278000
1400.522000
1401.765000
1404.235000
1405.479000
1407.966000
1412.923000
1414.166000
1420.367000
1421.594000
1425.324000
1426.567000
1429.038000
1430.281000
1431.525000
1432.768000
1433.995000
1435.238000
1438.952000
1440.195000
1441.439000
1442.682000
1443.926000
1445.153000
1446.396000
1459.278000
1460.522000
1461.765000
1462.992000
1464.235000
1466.722000
1467.966000
1469.193000
1472.923000
1477.880000
1486.568000
1487.794000
1489.038000
1490.281000
1491.525000
1493.995000
1495.238000
1500.196000
1501.439000
1503.926000
1505.153000
1506.396000
1519.278000
1521.765000
1522.992000
1526.722000
1529.193000
1530.436000
1531.680000
1534.166000
1535.393000
1542.837000
1544.081000
1546.568000
1547.795000
1549.038000
1550.281000
1551.525000
1552.752000
1553.995000
1555.239000
1557.725000
1558.952000
1560.196000
1579.278000
1581.765000
1582.992000
1584.236000
1586.722000
1587.966000
1590.436000
1595.393000
1596.637000
1600.367000
1602.837000
1605.324000
1606.568000
1607.795000
1611.525000
1616.482000
1625.153000
1638.035000
1639.279000
1640.522000
1641.765000
1644.236000
1646.723000
1647.966000
1649.193000
1650.436000
1651.680000
1659.124000
1661.594000
1662.838000
1664.081000
1665.324000
1666.568000
1671.525000
1673.995000
1675.239000
1676.482000
1678.953000
1680.196000
1685.153000
1700.522000
1702.992000
1704.236000
1706.723000
1707.966000
1709.193000
1714.167000
1715.394000
1716.637000
1717.881000
1720.367000
1722.838000
1726.568000
1729.038000
1730.282000
1733.996000
1735.239000
1736.482000
1737.726000
1738.953000
1740.196000
1741.440000
1742.683000
1743.926000
1745.153000
