9.427000
10.040000
10.670000
11.284000
11.914000
12.527000
13.141000
13.771000
14.384000
15.014000
15.628000
16.241000
16.871000
18.115000
18.728000
19.341000
19.971000
20.585000
22.442000
23.685000
24.315000
24.929000
25.542000
26.172000
26.785000
27.415000
28.029000
29.272000
29.886000
30.516000
31.129000
31.743000
32.373000
32.986000
33.616000
34.230000
34.843000
35.473000
36.086000
36.700000
37.330000
37.943000
38.573000
39.800000
40.430000
41.044000
41.674000
42.287000
42.900000
43.530000
44.144000
44.774000
45.387000
46.001000
46.631000
47.244000
50.344000
51.588000
52.201000
52.831000
53.445000
54.075000
54.688000
55.302000
55.932000
56.545000
57.175000
57.789000
58.402000
69.427000
70.041000
70.671000
71.284000
71.914000
72.527000
73.141000
73.771000
74.384000
75.014000
75.628000
76.241000
76.871000
77.485000
78.115000
78.728000
79.342000
79.972000
80.585000
81.215000
81.828000
82.442000
83.072000
83.685000
84.315000
84.929000
85.542000
86.172000
86.786000
87.416000
88.029000
88.642000
89.272000
89.886000
90.516000
91.129000
92.373000
92.986000
93.616000
94.843000
95.473000
96.087000
96.717000
97.330000
97.943000
98.573000
99.187000
99.817000
100.430000
101.044000
102.901000
103.531000
104.144000
104.774000
105.387000
106.001000
106.631000
107.244000
107.874000
108.488000
109.101000
109.731000
110.345000
110.975000
111.588000
112.831000
113.445000
114.075000
114.688000
115.302000
115.932000
116.545000
117.175000
117.789000
118.402000
130.041000
130.671000
131.284000
131.914000
132.528000
133.141000
133.771000
134.384000
135.014000
136.241000
136.871000
137.485000
138.115000
138.728000
139.342000
139.972000
140.585000
141.215000
141.829000
142.442000
143.072000
143.685000
144.315000
144.929000
145.542000
146.172000
147.416000
148.029000
148.643000
149.273000
149.886000
150.516000
151.130000
151.743000
152.373000
152.986000
153.616000
154.843000
155.473000
156.087000
157.330000
157.944000
159.817000
160.430000
161.044000
161.674000
162.287000
162.901000
163.531000
164.144000
164.774000
165.388000
167.244000
167.874000
168.488000
169.731000
170.345000
170.975000
171.588000
172.202000
173.445000
174.075000
174.689000
175.302000
175.932000
176.545000
177.175000
178.402000
189.427000
190.041000
190.671000
191.284000
191.914000
192.528000
193.141000
193.771000
194.385000
195.015000
195.628000
196.241000
196.871000
197.485000
198.115000
198.728000
199.342000
199.972000
200.585000
201.215000
201.829000
202.442000
203.072000
203.686000
204.316000
204.929000
205.542000
206.172000
206.786000
207.416000
208.029000
208.643000
209.273000
209.886000
211.130000
211.743000
212.986000
213.600000
214.230000
214.843000
215.473000
216.087000
216.700000
217.944000
218.574000
219.187000
219.801000
220.431000
221.044000
221.674000
222.287000
222.901000
223.531000
224.144000
225.388000
226.001000
226.631000
227.245000
227.875000
228.488000
229.101000
229.731000
230.345000
230.975000
231.588000
232.202000
232.832000
233.445000
234.689000
235.302000
235.932000
236.546000
237.176000
249.428000
250.041000
250.671000
251.284000
251.914000
252.528000
254.385000
255.015000
255.628000
256.242000
256.872000
257.485000
258.728000
259.342000
259.972000
260.585000
261.215000
263.686000
264.316000
264.929000
265.543000
266.173000
267.416000
268.029000
268.643000
269.273000
269.886000
270.516000
271.743000
272.373000
272.987000
274.230000
274.843000
275.473000
276.087000
276.717000
277.330000
277.944000
278.574000
279.187000
280.431000
281.044000
281.674000
282.288000
282.901000
284.144000
285.388000
286.001000
286.631000
287.245000
287.875000
288.488000
289.102000
289.732000
290.345000
290.975000
292.202000
292.832000
293.445000
294.075000
295.932000
296.546000
297.176000
298.403000
