310.671000
311.915000
313.141000
315.628000
316.872000
318.115000
319.342000
323.072000
324.316000
325.543000
326.786000
328.030000
331.743000
332.987000
334.230000
335.474000
336.717000
337.944000
339.187000
340.431000
342.901000
344.145000
345.388000
346.631000
347.875000
349.102000
350.345000
351.589000
352.832000
356.546000
357.789000
369.428000
370.671000
371.915000
373.142000
374.385000
375.629000
376.872000
378.115000
379.342000
380.586000
381.829000
383.073000
384.316000
385.543000
388.030000
389.273000
390.517000
391.743000
392.987000
394.230000
395.474000
396.701000
397.944000
399.187000
401.674000
402.901000
404.145000
405.388000
406.632000
407.875000
411.589000
412.832000
414.076000
417.789000
429.428000
430.671000
433.142000
434.385000
435.629000
436.872000
438.115000
439.342000
440.586000
443.073000
444.316000
445.543000
446.786000
448.030000
449.273000
451.744000
452.987000
454.230000
455.474000
457.944000
460.431000
461.675000
464.145000
466.632000
469.102000
470.345000
472.832000
474.076000
475.303000
489.428000
490.672000
493.142000
494.385000
495.629000
496.872000
498.116000
499.342000
500.586000
501.829000
503.073000
504.316000
505.543000
508.030000
509.273000
510.517000
511.744000
512.987000
514.231000
515.474000
516.701000
517.944000
519.188000
520.431000
521.675000
524.145000
525.388000
527.875000
530.346000
531.589000
532.832000
534.076000
535.303000
549.428000
550.655000
551.899000
553.142000
554.385000
555.629000
556.856000
558.099000
559.343000
560.586000
561.813000
563.056000
565.543000
568.014000
569.257000
570.500000
571.744000
572.987000
574.214000
575.458000
576.701000
582.902000
584.145000
585.389000
586.615000
587.859000
589.102000
590.346000
592.816000
594.059000
595.303000
596.546000
597.773000
609.428000
610.655000
611.899000
613.142000
614.386000
615.629000
616.856000
618.099000
620.586000
621.813000
623.056000
624.300000
625.543000
626.787000
628.014000
630.501000
634.214000
635.458000
642.902000
645.372000
647.859000
649.102000
650.346000
651.573000
652.816000
654.060000
657.773000
669.428000
670.655000
671.899000
673.142000
674.386000
675.613000
676.856000
678.099000
680.586000
681.813000
683.057000
686.787000
688.014000
689.257000
690.501000
692.988000
694.214000
696.701000
697.945000
699.188000
700.415000
702.902000
704.145000
705.389000
706.616000
711.573000
715.303000
716.547000
717.773000
730.655000
733.142000
735.613000
736.856000
738.100000
739.343000
740.586000
741.813000
743.057000
744.300000
745.544000
746.787000
748.014000
749.257000
750.501000
751.744000
752.988000
755.458000
756.701000
759.188000
760.415000
762.902000
765.389000
766.616000
769.103000
770.346000
775.303000
789.429000
790.656000
791.899000
793.143000
795.613000
796.856000
799.343000
800.587000
801.813000
803.057000
805.544000
808.014000
809.257000
810.501000
811.744000
812.988000
816.702000
817.945000
819.188000
824.146000
825.389000
826.616000
830.346000
832.817000
837.774000
849.429000
850.656000
853.143000
854.386000
855.613000
859.343000
860.587000
861.814000
863.057000
866.787000
868.014000
869.258000
870.501000
871.744000
872.988000
874.215000
875.458000
876.702000
877.945000
884.146000
885.373000
886.616000
891.573000
894.060000
896.547000
897.774000
909.429000
910.656000
911.899000
913.143000
914.386000
915.613000
916.857000
918.100000
919.343000
920.587000
921.814000
923.057000
924.301000
925.544000
926.787000
928.014000
930.501000
931.745000
932.988000
935.458000
937.945000
939.189000
941.659000
944.146000
945.373000
946.616000
947.860000
950.347000
951.573000
952.817000
954.060000
955.304000
957.774000
969.413000
970.656000
971.899000
973.143000
975.613000
976.857000
979.344000
980.587000
981.814000
985.544000
986.788000
988.014000
990.501000
994.215000
995.459000
996.702000
999.189000
1000.416000
1002.903000
1005.373000
1006.616000
1009.103000
1010.347000
1011.574000
1012.817000
1014.060000
1015.304000
