1034.324000
1034.954000
1035.567000
1036.181000
1036.811000
1037.424000
1038.054000
1038.668000
1039.281000
1039.911000
1040.525000
1041.155000
1041.768000
1042.381000
1043.011000
1043.625000
1044.255000
1044.868000
1045.482000
1046.112000
1046.725000
1047.355000
1047.969000
1048.582000
1049.212000
1049.825000
1050.456000
1051.069000
1051.682000
1052.312000
1052.926000
1053.556000
1054.169000
1054.783000
1055.413000
1056.026000
1056.640000
1057.270000
1057.883000
1058.513000
1059.126000
1059.740000
1060.370000
1060.983000
1061.613000
1062.227000
1062.840000
1063.470000
1064.084000
1064.714000
1065.327000
1065.940000
1066.571000
1067.184000
1067.814000
1068.427000
1069.041000
1069.671000
1070.284000
1070.914000
1071.528000
1072.141000
1072.771000
1073.385000
1074.015000
1074.628000
1075.241000
1075.871000
1076.485000
1077.115000
1077.728000
1078.342000
1078.972000
1079.585000
1080.215000
1080.829000
1081.442000
1082.072000
1082.685000
1083.315000
1083.929000
1084.542000
1085.172000
1085.786000
1086.416000
1094.324000
1094.954000
1095.568000
1096.181000
1096.811000
1097.424000
1098.054000
1098.668000
1099.281000
1099.911000
1100.525000
1101.155000
1101.768000
1102.382000
1103.012000
1103.625000
1104.255000
1104.868000
1105.482000
1106.112000
1106.725000
1107.355000
1107.969000
1108.582000
1109.212000
1109.826000
1110.456000
1111.069000
1111.683000
1112.313000
1112.926000
1113.556000
1114.169000
1114.783000
1115.413000
1116.026000
1116.640000
1117.270000
1117.883000
1118.513000
1119.127000
1119.740000
1120.370000
1120.983000
1121.613000
1122.227000
1122.840000
1123.470000
1124.084000
1124.714000
1125.327000
1125.941000
1126.571000
1127.184000
1127.814000
1128.427000
1129.041000
1129.671000
1130.284000
1130.914000
1131.528000
1132.141000
1132.771000
1133.385000
1134.015000
1134.628000
1135.242000
1135.872000
1136.485000
1137.115000
1137.728000
1138.342000
1138.972000
1139.585000
1140.215000
1140.829000
1141.442000
1142.072000
1142.686000
1143.316000
1143.929000
1144.542000
1145.172000
1145.786000
1146.416000
1154.324000
1154.954000
1155.568000
1156.181000
1156.811000
1157.425000
1158.055000
1158.668000
1159.281000
1159.911000
1160.525000
1161.155000
1161.768000
1162.382000
1163.012000
1163.625000
1164.255000
1164.869000
1165.482000
1166.112000
1166.725000
1167.355000
1167.969000
1168.582000
1169.212000
1169.826000
1170.456000
1171.069000
1171.683000
1172.313000
1172.926000
1173.540000
1174.170000
1174.783000
1175.413000
1176.026000
1176.640000
1177.270000
1177.883000
1178.513000
1179.127000
1179.740000
1180.370000
1180.984000
1181.614000
1182.227000
1182.840000
1183.470000
1184.084000
1184.714000
1185.327000
1185.941000
1186.571000
1187.184000
1187.814000
1188.428000
1189.041000
1189.671000
1190.284000
1190.915000
1191.528000
1192.141000
1192.771000
1193.385000
1194.015000
1194.628000
1195.242000
1195.872000
1196.485000
1197.115000
1197.729000
1198.342000
1198.972000
1199.585000
1200.215000
1200.829000
1201.442000
1202.072000
1202.686000
1203.316000
1203.929000
1204.543000
1205.173000
1205.786000
1206.416000
1214.324000
1214.954000
1215.568000
1216.181000
1216.811000
1217.425000
1218.055000
1218.668000
1219.282000
1219.912000
1220.525000
1221.155000
1221.768000
1222.382000
1223.012000
1223.625000
1224.255000
1224.869000
1225.482000
1226.112000
1226.726000
1227.356000
1227.969000
1228.582000
1229.212000
1229.826000
1230.456000
1231.069000
1231.683000
1232.313000
1232.926000
1233.540000
1234.170000
1234.783000
1235.413000
1236.027000
1236.640000
1237.270000
1237.883000
1238.513000
1239.127000
1239.740000
1240.370000
1240.984000
1241.614000
1242.227000
1242.841000
1243.471000
1244.084000
1244.714000
1245.327000
1245.941000
1246.571000
1247.184000
1247.814000
1248.428000
1249.041000
1249.671000
1250.285000
1250.915000
1251.528000
1252.142000
1252.772000
1253.385000
1254.015000
1254.628000
1255.242000
1255.872000
1256.485000
1257.115000
1257.729000
1258.342000
1258.972000
1259.586000
1260.216000
1260.829000
1261.442000
1262.072000
1262.686000
1263.316000
1263.929000
1264.543000
1265.173000
1265.786000
1266.400000
1274.324000
1274.954000
1275.568000
1276.181000
1276.811000
1277.425000
1278.055000
1278.668000
1279.282000
1279.912000
1280.525000
1281.139000
1281.769000
1282.382000
1283.012000
1283.625000
1284.239000
1284.869000
1285.482000
1286.112000
1286.726000
1287.339000
1287.969000
1288.583000
1289.213000
1289.826000
1290.439000
1291.069000
1291.683000
1292.313000
1292.926000
1293.540000
1294.170000
1294.783000
1295.413000
1296.027000
1296.640000
1297.270000
1297.884000
1298.514000
1299.127000
1299.740000
1300.370000
1300.984000
1301.614000
1302.227000
1302.841000
1303.471000
1304.084000
1304.714000
1305.328000
1305.941000
1306.571000
1307.184000
1307.814000
1308.428000
1309.041000
1309.671000
1310.285000
1310.915000
1311.528000
1312.142000
1312.772000
1313.385000
1313.999000
1314.629000
1315.242000
1315.872000
1316.485000
1317.099000
1317.729000
1318.342000
1318.972000
1319.586000
1320.199000
1320.829000
1321.443000
1322.073000
1322.686000
1323.299000
1323.929000
1324.543000
1325.173000
1325.786000
1326.400000
1334.325000
1334.955000
1335.568000
1336.181000
1336.812000
1337.425000
1338.055000
1338.668000
1339.282000
1339.912000
1340.525000
1341.155000
1341.769000
1342.382000
1343.012000
1343.626000
1344.256000
1344.869000
1345.482000
1346.112000
1346.726000
1347.356000
1347.969000
1348.583000
1349.213000
1349.826000
1350.440000
1351.070000
1351.683000
1352.313000
1352.926000
1353.540000
1354.170000
1354.783000
1355.413000
1356.027000
1356.640000
1357.270000
1357.884000
1358.514000
1359.127000
1359.741000
1360.371000
1360.984000
1361.614000
1362.227000
1362.841000
1363.471000
1364.084000
1364.714000
1365.328000
1365.941000
1366.571000
1367.185000
1367.815000
1368.428000
1369.041000
1369.671000
1370.285000
1370.915000
1371.528000
1372.142000
1372.772000
1373.385000
1374.015000
1374.629000
1375.242000
1375.872000
1376.486000
1377.116000
1377.729000
1378.342000
1378.972000
1379.586000
1380.216000
1380.829000
1381.443000
1382.073000
1382.686000
1383.300000
1383.930000
1384.543000
1385.173000
1385.786000
1386.400000
1394.325000
1394.955000
1395.568000
1396.182000
1396.812000
1397.425000
1398.055000
1398.669000
1399.282000
1399.912000
1400.525000
1401.155000
1401.769000
1402.382000
1403.012000
1403.626000
1404.256000
1404.869000
1405.483000
1406.113000
1406.726000
1407.356000
1407.969000
1408.583000
1409.213000
1409.826000
1410.440000
1411.070000
1411.683000
1412.313000
1412.927000
1413.540000
1414.170000
1414.783000
1415.413000
1416.027000
1416.640000
1417.270000
1417.884000
1418.514000
1419.127000
1419.741000
1420.371000
1420.984000
1421.614000
1422.228000
1422.841000
1423.471000
1424.084000
1424.714000
1425.328000
1425.941000
1426.571000
1427.185000
1427.815000
1428.428000
1429.042000
1429.672000
1430.285000
1430.915000
1431.528000
1432.142000
1432.772000
1433.385000
1434.015000
1434.629000
1435.242000
1435.872000
1436.486000
1437.116000
1437.729000
1438.343000
1438.973000
1439.586000
1440.216000
1440.829000
1441.443000
1442.073000
1442.686000
1443.300000
1443.930000
1444.543000
1445.173000
1445.787000
1446.400000
1454.325000
1454.955000
1455.568000
1456.182000
1456.812000
1457.425000
1458.055000
1458.669000
1459.282000
1459.912000
1460.526000
1461.155000
1461.769000
1462.382000
1463.012000
1463.626000
1464.256000
1464.869000
1465.483000
1466.113000
1466.726000
1467.340000
1467.970000
1468.583000
1469.213000
1469.826000
1470.440000
1471.070000
1471.683000
1472.313000
1472.927000
1473.540000
1474.170000
1474.784000
1475.414000
1476.027000
1476.640000
1477.270000
1477.884000
1478.514000
1479.127000
1479.741000
1480.371000
1480.984000
1481.614000
1482.228000
1482.841000
1483.471000
1484.085000
1484.715000
1485.328000
1485.941000
1486.571000
1487.185000
1487.815000
1488.428000
1489.042000
1489.672000
1490.285000
1490.915000
1491.529000
1492.142000
1492.772000
1493.385000
1494.015000
1494.629000
1495.242000
1495.872000
1496.486000
1497.116000
1497.729000
1498.343000
1498.973000
1499.586000
1500.200000
1500.830000
1501.443000
1502.073000
1502.686000
1503.300000
1503.930000
1504.543000
1505.173000
1505.787000
1506.400000
1514.325000
1514.955000
1515.568000
1516.182000
1516.812000
1517.425000
1518.055000
1518.669000
1519.282000
1519.912000
1520.526000
1521.156000
1521.769000
1522.382000
1523.013000
1523.626000
1524.256000
1524.869000
1525.483000
1526.113000
1526.726000
1527.340000
1527.970000
1528.583000
1529.213000
1529.827000
1530.440000
1531.070000
1531.683000
1532.313000
1532.927000
1533.540000
1534.170000
1534.784000
1535.414000
1536.027000
1536.641000
1537.271000
1537.884000
1538.514000
1539.128000
1539.741000
1540.371000
1540.984000
1541.614000
1542.228000
1542.841000
1543.471000
1544.085000
1544.715000
1545.328000
1545.942000
1546.572000
1547.185000
1547.815000
1548.428000
1549.042000
1549.672000
1550.285000
1550.915000
1551.529000
1552.142000
1552.772000
1553.386000
1554.016000
1554.629000
1555.242000
1555.872000
1556.486000
1557.116000
1557.729000
1558.343000
1558.973000
1559.586000
1560.200000
1560.830000
1561.443000
1562.073000
1562.687000
1563.300000
1563.930000
1564.543000
1565.173000
1565.787000
1566.400000
1574.325000
1574.955000
1575.569000
1576.182000
1576.812000
1577.425000
1578.055000
1578.669000
1579.282000
1579.912000
1580.526000
1581.156000
1581.769000
1582.383000
1583.013000
1583.626000
1584.240000
1584.870000
1585.483000
1586.113000
1586.726000
1587.340000
1587.970000
1588.583000
1589.213000
1589.827000
1590.440000
1591.070000
1591.684000
1592.314000
1592.927000
1593.540000
1594.170000
1594.784000
1595.414000
1596.027000
1596.641000
1597.271000
1597.884000
1598.514000
1599.128000
1599.741000
1600.371000
1600.985000
1601.615000
1602.228000
1602.841000
1603.471000
1604.085000
1604.715000
1605.328000
1605.942000
1606.572000
1607.185000
1607.815000
1608.429000
1609.042000
1609.672000
1610.285000
1610.915000
1611.529000
1612.142000
1612.772000
1613.386000
1614.016000
1614.629000
1615.243000
1615.873000
1616.486000
1617.116000
1617.729000
1618.343000
1618.973000
1619.586000
1620.200000
1620.830000
1621.443000
1622.073000
1622.687000
1623.300000
1623.930000
1624.544000
1625.174000
1625.787000
1626.400000
1634.325000
1634.955000
1635.569000
1636.182000
1636.812000
1637.426000
1638.056000
1638.669000
1639.282000
1639.912000
1640.526000
1641.156000
1641.769000
1642.383000
1643.013000
1643.626000
1644.240000
1644.870000
1645.483000
1646.113000
1646.727000
1647.340000
1647.970000
1648.583000
1649.213000
1649.827000
1650.440000
1651.070000
1651.684000
1652.314000
1652.927000
1653.541000
1654.171000
1654.784000
1655.414000
1656.027000
1656.641000
1657.271000
1657.884000
1658.514000
1659.128000
1659.741000
1660.371000
1660.985000
1661.615000
1662.228000
1662.842000
1663.472000
1664.085000
1664.715000
1665.328000
1665.942000
1666.572000
1667.185000
1667.815000
1668.429000
1669.042000
1669.672000
1670.286000
1670.916000
1671.529000
1672.142000
1672.772000
1673.386000
1674.016000
1674.629000
1675.243000
1675.873000
1676.486000
1677.100000
1677.730000
1678.343000
1678.973000
1679.587000
1680.200000
1680.830000
1681.443000
1682.073000
1682.687000
1683.300000
1683.930000
1684.544000
1685.174000
1685.787000
1686.401000
1694.325000
1694.955000
1695.569000
1696.182000
1696.812000
1697.426000
1698.056000
1698.669000
1699.283000
1699.913000
1700.526000
1701.156000
1701.769000
1702.383000
1703.013000
1703.626000
1704.240000
1704.870000
1705.483000
1706.113000
1706.727000
1707.340000
1707.970000
1708.584000
1709.214000
1709.827000
1710.440000
1711.070000
1711.684000
1712.314000
1712.927000
1713.541000
1714.171000
1714.784000
1715.414000
1716.028000
1716.641000
1717.271000
1717.884000
1718.514000
1719.128000
1719.741000
1720.371000
1720.985000
1721.615000
1722.228000
1722.842000
1723.472000
1724.085000
1724.715000
1725.329000
1725.942000
1726.572000
1727.185000
1727.815000
1728.429000
1729.042000
1729.672000
1730.286000
1730.916000
1731.529000
1732.143000
1732.773000
1733.386000
1733.999000
1734.629000
1735.243000
1735.873000
1736.486000
1737.100000
1737.730000
1738.343000
1738.973000
1739.587000
1740.200000
1740.830000
1741.444000
1742.074000
1742.687000
1743.300000
1743.930000
1744.544000
1745.174000
1745.787000
1746.401000
