310.671000
311.285000
311.915000
312.528000
313.141000
313.771000
315.015000
315.628000
316.242000
316.872000
317.485000
318.115000
318.729000
319.342000
319.972000
321.216000
323.072000
323.686000
324.316000
324.929000
325.543000
326.786000
327.416000
328.030000
328.643000
331.130000
331.743000
332.373000
332.987000
333.617000
334.230000
335.474000
336.087000
336.717000
337.330000
337.944000
338.574000
339.187000
340.431000
342.288000
342.901000
343.531000
344.145000
345.388000
346.001000
346.631000
347.245000
347.875000
348.488000
349.102000
350.345000
350.975000
351.589000
352.832000
353.445000
354.689000
356.546000
357.176000
357.789000
358.403000
369.428000
370.041000
370.671000
371.285000
371.915000
373.142000
373.772000
374.385000
375.015000
375.629000
376.242000
376.872000
377.485000
378.115000
379.342000
379.972000
380.586000
381.216000
381.829000
382.442000
383.073000
383.686000
384.316000
385.543000
386.173000
387.416000
388.030000
388.643000
389.273000
389.887000
390.517000
391.130000
391.743000
392.373000
392.987000
394.230000
394.844000
395.474000
396.087000
396.701000
397.944000
398.574000
399.187000
399.801000
401.044000
401.674000
402.288000
402.901000
403.531000
404.145000
404.775000
405.388000
406.002000
406.632000
407.875000
408.488000
409.732000
411.589000
412.202000
412.832000
413.446000
414.076000
414.689000
417.789000
418.403000
429.428000
430.041000
430.671000
431.285000
432.528000
433.142000
433.772000
434.385000
435.015000
435.629000
436.242000
436.872000
437.485000
438.115000
439.342000
439.972000
440.586000
441.216000
442.443000
443.073000
443.686000
444.316000
445.543000
446.173000
446.786000
448.030000
448.643000
449.273000
449.887000
451.130000
451.744000
452.374000
452.987000
453.617000
454.230000
454.844000
455.474000
456.087000
457.331000
457.944000
459.801000
460.431000
461.044000
461.675000
462.288000
463.531000
464.145000
466.632000
467.245000
469.102000
470.345000
470.975000
472.832000
473.446000
474.076000
474.689000
475.303000
475.933000
489.428000
490.042000
490.672000
491.285000
493.142000
493.772000
494.385000
495.015000
495.629000
496.872000
497.486000
498.116000
498.729000
499.342000
499.972000
500.586000
501.216000
501.829000
502.443000
503.073000
503.686000
504.316000
504.930000
505.543000
506.173000
507.417000
508.030000
508.643000
509.273000
509.887000
510.517000
511.130000
511.744000
512.374000
512.987000
513.601000
514.231000
514.844000
515.474000
516.701000
517.331000
517.944000
518.574000
519.188000
519.801000
520.431000
521.675000
523.531000
524.145000
525.388000
526.002000
527.245000
527.875000
528.489000
530.346000
530.976000
531.589000
532.202000
532.832000
533.446000
534.076000
535.303000
535.933000
549.428000
550.042000
550.655000
551.285000
551.899000
552.529000
553.142000
553.755000
554.385000
554.999000
555.629000
556.856000
557.486000
558.099000
558.713000
559.343000
560.586000
561.199000
561.813000
562.443000
563.056000
564.913000
565.543000
566.157000
567.400000
568.014000
568.644000
569.257000
569.887000
570.500000
571.114000
571.744000
572.357000
572.987000
573.601000
574.214000
574.844000
575.458000
576.088000
576.701000
577.314000
581.045000
582.288000
582.902000
583.515000
584.145000
584.759000
585.389000
586.615000
587.245000
587.859000
588.489000
589.102000
589.716000
590.346000
592.203000
592.816000
593.446000
594.059000
594.673000
595.303000
595.916000
596.546000
597.160000
597.773000
598.403000
609.428000
610.042000
610.655000
611.285000
611.899000
612.529000
613.142000
613.756000
614.386000
614.999000
615.629000
616.242000
616.856000
617.486000
618.099000
618.713000
620.586000
621.200000
621.813000
622.443000
623.056000
623.686000
624.300000
625.543000
626.157000
626.787000
628.014000
628.644000
629.887000
630.501000
633.601000
634.214000
635.458000
636.088000
641.045000
642.288000
642.902000
643.515000
644.759000
645.372000
646.002000
647.859000
648.489000
649.102000
650.346000
650.959000
651.573000
652.203000
652.816000
653.446000
654.060000
654.673000
657.773000
658.403000
669.428000
670.042000
670.655000
671.285000
671.899000
672.529000
673.142000
673.756000
674.386000
674.999000
675.613000
676.243000
676.856000
677.486000
678.099000
678.713000
680.586000
681.200000
681.813000
683.057000
684.913000
686.787000
687.400000
688.014000
689.257000
689.887000
690.501000
692.358000
692.988000
693.601000
694.214000
696.088000
696.701000
697.315000
697.945000
698.558000
699.188000
699.802000
700.415000
702.288000
702.902000
703.515000
704.145000
704.759000
705.389000
706.002000
706.616000
707.246000
708.473000
709.716000
710.959000
711.573000
713.446000
715.303000
715.917000
716.547000
717.160000
717.773000
718.403000
730.042000
730.655000
733.142000
734.999000
735.613000
736.243000
736.856000
737.486000
738.100000
738.713000
739.343000
739.956000
740.586000
741.200000
741.813000
742.443000
743.057000
743.687000
744.300000
744.914000
745.544000
746.157000
746.787000
747.400000
748.014000
748.644000
749.257000
749.887000
750.501000
751.114000
751.744000
752.358000
752.988000
755.458000
756.088000
756.701000
757.315000
759.188000
759.802000
760.415000
761.045000
762.902000
763.515000
764.759000
765.389000
766.002000
766.616000
768.473000
769.103000
769.716000
770.346000
770.960000
775.303000
775.917000
778.404000
789.429000
790.042000
790.656000
791.286000
791.899000
793.143000
794.999000
795.613000
796.243000
796.856000
797.486000
799.343000
799.957000
800.587000
801.200000
801.813000
802.443000
803.057000
803.687000
804.914000
805.544000
808.014000
809.257000
809.888000
810.501000
811.114000
811.744000
812.358000
812.988000
814.845000
816.088000
816.702000
817.315000
817.945000
819.188000
821.045000
823.516000
824.146000
824.759000
825.389000
826.616000
829.716000
830.346000
832.203000
832.817000
837.160000
837.774000
849.429000
850.042000
850.656000
852.513000
853.143000
853.756000
854.386000
855.000000
855.613000
856.243000
857.486000
859.343000
860.587000
861.200000
861.814000
862.444000
863.057000
863.687000
866.787000
867.401000
868.014000
868.644000
869.258000
869.888000
870.501000
871.114000
871.744000
872.988000
873.601000
874.215000
874.845000
875.458000
876.088000
876.702000
877.315000
877.945000
878.559000
881.045000
882.289000
883.516000
884.146000
884.759000
885.373000
886.003000
886.616000
887.246000
888.473000
890.960000
891.573000
892.203000
894.060000
895.917000
896.547000
897.160000
897.774000
909.429000
910.042000
910.656000
911.286000
911.899000
912.513000
913.143000
913.756000
914.386000
915.000000
915.613000
916.243000
916.857000
917.487000
918.100000
918.713000
919.343000
919.957000
920.587000
921.814000
922.444000
923.057000
924.301000
924.914000
925.544000
926.157000
926.787000
927.401000
928.014000
928.644000
929.888000
930.501000
931.115000
931.745000
932.358000
932.988000
933.602000
934.845000
935.458000
936.088000
937.945000
938.559000
939.189000
941.659000
942.289000
944.146000
944.759000
945.373000
946.003000
946.616000
947.246000
947.860000
949.716000
950.347000
950.960000
951.573000
952.203000
952.817000
953.447000
954.060000
955.304000
955.917000
957.161000
957.774000
969.413000
970.043000
970.656000
971.286000
971.899000
972.513000
973.143000
975.000000
975.613000
976.243000
976.857000
977.487000
978.714000
979.344000
979.957000
980.587000
981.200000
981.814000
982.444000
985.544000
986.158000
986.788000
987.401000
988.014000
988.644000
989.888000
990.501000
991.115000
993.602000
994.215000
994.845000
995.459000
996.089000
996.702000
999.189000
1000.416000
1002.273000
1002.903000
1005.373000
1006.616000
1009.103000
1009.717000
1010.347000
1011.574000
1012.204000
1012.817000
1013.447000
1014.060000
1014.674000
1015.304000
1015.917000
