313.771000
316.242000
318.729000
319.972000
323.686000
338.574000
370.041000
373.772000
376.242000
379.972000
382.442000
383.686000
389.887000
398.574000
401.044000
437.485000
451.130000
452.374000
454.844000
459.801000
461.044000
467.245000
475.933000
490.042000
493.772000
499.972000
502.443000
528.489000
533.446000
552.529000
554.999000
558.713000
562.443000
564.913000
574.844000
576.088000
577.314000
584.759000
588.489000
612.529000
614.999000
616.242000
621.200000
622.443000
628.644000
629.887000
633.601000
644.759000
653.446000
658.403000
684.913000
687.400000
696.088000
702.288000
703.515000
704.759000
707.246000
709.716000
710.959000
744.914000
768.473000
770.960000
778.404000
791.286000
801.200000
803.687000
817.315000
829.716000
853.756000
857.486000
867.401000
871.114000
877.315000
881.045000
890.960000
917.487000
926.157000
931.115000
934.845000
938.559000
947.246000
953.447000
955.917000
979.957000
986.158000
996.089000
1012.204000
1013.447000
