1779.696000
1780.923000
1792.081000
1793.324000
1802.012000
1803.255000
1805.725000
1808.212000
1810.683000
1827.295000
1833.496000
1845.880000
1847.124000
1850.854000
1853.324000
1854.568000
1857.055000
1859.525000
1864.482000
1869.456000
1870.683000
1871.926000
1874.413000
1894.723000
1904.653000
1905.880000
1918.282000
1948.522000
1949.765000
1952.252000
1959.696000
1965.880000
1969.611000
1977.055000
1980.769000
1982.012000
1984.482000
1991.926000
1993.170000
2008.522000
2012.253000
2015.966000
2019.697000
2020.924000
2022.167000
2027.124000
2030.854000
2033.325000
2037.055000
2040.769000
2051.927000
2072.253000
2074.723000
2102.012000
2103.256000
2111.927000
2113.170000
2128.522000
2131.009000
2132.253000
2134.723000
2135.967000
2137.210000
2148.368000
2157.055000
2163.256000
2166.970000
2168.213000
2171.927000
2188.523000
2198.437000
2207.124000
2210.838000
2218.282000
2219.526000
2224.483000
2230.684000
2233.154000
2250.993000
2253.480000
2255.967000
2257.194000
2259.681000
2264.638000
2272.082000
2275.796000
2277.039000
2285.726000
2308.523000
2312.237000
2314.723000
2317.194000
2323.394000
2325.881000
2333.325000
2348.197000
2353.154000
2366.036000
2374.724000
2385.881000
2390.839000
2393.325000
2394.569000
2395.796000
2397.039000
2414.398000
2445.882000
2448.368000
2458.283000
2460.753000
2469.441000
2470.684000
