1041.768000
1047.969000
1049.212000
1059.126000
1071.528000
1075.241000
1078.972000
1085.172000
1106.725000
1124.084000
1134.015000
1137.728000
1146.416000
1158.055000
1161.768000
1163.012000
1177.883000
1185.327000
1191.528000
1197.729000
1205.173000
1206.416000
1220.525000
1224.255000
1245.327000
1246.571000
1255.242000
1266.400000
1280.525000
1281.769000
1283.012000
1285.482000
1287.969000
1289.213000
1304.084000
1313.999000
1321.443000
1339.282000
1352.926000
1356.640000
1362.841000
1370.285000
1371.528000
1377.729000
1399.282000
1401.769000
1406.726000
1410.440000
1422.841000
1430.285000
1445.173000
1460.526000
1461.769000
1463.012000
1470.440000
1471.683000
1476.640000
1489.042000
1500.200000
1502.686000
1523.013000
1525.483000
1527.970000
1534.170000
1541.614000
1547.815000
1549.042000
1579.282000
1580.526000
1584.240000
1602.841000
1612.772000
1625.174000
1638.056000
1643.013000
1652.927000
1659.128000
1662.842000
1664.085000
1666.572000
1674.016000
1681.443000
1700.526000
1701.769000
1707.970000
1709.214000
1710.440000
1712.927000
1742.687000
