1767.908000
1769.152000
1770.395000
1771.622000
1774.109000
1775.352000
1776.596000
1777.823000
1779.066000
1780.309000
1781.553000
1782.780000
1784.023000
1785.267000
1786.510000
1787.754000
1788.980000
1791.467000
1792.711000
1793.954000
1795.181000
1796.424000
1797.668000
1798.911000
1800.155000
1801.382000
1802.625000
1803.869000
1805.112000
1808.826000
1810.069000
1811.313000
1812.556000
1813.783000
1825.421000
1826.665000
1827.908000
1829.152000
1830.395000
1831.622000
1834.109000
1835.352000
1836.596000
1837.823000
1839.066000
1840.310000
1841.553000
1842.780000
1844.023000
1845.267000
1846.510000
1847.754000
1848.981000
1850.224000
1851.467000
1852.711000
1853.954000
1855.181000
1856.425000
1857.668000
1858.911000
1860.155000
1861.382000
1862.625000
1863.869000
1865.112000
1866.356000
1867.582000
1868.826000
1870.069000
1871.313000
1872.540000
1873.783000
1885.422000
1887.908000
1889.152000
1890.395000
1891.622000
1892.866000
1894.109000
1895.353000
1896.596000
1897.823000
1900.310000
1901.553000
1902.780000
1904.023000
1905.267000
1906.510000
1907.754000
1908.981000
1910.224000
1911.468000
1912.711000
1913.954000
1915.181000
1916.425000
1917.668000
1918.912000
1920.155000
1921.382000
1922.625000
1923.869000
1925.112000
1926.356000
1927.583000
1928.826000
1931.313000
1932.540000
1945.422000
1946.665000
1947.909000
1950.396000
1951.622000
1952.866000
1954.109000
1955.353000
1956.596000
1957.823000
1959.066000
1961.553000
1962.797000
1964.024000
1965.267000
1966.511000
1967.754000
1968.981000
1970.224000
1971.468000
1972.711000
1973.955000
1975.181000
1976.425000
1977.668000
1978.912000
1982.625000
1983.869000
1985.112000
1986.356000
1987.583000
1988.826000
1990.070000
1991.313000
1993.783000
2005.422000
2006.665000
2007.909000
2009.152000
2010.396000
2011.623000
2014.109000
2015.353000
2016.596000
2017.823000
2019.067000
2021.553000
2022.797000
2024.024000
2025.267000
2026.511000
2027.754000
2030.224000
2031.468000
2033.955000
2036.425000
2037.668000
2038.912000
2040.155000
2041.382000
2042.626000
2043.869000
2045.113000
2046.356000
2047.583000
2048.826000
2052.557000
2053.783000
2065.422000
2066.665000
2067.909000
2069.152000
2070.396000
2071.623000
2072.866000
2074.110000
2075.353000
2076.596000
2080.310000
2081.554000
2082.797000
2084.024000
2086.511000
2087.754000
2088.981000
2090.225000
2091.468000
2092.711000
2093.955000
2095.182000
2096.425000
2097.669000
2098.912000
2100.155000
2101.382000
2105.113000
2106.356000
2107.583000
2108.826000
2111.313000
2112.557000
2113.784000
2125.422000
2126.666000
2127.909000
2129.152000
2131.623000
2132.866000
2135.353000
2136.580000
2137.823000
2139.067000
2142.781000
2144.024000
2145.267000
2146.511000
2147.754000
2148.981000
2150.225000
2151.468000
2153.955000
2155.182000
2156.425000
2158.912000
2160.156000
2162.626000
2163.869000
2167.583000
2168.827000
2170.070000
2171.313000
2172.540000
2173.784000
2186.666000
2189.136000
2190.379000
2192.866000
2194.093000
2195.337000
2196.580000
2199.067000
2201.537000
2204.024000
2205.268000
2207.738000
2208.981000
2211.452000
2212.695000
2213.939000
2215.182000
2216.425000
2217.652000
2218.896000
2220.139000
2221.383000
2222.626000
2223.853000
2225.096000
2226.340000
2227.583000
2228.827000
2230.054000
2231.297000
2233.784000
2245.422000
2246.666000
2247.893000
2249.136000
2250.380000
2251.623000
2254.093000
2255.337000
2256.580000
2257.824000
2259.067000
2260.294000
2261.537000
2262.781000
2265.268000
2266.495000
2268.981000
2270.225000
2271.468000
2272.695000
2273.939000
2275.182000
2276.426000
2277.669000
2278.896000
2280.139000
2281.383000
2282.626000
2283.853000
2287.583000
2288.827000
2290.054000
2291.297000
2292.541000
2293.784000
2305.423000
2306.666000
2307.893000
2309.136000
2310.380000
2311.623000
2312.867000
2314.094000
2315.337000
2316.580000
2317.824000
2319.067000
2320.294000
2321.538000
2322.781000
2324.024000
2325.268000
2326.495000
2327.738000
2328.982000
2330.225000
2331.468000
2332.695000
2333.939000
2335.182000
2337.653000
2338.896000
2340.139000
2341.383000
2342.626000
2343.853000
2345.097000
2346.340000
2347.583000
2348.827000
2350.054000
2369.136000
2370.380000
2371.623000
2374.094000
2375.337000
2376.580000
2377.824000
2379.067000
2380.294000
2382.781000
2384.025000
2385.268000
2386.495000
2387.738000
2388.982000
2390.225000
2391.469000
2392.695000
2393.939000
2395.182000
2396.426000
2397.653000
2400.140000
2402.626000
2403.853000
2405.097000
2408.827000
2410.054000
2411.297000
2412.541000
2413.784000
2426.666000
2427.893000
2429.137000
2430.380000
2431.623000
2432.867000
2434.094000
2435.337000
2436.581000
2439.068000
2440.294000
2441.538000
2442.781000
2444.025000
2445.268000
2446.495000
2447.738000
2448.982000
2450.225000
2451.469000
2452.696000
2453.939000
2455.182000
2457.653000
2458.896000
2460.140000
2461.383000
2462.627000
2463.853000
2465.097000
2466.340000
2468.827000
2470.054000
2472.541000
2473.784000
