0.619993
0.620000
0.619990
0.619996
0.619986
0.619993
0.619999
0.619989
0.619996
0.619986
0.619992
0.619999
0.619989
0.619985
0.619992
0.619999
0.619989
0.619995
0.619998
0.619995
0.619985
0.619991
0.619998
0.619988
0.619995
0.619985
0.619991
0.619988
0.619994
0.619984
0.619991
0.619997
0.619987
0.619994
0.619984
0.619990
0.619997
0.619987
0.619994
0.620000
0.619990
0.619997
0.619987
0.620000
0.619990
0.619996
0.619986
0.619993
0.620000
0.619990
0.619996
0.619986
0.619993
0.619999
0.619989
0.619996
0.619996
0.619992
0.619999
0.619989
0.619995
0.619985
0.619992
0.619998
0.619988
0.619995
0.619985
0.619991
0.619998
0.619994
0.620000
0.619990
0.619997
0.619987
0.619994
0.620000
0.619990
0.619997
0.619987
0.619993
0.620000
0.619990
0.619996
0.619986
0.619993
0.619999
0.619989
0.619996
0.619986
0.619993
0.619999
0.619989
0.619996
0.619986
0.619992
0.619999
0.619989
0.619995
0.619985
0.619992
0.619999
0.619989
0.619995
0.619985
0.619992
0.619988
0.619995
0.619985
0.619998
0.619988
0.619994
0.619984
0.619991
0.619998
0.619988
0.619994
0.619984
0.619991
0.619997
0.620000
0.619990
0.619997
0.619987
0.619994
0.620000
0.619990
0.619997
0.619987
0.619993
0.620000
0.619990
0.619996
0.619986
0.619993
0.619990
0.619996
0.619986
0.619993
0.619999
0.619989
0.619996
0.619986
0.619992
0.619999
0.620000
0.619990
0.619997
0.619987
0.619993
0.620000
0.619990
0.619997
0.619987
0.620000
0.619990
0.619996
0.619986
0.619993
0.619999
0.619989
0.619996
0.619986
0.619992
0.619999
0.619989
0.619996
0.619986
0.619992
0.619999
0.619989
0.619985
0.619992
0.619998
0.619988
0.619995
0.619985
0.619991
0.619998
0.619988
0.619995
0.619985
0.619998
0.619988
0.619994
0.619991
0.619997
0.619984
0.619991
0.619997
0.619987
0.619994
0.620000
0.619990
0.619997
0.619987
0.619993
0.619997
0.619987
0.619993
0.619990
0.619996
0.619986
0.619993
0.619999
0.619996
0.619986
0.619992
0.619999
0.619989
0.619996
0.619986
0.619999
0.619993
0.619999
0.619989
0.619996
0.619986
0.619992
0.619999
0.619989
0.619995
0.619985
0.619992
0.619999
0.619989
0.619995
0.619985
0.619992
0.619998
0.619988
0.619995
0.619985
0.619991
0.619998
0.619988
0.619994
0.619984
0.619991
0.619998
0.619988
0.619994
0.619984
0.619991
0.619997
0.619987
0.619994
0.619990
0.619997
0.619994
0.620000
0.619990
0.619997
0.619987
0.619993
0.620000
0.619996
0.619986
0.619993
0.619999
0.619989
0.619996
0.619986
0.619993
0.619999
0.619989
0.619996
0.619992
0.619999
0.619989
0.619995
0.619985
0.619992
0.619999
0.619989
0.619995
0.619985
0.619992
0.619998
0.619988
0.619995
0.619991
0.619998
0.619988
0.619994
0.619984
0.619993
0.620000
0.619990
0.619997
0.619987
0.619993
0.619996
0.619986
0.619993
0.619999
0.619989
0.619996
0.619993
0.619999
0.619989
0.619996
0.619986
0.619995
0.619985
0.619992
0.619998
0.619988
0.619985
0.619992
0.619998
0.619988
0.619995
0.619985
0.619998
0.619988
0.619994
0.619991
0.619998
0.619988
0.619994
0.619984
0.619991
0.619997
0.619987
0.619994
0.619990
0.619997
0.619987
0.619993
0.620000
0.619997
0.619993
0.620000
0.619990
0.619996
0.619986
0.619993
0.619999
0.619989
0.619996
0.619986
0.619999
0.619989
0.619996
0.619986
0.619989
0.619995
0.619985
0.619998
