311.285000
312.528000
315.015000
317.485000
321.216000
324.929000
327.416000
328.643000
331.130000
332.373000
333.617000
336.087000
337.330000
342.288000
343.531000
346.001000
347.245000
348.488000
350.975000
353.445000
354.689000
357.176000
358.403000
371.285000
375.015000
377.485000
381.216000
386.173000
387.416000
388.643000
391.130000
392.373000
394.844000
396.087000
399.801000
402.288000
403.531000
404.775000
406.002000
408.488000
409.732000
412.202000
413.446000
414.689000
418.403000
430.041000
431.285000
432.528000
433.772000
435.015000
436.242000
439.972000
441.216000
442.443000
443.686000
446.173000
448.643000
449.887000
453.617000
456.087000
457.331000
462.288000
463.531000
470.975000
473.446000
474.689000
491.285000
495.015000
497.486000
498.729000
501.216000
503.686000
504.930000
506.173000
507.417000
508.643000
509.887000
511.130000
512.374000
513.601000
514.844000
517.331000
518.574000
519.801000
523.531000
526.002000
527.245000
530.976000
532.202000
535.933000
550.042000
551.285000
553.755000
557.486000
561.199000
566.157000
567.400000
568.644000
569.887000
571.114000
572.357000
573.601000
581.045000
582.288000
583.515000
587.245000
589.716000
592.203000
593.446000
594.673000
595.916000
597.160000
598.403000
610.042000
611.285000
613.756000
617.486000
618.713000
623.686000
626.157000
636.088000
641.045000
642.288000
643.515000
646.002000
648.489000
650.959000
652.203000
654.673000
670.042000
671.285000
672.529000
673.756000
674.999000
676.243000
677.486000
678.713000
681.200000
689.887000
692.358000
693.601000
697.315000
698.558000
699.802000
706.002000
708.473000
713.446000
715.917000
717.160000
718.403000
730.042000
734.999000
736.243000
737.486000
738.713000
739.956000
741.200000
742.443000
743.687000
746.157000
747.400000
748.644000
749.887000
751.114000
752.358000
756.088000
757.315000
759.802000
761.045000
763.515000
764.759000
766.002000
769.716000
775.917000
790.042000
794.999000
796.243000
797.486000
799.957000
802.443000
804.914000
809.888000
811.114000
812.358000
814.845000
816.088000
821.045000
823.516000
824.759000
832.203000
837.160000
850.042000
852.513000
855.000000
856.243000
861.200000
862.444000
863.687000
868.644000
869.888000
873.601000
874.845000
876.088000
878.559000
882.289000
883.516000
884.759000
886.003000
887.246000
888.473000
892.203000
895.917000
897.160000
910.042000
911.286000
912.513000
913.756000
915.000000
916.243000
918.713000
919.957000
922.444000
924.914000
927.401000
928.644000
929.888000
932.358000
933.602000
936.088000
942.289000
944.759000
946.003000
949.716000
950.960000
952.203000
957.161000
970.043000
971.286000
972.513000
975.000000
976.243000
977.487000
978.714000
981.200000
982.444000
987.401000
988.644000
989.888000
991.115000
993.602000
994.845000
1002.273000
1009.717000
1014.674000
1015.917000
