1038.668000
1039.911000
1041.155000
1042.381000
1043.625000
1044.868000
1046.112000
1047.355000
1048.582000
1049.825000
1051.069000
1052.312000
1053.556000
1054.783000
1056.026000
1057.270000
1058.513000
1059.740000
1060.983000
1062.227000
1064.714000
1065.940000
1067.184000
1068.427000
1069.671000
1070.914000
1072.141000
1073.385000
1074.628000
1075.871000
1077.115000
1078.342000
1079.585000
1080.829000
1083.315000
1084.542000
1085.786000
1097.424000
1098.668000
1099.911000
1101.155000
1102.382000
1103.625000
1104.868000
1106.112000
1107.355000
1108.582000
1109.826000
1111.069000
1112.313000
1113.556000
1114.783000
1116.026000
1117.270000
1118.513000
1119.740000
1120.983000
1122.227000
1123.470000
1124.714000
1125.941000
1127.184000
1128.427000
1129.671000
1130.914000
1132.141000
1133.385000
1135.872000
1137.115000
1138.342000
1139.585000
1140.829000
1143.316000
1144.542000
1145.786000
1157.425000
1158.668000
1161.155000
1162.382000
1163.625000
1164.869000
1166.112000
1167.355000
1168.582000
1169.826000
1171.069000
1172.313000
1173.540000
1174.783000
1176.026000
1177.270000
1178.513000
1179.740000
1180.984000
1182.227000
1183.470000
1184.714000
1185.941000
1187.184000
1188.428000
1189.671000
1190.915000
1192.141000
1193.385000
1194.628000
1195.872000
1197.115000
1198.342000
1199.585000
1200.829000
1202.072000
1203.316000
1205.786000
1217.425000
1218.668000
1219.912000
1221.155000
1222.382000
1223.625000
1224.869000
1226.112000
1227.356000
1228.582000
1229.826000
1231.069000
1232.313000
1233.540000
1234.783000
1236.027000
1238.513000
1240.984000
1242.227000
1243.471000
1244.714000
1245.941000
1247.184000
1248.428000
1249.671000
1250.915000
1252.142000
1253.385000
1254.628000
1255.872000
1257.115000
1258.342000
1259.586000
1260.829000
1262.072000
1263.316000
1264.543000
1277.425000
1279.912000
1281.139000
1282.382000
1283.625000
1284.869000
1286.112000
1289.826000
1291.069000
1292.313000
1293.540000
1294.783000
1296.027000
1297.270000
1298.514000
1300.984000
1302.227000
1303.471000
1304.714000
1305.941000
1308.428000
1309.671000
1310.915000
1312.142000
1313.385000
1314.629000
1315.872000
1317.099000
1318.342000
1319.586000
1320.829000
1322.073000
1323.299000
1324.543000
1325.786000
1338.668000
1339.912000
1341.155000
1342.382000
1343.626000
1344.869000
1346.112000
1347.356000
1348.583000
1349.826000
1351.070000
1352.313000
1353.540000
1354.783000
1356.027000
1357.270000
1358.514000
1360.984000
1362.227000
1363.471000
1364.714000
1365.941000
1367.185000
1368.428000
1369.671000
1370.915000
1372.142000
1374.629000
1375.872000
1377.116000
1379.586000
1380.829000
1382.073000
1383.300000
1384.543000
1385.786000
1397.425000
1398.669000
1399.912000
1401.155000
1402.382000
1403.626000
1404.869000
1406.113000
1407.356000
1408.583000
1411.070000
1412.313000
1413.540000
1414.783000
1416.027000
1417.270000
1418.514000
1419.741000
1422.228000
1423.471000
1425.941000
1427.185000
1428.428000
1429.672000
1430.915000
1432.142000
1433.385000
1437.116000
1438.343000
1439.586000
1443.300000
1444.543000
1445.787000
1457.425000
1458.669000
1459.912000
1461.155000
1462.382000
1463.626000
1464.869000
1466.113000
1467.340000
1468.583000
1471.070000
1472.313000
1473.540000
1474.784000
1476.027000
1478.514000
1479.741000
1480.984000
1482.228000
1483.471000
1484.715000
1485.941000
1487.185000
1488.428000
1489.672000
1492.142000
1493.385000
1494.629000
1495.872000
1497.116000
1498.343000
1499.586000
1500.830000
1502.073000
1503.300000
1504.543000
1505.787000
1517.425000
1518.669000
1519.912000
1521.156000
1522.382000
1523.626000
1524.869000
1526.113000
1528.583000
1529.827000
1531.070000
1532.313000
1533.540000
1536.027000
1537.271000
1540.984000
1542.228000
1543.471000
1544.715000
1545.942000
1547.185000
1548.428000
1549.672000
1550.915000
1552.142000
1553.386000
1554.629000
1555.872000
1559.586000
1560.830000
1562.073000
1563.300000
1565.787000
1578.669000
1581.156000
1582.383000
1586.113000
1587.340000
1588.583000
1589.827000
1591.070000
1593.540000
1594.784000
1596.027000
1597.271000
1598.514000
1599.741000
1600.985000
1603.471000
1604.715000
1605.942000
1607.185000
1608.429000
1610.915000
1612.142000
1613.386000
1614.629000
1615.873000
1617.116000
1618.343000
1619.586000
1620.830000
1623.300000
1624.544000
1625.787000
1637.426000
1638.669000
1639.912000
1641.156000
1642.383000
1643.626000
1644.870000
1646.113000
1647.340000
1648.583000
1649.827000
1651.070000
1652.314000
1653.541000
1654.784000
1656.027000
1657.271000
1658.514000
1659.741000
1660.985000
1662.228000
1663.472000
1664.715000
1665.942000
1667.185000
1668.429000
1669.672000
1670.916000
1673.386000
1674.629000
1675.873000
1678.343000
1679.587000
1680.830000
1683.300000
1684.544000
1685.787000
1697.426000
1698.669000
1699.913000
1701.156000
1702.383000
1703.626000
1706.113000
1707.340000
1708.584000
1709.827000
1711.070000
1712.314000
1713.541000
1714.784000
1716.028000
1717.271000
1719.741000
1720.985000
1722.228000
1724.715000
1725.942000
1727.185000
1728.429000
1729.672000
1730.916000
1734.629000
1737.100000
1738.343000
1743.300000
1744.544000
1745.787000
