1768.522000
1769.765000
1771.009000
1773.495000
1774.722000
1775.966000
1777.209000
1778.453000
1782.166000
1783.410000
1784.653000
1785.880000
1788.367000
1789.610000
1790.854000
1794.568000
1795.811000
1797.054000
1798.281000
1799.525000
1800.768000
1804.482000
1806.969000
1809.456000
1811.926000
1813.169000
1814.413000
1826.051000
1828.522000
1829.765000
1832.252000
1834.722000
1835.966000
1837.209000
1839.680000
1840.923000
1842.166000
1843.410000
1844.653000
1849.611000
1852.081000
1855.811000
1858.281000
1860.768000
1862.012000
1863.255000
1865.726000
1866.969000
1868.212000
1873.170000
1887.295000
1888.522000
1889.765000
1891.009000
1893.496000
1895.966000
1897.209000
1898.453000
1899.680000
1900.923000
1902.167000
1903.410000
1907.124000
1908.367000
1909.611000
1910.854000
1912.081000
1913.324000
1914.568000
1915.811000
1917.055000
1920.768000
1922.012000
1923.255000
1924.482000
1925.726000
1926.969000
1928.213000
1929.456000
1930.683000
1931.926000
1933.170000
1934.413000
1946.052000
1947.295000
1951.009000
1953.496000
1954.723000
1955.966000
1957.210000
1958.453000
1960.923000
1962.167000
1963.410000
1964.654000
1967.124000
1968.367000
1970.854000
1972.081000
1973.325000
1974.568000
1975.811000
1979.525000
1983.255000
1985.726000
1986.969000
1988.213000
1990.683000
1994.413000
2006.052000
2007.295000
2009.766000
2011.009000
2013.496000
2014.723000
2017.210000
2018.453000
2023.410000
2024.654000
2025.881000
2028.368000
2029.611000
2032.081000
2038.282000
2039.525000
2042.012000
2043.256000
2044.482000
2048.213000
2050.683000
2053.170000
2054.413000
2066.052000
2067.295000
2069.766000
2071.009000
2073.496000
2075.966000
2078.453000
2079.697000
2080.924000
2082.167000
2083.410000
2084.654000
2085.881000
2087.124000
2088.368000
2089.611000
2092.081000
2093.325000
2094.568000
2095.812000
2097.055000
2098.282000
2099.525000
2100.769000
2104.483000
2105.726000
2108.213000
2114.414000
2126.052000
2129.766000
2133.480000
2138.453000
2139.680000
2142.167000
2143.411000
2144.654000
2145.881000
2147.124000
2149.611000
2150.855000
2152.082000
2153.325000
2154.568000
2155.812000
2158.282000
2159.526000
2162.012000
2164.483000
2165.726000
2169.440000
2170.683000
2173.170000
2174.414000
2187.279000
2190.993000
2192.236000
2193.480000
2194.723000
2195.967000
2197.194000
2199.680000
2202.167000
2204.638000
2205.881000
2208.368000
2213.325000
2214.552000
2215.795000
2217.039000
2220.753000
2221.996000
2223.239000
2225.726000
2226.953000
2228.197000
2229.440000
2234.397000
2246.036000
2247.279000
2249.766000
2252.236000
2254.723000
2258.437000
2262.167000
2263.394000
2265.881000
2267.125000
2268.368000
2269.595000
2270.838000
2273.325000
2274.569000
2278.282000
2279.526000
2280.753000
2281.996000
2283.240000
2284.483000
2288.197000
2290.684000
2291.927000
2294.397000
2306.036000
2307.279000
2309.766000
2310.993000
2313.480000
2315.967000
2318.437000
2319.681000
2320.924000
2322.168000
2324.638000
2327.125000
2328.368000
2329.595000
2330.838000
2332.082000
2334.569000
2337.039000
2338.283000
2339.526000
2340.753000
2341.996000
2343.240000
2344.483000
2345.727000
2350.684000
2351.927000
2354.398000
2368.523000
2369.766000
2370.993000
2373.480000
2375.967000
2377.194000
2378.437000
2379.681000
2382.168000
2383.395000
2384.638000
2387.125000
2388.368000
2389.595000
2392.082000
2401.996000
2403.240000
2409.440000
2410.684000
2411.927000
2413.154000
2428.523000
2429.767000
2430.993000
2432.237000
2433.480000
2434.724000
2437.194000
2440.924000
2442.168000
2443.395000
2444.638000
2449.595000
2452.082000
2453.326000
2454.569000
2457.039000
2459.526000
2461.997000
2463.240000
2464.483000
2465.727000
2466.954000
2468.197000
2473.154000
2474.398000
