1040.525000
1043.011000
1044.255000
1045.482000
1046.725000
1050.456000
1051.682000
1052.926000
1054.169000
1056.640000
1057.883000
1060.370000
1062.840000
1064.084000
1065.327000
1066.571000
1067.814000
1069.041000
1070.284000
1072.771000
1074.015000
1076.485000
1077.728000
1081.442000
1082.685000
1083.929000
1086.416000
1098.054000
1099.281000
1101.768000
1103.012000
1105.482000
1107.969000
1109.212000
1110.456000
1111.683000
1112.926000
1114.169000
1115.413000
1116.640000
1117.883000
1119.127000
1120.370000
1121.613000
1122.840000
1125.327000
1126.571000
1130.284000
1131.528000
1132.771000
1136.485000
1138.972000
1141.442000
1142.686000
1143.929000
1145.172000
1159.281000
1164.255000
1165.482000
1167.969000
1169.212000
1170.456000
1171.683000
1174.170000
1175.413000
1176.640000
1179.127000
1180.370000
1181.614000
1182.840000
1184.084000
1186.571000
1187.814000
1189.041000
1190.284000
1194.015000
1195.242000
1198.972000
1200.215000
1202.686000
1218.055000
1219.282000
1221.768000
1223.012000
1225.482000
1226.726000
1227.969000
1229.212000
1230.456000
1231.683000
1234.170000
1235.413000
1236.640000
1237.883000
1239.127000
1240.370000
1241.614000
1242.841000
1244.084000
1247.814000
1249.041000
1250.285000
1251.528000
1254.015000
1256.485000
1257.729000
1258.972000
1260.216000
1261.442000
1262.686000
1263.929000
1265.173000
1279.282000
1284.239000
1286.726000
1290.439000
1291.683000
1292.926000
1294.170000
1295.413000
1296.640000
1297.884000
1300.370000
1301.614000
1302.841000
1305.328000
1306.571000
1309.041000
1311.528000
1312.772000
1320.199000
1322.686000
1323.929000
1325.173000
1326.400000
1338.055000
1340.525000
1343.012000
1344.256000
1345.482000
1346.726000
1347.969000
1349.213000
1350.440000
1351.683000
1354.170000
1355.413000
1357.884000
1359.127000
1361.614000
1364.084000
1365.328000
1366.571000
1367.815000
1369.041000
1375.242000
1376.486000
1378.972000
1380.216000
1382.686000
1383.930000
1385.173000
1398.055000
1400.525000
1403.012000
1404.256000
1405.483000
1407.969000
1409.213000
1411.683000
1412.927000
1414.170000
1415.413000
1416.640000
1417.884000
1421.614000
1426.571000
1429.042000
1431.528000
1432.772000
1436.486000
1437.729000
1440.216000
1441.443000
1442.686000
1446.400000
1458.055000
1459.282000
1464.256000
1465.483000
1466.726000
1467.970000
1469.213000
1474.170000
1475.414000
1477.884000
1479.127000
1480.371000
1484.085000
1485.328000
1486.571000
1487.815000
1490.285000
1491.529000
1492.772000
1494.015000
1495.242000
1496.486000
1497.729000
1498.973000
1501.443000
1506.400000
1518.055000
1519.282000
1520.526000
1521.769000
1524.256000
1526.726000
1529.213000
1531.683000
1532.927000
1536.641000
1537.884000
1539.128000
1542.841000
1544.085000
1545.328000
1546.572000
1550.285000
1551.529000
1552.772000
1554.016000
1555.242000
1557.729000
1558.973000
1561.443000
1562.687000
1563.930000
1565.173000
1566.400000
1578.055000
1581.769000
1585.483000
1586.726000
1587.970000
1590.440000
1591.684000
1592.927000
1594.170000
1595.414000
1596.641000
1597.884000
1599.128000
1600.371000
1604.085000
1605.328000
1606.572000
1607.815000
1609.042000
1611.529000
1614.016000
1615.243000
1616.486000
1617.729000
1618.973000
1621.443000
1623.930000
1626.400000
1640.526000
1641.769000
1644.240000
1645.483000
1646.727000
1647.970000
1650.440000
1651.684000
1654.171000
1655.414000
1656.641000
1657.884000
1660.371000
1661.615000
1665.328000
1667.815000
1669.042000
1670.286000
1671.529000
1676.486000
1677.730000
1680.200000
1683.930000
1685.174000
1686.401000
1698.056000
1699.283000
1703.013000
1704.240000
1705.483000
1706.727000
1711.684000
1715.414000
1716.641000
1717.884000
1720.371000
1721.615000
1722.842000
1725.329000
1726.572000
1727.815000
1729.042000
1730.286000
1731.529000
1732.773000
1733.999000
1735.243000
1736.486000
1737.730000
1738.973000
1740.200000
1743.930000
1745.174000
1746.401000
