1767.908000
1768.522000
1769.152000
1769.765000
1770.395000
1771.009000
1771.622000
1773.495000
1774.109000
1774.722000
1775.352000
1775.966000
1776.596000
1777.209000
1777.823000
1778.453000
1779.066000
1779.696000
1780.309000
1780.923000
1781.553000
1782.166000
1782.780000
1783.410000
1784.023000
1784.653000
1785.267000
1785.880000
1786.510000
1787.754000
1788.367000
1788.980000
1789.610000
1790.854000
1791.467000
1792.081000
1792.711000
1793.324000
1793.954000
1794.568000
1795.181000
1795.811000
1796.424000
1797.054000
1797.668000
1798.281000
1798.911000
1799.525000
1800.155000
1800.768000
1801.382000
1802.012000
1802.625000
1803.255000
1803.869000
1804.482000
1805.112000
1805.725000
1806.969000
1808.212000
1808.826000
1809.456000
1810.069000
1810.683000
1811.313000
1811.926000
1812.556000
1813.169000
1813.783000
1814.413000
1825.421000
1826.051000
1826.665000
1827.295000
1827.908000
1828.522000
1829.152000
1829.765000
1830.395000
1831.622000
1832.252000
1833.496000
1834.109000
1834.722000
1835.352000
1835.966000
1836.596000
1837.209000
1837.823000
1839.066000
1839.680000
1840.310000
1840.923000
1841.553000
1842.166000
1842.780000
1843.410000
1844.023000
1844.653000
1845.267000
1845.880000
1846.510000
1847.124000
1847.754000
1848.981000
1849.611000
1850.224000
1850.854000
1851.467000
1852.081000
1852.711000
1853.324000
1853.954000
1854.568000
1855.181000
1855.811000
1856.425000
1857.055000
1857.668000
1858.281000
1858.911000
1859.525000
1860.155000
1860.768000
1861.382000
1862.012000
1862.625000
1863.255000
1863.869000
1864.482000
1865.112000
1865.726000
1866.356000
1866.969000
1867.582000
1868.212000
1868.826000
1869.456000
1870.069000
1870.683000
1871.313000
1871.926000
1872.540000
1873.170000
1873.783000
1874.413000
1885.422000
1887.295000
1887.908000
1888.522000
1889.152000
1889.765000
1890.395000
1891.009000
1891.622000
1892.866000
1893.496000
1894.109000
1894.723000
1895.353000
1895.966000
1896.596000
1897.209000
1897.823000
1898.453000
1899.680000
1900.310000
1900.923000
1901.553000
1902.167000
1902.780000
1903.410000
1904.023000
1904.653000
1905.267000
1905.880000
1906.510000
1907.124000
1907.754000
1908.367000
1908.981000
1909.611000
1910.224000
1910.854000
1911.468000
1912.081000
1912.711000
1913.324000
1913.954000
1914.568000
1915.181000
1915.811000
1916.425000
1917.055000
1917.668000
1918.282000
1918.912000
1920.155000
1920.768000
1921.382000
1922.012000
1922.625000
1923.255000
1923.869000
1924.482000
1925.112000
1925.726000
1926.356000
1926.969000
1927.583000
1928.213000
1928.826000
1929.456000
1930.683000
1931.313000
1931.926000
1932.540000
1933.170000
1934.413000
1945.422000
1946.052000
1946.665000
1947.295000
1947.909000
1948.522000
1949.765000
1950.396000
1951.009000
1951.622000
1952.252000
1952.866000
1953.496000
1954.109000
1954.723000
1955.353000
1955.966000
1956.596000
1957.210000
1957.823000
1958.453000
1959.066000
1959.696000
1960.923000
1961.553000
1962.167000
1962.797000
1963.410000
1964.024000
1964.654000
1965.267000
1965.880000
1966.511000
1967.124000
1967.754000
1968.367000
1968.981000
1969.611000
1970.224000
1970.854000
1971.468000
1972.081000
1972.711000
1973.325000
1973.955000
1974.568000
1975.181000
1975.811000
1976.425000
1977.055000
1977.668000
1978.912000
1979.525000
1980.769000
1982.012000
1982.625000
1983.255000
1983.869000
1984.482000
1985.112000
1985.726000
1986.356000
1986.969000
1987.583000
1988.213000
1988.826000
1990.070000
1990.683000
1991.313000
1991.926000
1993.170000
1993.783000
1994.413000
2005.422000
2006.052000
2006.665000
2007.295000
2007.909000
2008.522000
2009.152000
2009.766000
2010.396000
2011.009000
2011.623000
2012.253000
2013.496000
2014.109000
2014.723000
2015.353000
2015.966000
2016.596000
2017.210000
2017.823000
2018.453000
2019.067000
2019.697000
2020.924000
2021.553000
2022.167000
2022.797000
2023.410000
2024.024000
2024.654000
2025.267000
2025.881000
2026.511000
2027.124000
2027.754000
2028.368000
2029.611000
2030.224000
2030.854000
2031.468000
2032.081000
2033.325000
2033.955000
2036.425000
2037.055000
2037.668000
2038.282000
2038.912000
2039.525000
2040.155000
2040.769000
2041.382000
2042.012000
2042.626000
2043.256000
2043.869000
2044.482000
2045.113000
2046.356000
2047.583000
2048.213000
2048.826000
2050.683000
2051.927000
2052.557000
2053.170000
2053.783000
2054.413000
2065.422000
2066.052000
2066.665000
2067.295000
2067.909000
2069.152000
2069.766000
2070.396000
2071.009000
2071.623000
2072.253000
2072.866000
2073.496000
2074.110000
2074.723000
2075.353000
2075.966000
2076.596000
2078.453000
2079.697000
2080.310000
2080.924000
2081.554000
2082.167000
2082.797000
2083.410000
2084.024000
2084.654000
2085.881000
2086.511000
2087.124000
2087.754000
2088.368000
2088.981000
2089.611000
2090.225000
2091.468000
2092.081000
2092.711000
2093.325000
2093.955000
2094.568000
2095.182000
2095.812000
2096.425000
2097.055000
2097.669000
2098.282000
2098.912000
2099.525000
2100.155000
2100.769000
2101.382000
2102.012000
2103.256000
2104.483000
2105.113000
2105.726000
2106.356000
2107.583000
2108.213000
2108.826000
2111.313000
2111.927000
2112.557000
2113.170000
2113.784000
2114.414000
2125.422000
2126.052000
2126.666000
2127.909000
2128.522000
2129.152000
2129.766000
2131.009000
2131.623000
2132.253000
2132.866000
2133.480000
2134.723000
2135.353000
2135.967000
2136.580000
2137.210000
2137.823000
2138.453000
2139.067000
2139.680000
2142.167000
2142.781000
2143.411000
2144.024000
2144.654000
2145.267000
2145.881000
2146.511000
2147.124000
2147.754000
2148.368000
2148.981000
2149.611000
2150.225000
2150.855000
2151.468000
2152.082000
2153.325000
2153.955000
2154.568000
2155.182000
2155.812000
2156.425000
2157.055000
2158.282000
2158.912000
2159.526000
2160.156000
2162.012000
2162.626000
2163.256000
2163.869000
2164.483000
2165.726000
2166.970000
2167.583000
2168.213000
2168.827000
2169.440000
2170.070000
2170.683000
2171.313000
2171.927000
2172.540000
2173.170000
2173.784000
2174.414000
2186.666000
2187.279000
2188.523000
2189.136000
2190.379000
2190.993000
2192.236000
2192.866000
2193.480000
2194.093000
2194.723000
2195.337000
2195.967000
2196.580000
2197.194000
2198.437000
2199.067000
2199.680000
2201.537000
2202.167000
2204.024000
2204.638000
2205.268000
2205.881000
2207.124000
2207.738000
2208.368000
2208.981000
2210.838000
2211.452000
2212.695000
2213.325000
2213.939000
2214.552000
2215.182000
2215.795000
2216.425000
2217.039000
2217.652000
2218.282000
2218.896000
2219.526000
2220.139000
2220.753000
2221.383000
2221.996000
2222.626000
2223.239000
2223.853000
2224.483000
2225.096000
2225.726000
2226.340000
2226.953000
2227.583000
2228.197000
2228.827000
2229.440000
2230.054000
2230.684000
2231.297000
2233.154000
2233.784000
2234.397000
2245.422000
2246.036000
2246.666000
2247.279000
2247.893000
2249.136000
2249.766000
2250.380000
2250.993000
2251.623000
2252.236000
2253.480000
2254.093000
2254.723000
2255.337000
2255.967000
2256.580000
2257.194000
2257.824000
2258.437000
2259.067000
2259.681000
2260.294000
2261.537000
2262.167000
2262.781000
2263.394000
2264.638000
2265.268000
2265.881000
2266.495000
2267.125000
2268.368000
2268.981000
2269.595000
2270.225000
2270.838000
2271.468000
2272.082000
2272.695000
2273.325000
2273.939000
2274.569000
2275.182000
2275.796000
2276.426000
2277.039000
2277.669000
2278.282000
2278.896000
2279.526000
2280.139000
2280.753000
2281.383000
2281.996000
2282.626000
2283.240000
2283.853000
2284.483000
2285.726000
2287.583000
2288.197000
2288.827000
2290.054000
2290.684000
2291.297000
2291.927000
2292.541000
2293.784000
2294.397000
2305.423000
2306.036000
2306.666000
2307.279000
2307.893000
2308.523000
2309.136000
2309.766000
2310.380000
2310.993000
2311.623000
2312.237000
2312.867000
2313.480000
2314.094000
2314.723000
2315.337000
2315.967000
2316.580000
2317.194000
2317.824000
2318.437000
2319.067000
2319.681000
2320.294000
2320.924000
2321.538000
2322.168000
2322.781000
2323.394000
2324.024000
2324.638000
2325.268000
2325.881000
2326.495000
2327.125000
2327.738000
2328.368000
2328.982000
2329.595000
2330.225000
2330.838000
2331.468000
2332.082000
2332.695000
2333.325000
2333.939000
2334.569000
2335.182000
2337.039000
2337.653000
2338.283000
2338.896000
2339.526000
2340.139000
2340.753000
2341.383000
2341.996000
2342.626000
2343.240000
2343.853000
2344.483000
2345.097000
2345.727000
2346.340000
2347.583000
2348.197000
2348.827000
2350.054000
2350.684000
2351.927000
2353.154000
2354.398000
2366.036000
2368.523000
2369.136000
2369.766000
2370.380000
2370.993000
2371.623000
2373.480000
2374.094000
2374.724000
2375.337000
2375.967000
2376.580000
2377.194000
2377.824000
2378.437000
2379.067000
2379.681000
2380.294000
2382.168000
2382.781000
2383.395000
2384.025000
2384.638000
2385.268000
2385.881000
2386.495000
2387.125000
2387.738000
2388.368000
2388.982000
2389.595000
2390.225000
2390.839000
2391.469000
2392.082000
2392.695000
2393.325000
2393.939000
2394.569000
2395.182000
2395.796000
2396.426000
2397.039000
2397.653000
2400.140000
2401.996000
2402.626000
2403.240000
2403.853000
2405.097000
2408.827000
2409.440000
2410.054000
2410.684000
2411.297000
2411.927000
2412.541000
2413.154000
2413.784000
2414.398000
2426.666000
2427.893000
2428.523000
2429.137000
2429.767000
2430.380000
2430.993000
2431.623000
2432.237000
2432.867000
2433.480000
2434.094000
2434.724000
2435.337000
2436.581000
2437.194000
2439.068000
2440.294000
2440.924000
2441.538000
2442.168000
2442.781000
2443.395000
2444.025000
2444.638000
2445.268000
2445.882000
2446.495000
2447.738000
2448.368000
2448.982000
2449.595000
2450.225000
2451.469000
2452.082000
2452.696000
2453.326000
2453.939000
2454.569000
2455.182000
2457.039000
2457.653000
2458.283000
2458.896000
2459.526000
2460.140000
2460.753000
2461.383000
2461.997000
2462.627000
2463.240000
2463.853000
2464.483000
2465.097000
2465.727000
2466.340000
2466.954000
2468.197000
2468.827000
2469.441000
2470.054000
2470.684000
2472.541000
2473.154000
2473.784000
2474.398000
