1034.329000
1034.943000
1035.573000
1036.186000
1036.800000
1037.430000
1038.043000
1038.673000
1039.286000
1039.900000
1040.530000
1041.143000
1041.773000
1042.387000
1043.000000
1043.630000
1044.244000
1044.874000
1045.487000
1046.100000
1046.730000
1047.344000
1047.974000
1048.587000
1049.201000
1049.831000
1050.444000
1051.074000
1051.688000
1052.301000
1052.931000
1053.545000
1054.175000
1054.788000
1055.401000
1056.031000
1056.645000
1057.275000
1057.888000
1058.502000
1059.132000
1059.745000
1060.375000
1060.989000
1061.602000
1062.232000
1062.845000
1063.475000
1064.089000
1064.702000
1065.332000
1065.946000
1066.576000
1067.189000
1067.803000
1068.433000
1069.046000
1069.660000
1070.290000
1070.903000
1071.533000
1072.146000
1072.760000
1073.390000
1074.003000
1074.633000
1075.247000
1075.860000
1076.490000
1077.104000
1077.734000
1078.347000
1078.960000
1079.590000
1080.204000
1080.834000
1081.447000
1082.061000
1082.691000
1083.304000
1083.934000
1084.548000
1085.161000
1085.791000
1086.405000
1094.329000
1094.943000
1095.573000
1096.186000
1096.800000
1097.430000
1098.043000
1098.673000
1099.287000
1099.900000
1100.530000
1101.143000
1101.773000
1102.387000
1103.000000
1103.630000
1104.244000
1104.874000
1105.487000
1106.101000
1106.731000
1107.344000
1107.974000
1108.587000
1109.201000
1109.831000
1110.444000
1111.074000
1111.688000
1112.301000
1112.931000
1113.545000
1114.175000
1114.788000
1115.402000
1116.032000
1116.645000
1117.275000
1117.888000
1118.502000
1119.132000
1119.745000
1120.375000
1120.989000
1121.602000
1122.232000
1122.846000
1123.476000
1124.089000
1124.702000
1125.332000
1125.946000
1126.576000
1127.189000
1127.803000
1128.433000
1129.046000
1129.660000
1130.290000
1130.903000
1131.533000
1132.147000
1132.760000
1133.390000
1134.003000
1134.633000
1135.247000
1135.860000
1136.490000
1137.104000
1137.734000
1138.347000
1138.961000
1139.591000
1140.204000
1140.834000
1141.447000
1142.061000
1142.691000
1143.304000
1143.934000
1144.548000
1145.161000
1145.791000
1146.405000
1154.330000
1154.943000
1155.573000
1156.186000
1156.800000
1157.430000
1158.043000
1158.673000
1159.287000
1159.900000
1160.530000
1161.144000
1161.774000
1162.387000
1163.000000
1163.630000
1164.244000
1164.874000
1165.487000
1166.101000
1166.731000
1167.344000
1167.974000
1168.588000
1169.201000
1169.831000
1170.445000
1171.075000
1171.688000
1172.301000
1172.931000
1173.545000
1174.175000
1174.788000
1175.402000
1176.032000
1176.645000
1177.275000
1177.889000
1178.502000
1179.132000
1179.745000
1180.375000
1180.989000
1181.602000
1182.232000
1182.846000
1183.476000
1184.089000
1184.703000
1185.333000
1185.946000
1186.559000
1187.189000
1187.803000
1188.433000
1189.046000
1189.660000
1190.290000
1190.903000
1191.533000
1192.147000
1192.760000
1193.390000
1194.004000
1194.634000
1195.247000
1195.860000
1196.490000
1197.104000
1197.734000
1198.347000
1198.961000
1199.591000
1200.204000
1200.834000
1201.448000
1202.061000
1202.691000
1203.304000
1203.934000
1204.548000
1205.161000
1205.791000
1206.405000
1214.330000
1214.943000
1215.573000
1216.187000
1216.800000
1217.430000
1218.043000
1218.673000
1219.287000
1219.900000
1220.530000
1221.144000
1221.774000
1222.387000
1223.001000
1223.631000
1224.244000
1224.874000
1225.487000
1226.101000
1226.731000
1227.344000
1227.974000
1228.588000
1229.201000
1229.831000
1230.445000
1231.075000
1231.688000
1232.302000
1232.932000
1233.545000
1234.175000
1234.788000
1235.402000
1236.032000
1236.645000
1237.275000
1237.889000
1238.502000
1239.132000
1239.746000
1240.376000
1240.989000
1241.602000
1242.232000
1242.846000
1243.476000
1244.089000
1244.703000
1245.333000
1245.946000
1246.560000
1247.190000
1247.803000
1248.433000
1249.047000
1249.660000
1250.290000
1250.903000
1251.533000
1252.147000
1252.760000
1253.390000
1254.004000
1254.634000
1255.247000
1255.861000
1256.491000
1257.104000
1257.734000
1258.347000
1258.961000
1259.591000
1260.204000
1260.834000
1261.448000
1262.061000
1262.691000
1263.305000
1263.935000
1264.548000
1265.161000
1265.791000
1266.405000
1274.330000
1274.943000
1275.573000
1276.187000
1276.800000
1277.430000
1278.044000
1278.674000
1279.287000
1279.900000
1280.530000
1281.144000
1281.774000
1282.387000
1283.001000
1283.631000
1284.244000
1284.874000
1285.488000
1286.101000
1286.731000
1287.344000
1287.974000
1288.588000
1289.201000
1289.831000
1290.445000
1291.075000
1291.688000
1292.302000
1292.932000
1293.545000
1294.175000
1294.789000
1295.402000
1296.032000
1296.645000
1297.275000
1297.889000
1298.502000
1299.132000
1299.746000
1300.376000
1300.989000
1301.603000
1302.233000
1302.846000
1303.476000
1304.089000
1304.703000
1305.333000
1305.946000
1306.560000
1307.190000
1307.803000
1308.433000
1309.047000
1309.660000
1310.290000
1310.904000
1311.534000
1312.147000
1312.760000
1313.390000
1314.004000
1314.634000
1315.247000
1315.861000
1316.491000
1317.104000
1317.734000
1318.348000
1318.961000
1319.591000
1320.204000
1320.834000
1321.448000
1322.061000
1322.691000
1323.305000
1323.935000
1324.548000
1325.162000
1325.792000
1326.405000
1334.330000
1334.943000
1335.573000
1336.187000
1336.800000
1337.430000
1338.044000
1338.674000
1339.287000
1339.901000
1340.531000
1341.144000
1341.774000
1342.387000
1343.001000
1343.631000
1344.244000
1344.874000
1345.488000
1346.101000
1346.731000
1347.345000
1347.975000
1348.588000
1349.201000
1349.831000
1350.445000
1351.075000
1351.688000
1352.302000
1352.932000
1353.545000
1354.175000
1354.789000
1355.402000
1356.032000
1356.646000
1357.276000
1357.889000
1358.502000
1359.132000
1359.746000
1360.376000
1360.989000
1361.603000
1362.233000
1362.846000
1363.460000
1364.090000
1364.703000
1365.333000
1365.946000
1366.560000
1367.190000
1367.803000
1368.433000
1369.047000
1369.660000
1370.290000
1370.904000
1371.534000
1372.147000
1372.761000
1373.391000
1374.004000
1374.634000
1375.247000
1375.861000
1376.491000
1377.104000
1377.734000
1378.348000
1378.961000
1379.591000
1380.205000
1380.835000
1381.448000
1382.061000
1382.691000
1383.305000
1383.935000
1384.548000
1385.162000
1385.792000
1386.405000
1394.313000
1394.944000
1395.557000
1396.187000
1396.800000
1397.414000
1398.044000
1398.657000
1399.287000
1399.901000
1400.514000
1401.144000
1401.758000
1402.388000
1403.001000
1403.614000
1404.244000
1404.858000
1405.488000
1406.101000
1406.715000
1407.345000
1407.958000
1408.572000
1409.202000
1409.815000
1410.445000
1411.058000
1411.672000
1412.302000
1412.915000
1413.545000
1414.159000
1414.772000
1415.402000
1416.016000
1416.646000
1417.259000
1417.873000
1418.503000
1419.116000
1419.746000
1420.359000
1420.973000
1421.603000
1422.216000
1422.846000
1423.460000
1424.073000
1424.703000
1425.317000
1425.947000
1426.560000
1427.173000
1427.803000
1428.417000
1429.047000
1429.660000
1430.274000
1430.904000
1431.517000
1432.147000
1432.761000
1433.374000
1434.004000
1434.618000
1435.248000
1435.861000
1436.474000
1437.104000
1437.718000
1438.348000
1438.961000
1439.575000
1440.205000
1440.818000
1441.432000
1442.062000
1442.675000
1443.305000
1443.918000
1444.532000
1445.162000
1445.775000
1446.405000
1454.314000
1454.944000
1455.557000
1456.187000
1456.800000
1457.414000
1458.044000
1458.657000
1459.287000
1459.901000
1460.514000
1461.144000
1461.758000
1462.388000
1463.001000
1463.615000
1464.245000
1464.858000
1465.488000
1466.101000
1466.715000
1467.345000
1467.958000
1468.572000
1469.202000
1469.815000
1470.445000
1471.059000
1471.672000
1472.302000
1472.915000
1473.545000
1474.159000
1474.772000
1475.402000
1476.016000
1476.646000
1477.259000
1477.873000
1478.503000
1479.116000
1479.746000
1480.360000
1480.973000
1481.603000
1482.216000
1482.846000
1483.460000
1484.073000
1484.703000
1485.317000
1485.947000
1486.560000
1487.174000
1487.804000
1488.417000
1489.047000
1489.660000
1490.274000
1490.904000
1491.517000
1492.147000
1492.761000
1493.374000
1494.004000
1494.618000
1495.248000
1495.861000
1496.475000
1497.105000
1497.718000
1498.348000
1498.961000
1499.575000
1500.205000
1500.818000
1501.432000
1502.062000
1502.675000
1503.305000
1503.919000
1504.532000
1505.162000
1505.775000
1506.406000
1514.314000
1514.944000
1515.557000
1516.187000
1516.801000
1517.414000
1518.044000
1518.658000
1519.288000
1519.901000
1520.514000
1521.144000
1521.758000
1522.388000
1523.001000
1523.615000
1524.245000
1524.858000
1525.472000
1526.102000
1526.715000
1527.345000
1527.958000
1528.572000
1529.202000
1529.815000
1530.445000
1531.059000
1531.672000
1532.302000
1532.916000
1533.546000
1534.159000
1534.772000
1535.403000
1536.016000
1536.646000
1537.259000
1537.873000
1538.503000
1539.116000
1539.746000
1540.360000
1540.973000
1541.603000
1542.217000
1542.847000
1543.460000
1544.073000
1544.703000
1545.317000
1545.947000
1546.560000
1547.174000
1547.804000
1548.417000
1549.047000
1549.661000
1550.274000
1550.904000
1551.517000
1552.147000
1552.761000
1553.374000
1554.004000
1554.618000
1555.248000
1555.861000
1556.475000
1557.105000
1557.718000
1558.332000
1558.962000
1559.575000
1560.205000
1560.818000
1561.432000
1562.062000
1562.675000
1563.305000
1563.919000
1564.532000
1565.162000
1565.776000
1566.406000
1574.314000
1574.944000
1575.557000
1576.187000
1576.801000
1577.414000
1578.044000
1578.658000
1579.288000
1579.901000
1580.514000
1581.145000
1581.758000
1582.388000
1583.001000
1583.615000
1584.245000
1584.858000
1585.472000
1586.102000
1586.715000
1587.345000
1587.959000
1588.572000
1589.202000
1589.815000
1590.445000
1591.059000
1591.672000
1592.302000
1592.916000
1593.546000
1594.159000
1594.773000
1595.403000
1596.016000
1596.646000
1597.259000
1597.873000
1598.503000
1599.116000
1599.746000
1600.360000
1600.973000
1601.603000
1602.217000
1602.847000
1603.460000
1604.074000
1604.704000
1605.317000
1605.947000
1606.560000
1607.174000
1607.804000
1608.417000
1609.047000
1609.661000
1610.274000
1610.904000
1611.518000
1612.148000
1612.761000
1613.374000
1614.004000
1614.618000
1615.248000
1615.861000
1616.475000
1617.105000
1617.718000
1618.332000
1618.962000
1619.575000
1620.205000
1620.819000
1621.432000
1622.062000
1622.675000
1623.305000
1623.919000
1624.532000
1625.162000
1625.776000
1626.406000
1634.314000
1634.944000
1635.557000
1636.187000
1636.801000
1637.414000
1638.044000
1638.658000
1639.288000
1639.901000
1640.515000
1641.145000
1641.758000
1642.372000
1643.002000
1643.615000
1644.245000
1644.858000
1645.472000
1646.102000
1646.715000
1647.345000
1647.959000
1648.572000
1649.202000
1649.816000
1650.446000
1651.059000
1651.672000
1652.302000
1652.916000
1653.546000
1654.159000
1654.773000
1655.403000
1656.016000
1656.646000
1657.260000
1657.873000
1658.503000
1659.116000
1659.746000
1660.360000
1660.973000
1661.603000
1662.217000
1662.847000
1663.460000
1664.074000
1664.704000
1665.317000
1665.947000
1666.561000
1667.174000
1667.804000
1668.417000
1669.047000
1669.661000
1670.274000
1670.904000
1671.518000
1672.148000
1672.761000
1673.375000
1674.005000
1674.618000
1675.231000
1675.861000
1676.475000
1677.105000
1677.718000
1678.332000
1678.962000
1679.575000
1680.205000
1680.819000
1681.432000
1682.062000
1682.676000
1683.306000
1683.919000
1684.532000
1685.162000
1685.776000
1686.406000
1694.314000
1694.944000
1695.558000
1696.188000
1696.801000
1697.414000
1698.044000
1698.658000
1699.288000
1699.901000
1700.515000
1701.145000
1701.758000
1702.372000
1703.002000
1703.615000
1704.245000
1704.859000
1705.472000
1706.102000
1706.715000
1707.345000
1707.959000
1708.572000
1709.202000
1709.816000
1710.446000
1711.059000
1711.673000
1712.303000
1712.916000
1713.546000
1714.159000
1714.773000
1715.403000
1716.016000
1716.646000
1717.260000
1717.873000
1718.503000
1719.117000
1719.747000
1720.360000
1720.974000
1721.604000
1722.217000
1722.847000
1723.460000
1724.074000
1724.704000
1725.317000
1725.947000
1726.561000
1727.174000
1727.804000
1728.418000
1729.048000
1729.661000
1730.274000
1730.904000
1731.518000
1732.148000
1732.761000
1733.375000
1734.005000
1734.618000
1735.232000
1735.862000
1736.475000
1737.105000
1737.719000
1738.332000
1738.962000
1739.575000
1740.205000
1740.819000
1741.432000
1742.062000
1742.676000
1743.306000
1743.919000
1744.533000
1745.163000
1745.776000
1746.406000
