313.766000
315.010000
317.480000
319.967000
324.924000
329.881000
337.325000
338.569000
348.483000
357.170000
372.523000
375.010000
388.654000
399.812000
407.240000
439.967000
441.210000
442.454000
446.168000
451.125000
454.855000
456.082000
458.569000
469.727000
492.523000
493.766000
495.010000
498.724000
501.211000
502.454000
508.655000
512.368000
514.855000
519.812000
529.727000
551.280000
556.254000
558.724000
562.454000
566.168000
567.411000
569.882000
576.082000
577.326000
582.283000
583.526000
613.767000
622.438000
626.168000
642.283000
652.197000
674.994000
678.724000
679.968000
683.681000
698.553000
702.283000
714.684000
730.037000
731.280000
734.994000
738.724000
746.152000
747.395000
752.352000
754.839000
762.283000
791.280000
798.724000
811.126000
814.839000
819.797000
823.527000
825.997000
833.441000
835.912000
850.037000
851.280000
852.524000
857.481000
861.195000
866.152000
877.326000
884.754000
885.997000
887.241000
894.685000
898.399000
916.238000
922.438000
928.639000
929.882000
933.596000
942.284000
970.037000
988.639000
989.883000
991.126000
1012.198000
