1767.283000
1769.770000
1771.014000
1772.240000
1773.484000
1777.214000
1778.441000
1779.685000
1780.928000
1783.415000
1784.642000
1787.129000
1788.372000
1789.615000
1794.573000
1795.816000
1797.043000
1799.530000
1800.773000
1802.017000
1803.244000
1804.487000
1806.974000
1808.201000
1811.931000
1813.175000
1826.040000
1827.283000
1828.527000
1829.770000
1831.014000
1832.241000
1833.484000
1835.971000
1837.214000
1838.441000
1840.928000
1844.642000
1845.885000
1847.129000
1848.372000
1849.616000
1852.086000
1854.573000
1857.043000
1858.287000
1862.000000
1863.244000
1864.487000
1866.974000
1870.688000
1886.040000
1888.527000
1889.770000
1891.014000
1894.728000
1895.971000
1897.215000
1902.172000
1903.415000
1904.642000
1905.885000
1907.129000
1908.372000
1912.086000
1913.329000
1914.573000
1917.043000
1918.287000
1919.530000
1920.774000
1922.001000
1923.244000
1925.731000
1926.974000
1928.201000
1929.444000
1930.688000
1931.931000
1934.402000
1947.284000
1948.527000
1949.771000
1951.014000
1952.241000
1957.215000
1958.442000
1960.928000
1962.172000
1964.642000
1965.886000
1968.372000
1969.616000
1970.843000
1972.086000
1973.330000
1977.043000
1979.530000
1980.774000
1983.244000
1984.487000
1986.974000
1989.445000
1990.688000
1991.932000
1993.175000
1994.402000
2006.057000
2008.527000
2009.771000
2012.241000
2013.484000
2014.728000
2022.172000
2023.415000
2024.642000
2025.886000
2027.129000
2028.373000
2029.616000
2030.843000
2032.086000
2033.330000
2035.817000
2038.287000
2042.001000
2043.244000
2044.488000
2048.201000
2051.932000
2053.175000
2054.402000
2066.041000
2067.284000
2068.527000
2069.754000
2072.241000
2073.485000
2074.728000
2077.198000
2078.442000
2079.685000
2080.929000
2082.156000
2084.642000
2087.113000
2088.356000
2089.600000
2090.843000
2092.086000
2093.313000
2095.800000
2097.044000
2098.287000
2102.001000
2103.244000
2105.715000
2108.201000
2109.445000
2110.688000
2111.915000
2114.402000
2126.041000
2127.284000
2128.528000
2129.754000
2130.998000
2132.241000
2133.485000
2134.728000
2135.955000
2137.199000
2139.685000
2140.929000
2142.156000
2143.399000
2145.886000
2147.113000
2148.356000
2152.087000
2153.313000
2155.800000
2157.044000
2160.758000
2162.001000
2163.244000
2166.958000
2168.202000
2171.915000
2173.159000
2174.402000
2186.041000
2187.284000
2189.755000
2190.998000
2194.728000
2195.955000
2197.199000
2198.442000
2199.685000
2200.929000
2202.156000
2203.399000
2204.643000
2205.886000
2207.113000
2208.356000
2214.557000
2215.800000
2217.044000
2219.514000
2222.001000
2224.488000
2226.958000
2228.202000
2230.689000
2231.915000
2233.159000
2246.041000
2247.284000
2248.528000
2252.242000
2255.955000
2258.442000
2259.686000
2260.929000
2263.399000
2264.643000
2265.886000
2269.600000
2270.843000
2272.087000
2275.801000
2277.044000
2278.287000
2280.758000
2285.715000
2286.958000
2288.202000
2290.689000
2291.916000
2293.159000
2308.528000
2310.998000
2312.242000
2315.955000
2319.686000
2323.400000
2324.643000
2325.886000
2335.801000
2339.514000
2340.758000
2342.001000
2346.959000
2348.202000
2350.689000
2351.916000
2353.159000
2366.041000
2367.285000
2368.528000
2370.998000
2372.242000
2377.199000
2378.442000
2379.686000
2380.913000
2382.156000
2383.400000
2384.643000
2387.113000
2388.357000
2389.600000
2390.844000
2392.087000
2395.801000
2397.044000
2398.288000
2399.515000
2400.758000
2402.002000
2409.446000
2414.403000
2428.528000
2429.755000
2433.485000
2434.729000
2435.956000
2437.199000
2438.443000
2440.913000
2442.156000
2443.400000
2448.357000
2450.844000
2453.314000
2455.801000
2458.288000
2459.515000
2460.758000
2462.002000
2463.245000
2465.715000
2468.202000
2470.673000
2471.916000
2473.159000
