10.052000
10.665000
11.295000
11.909000
12.522000
13.152000
13.765000
14.395000
15.009000
15.622000
16.866000
17.496000
18.109000
18.723000
19.353000
19.966000
21.209000
23.066000
23.680000
24.310000
24.923000
25.553000
26.167000
28.024000
28.654000
29.267000
29.880000
30.510000
31.124000
31.754000
32.367000
32.981000
33.611000
34.224000
34.854000
35.468000
36.081000
36.711000
37.324000
37.954000
39.181000
39.811000
40.425000
41.055000
41.668000
42.282000
43.525000
44.155000
44.769000
45.382000
46.012000
47.255000
47.869000
48.482000
49.112000
49.726000
50.356000
50.969000
51.583000
52.213000
52.826000
53.456000
54.069000
54.683000
55.313000
55.926000
56.540000
57.170000
57.783000
69.422000
70.052000
70.665000
71.295000
71.909000
72.522000
73.152000
75.009000
75.622000
76.252000
76.866000
77.496000
78.109000
78.723000
79.353000
79.966000
80.580000
81.210000
81.823000
83.066000
83.680000
84.310000
84.923000
85.553000
86.167000
86.780000
87.410000
88.024000
89.267000
89.881000
91.124000
91.754000
92.367000
92.981000
93.611000
94.224000
94.854000
95.468000
96.081000
97.325000
97.955000
98.568000
99.181000
99.811000
100.425000
101.055000
101.668000
102.282000
103.525000
104.155000
104.769000
106.012000
106.626000
107.256000
107.869000
108.482000
109.726000
110.356000
110.969000
111.583000
112.213000
112.826000
113.440000
114.070000
114.683000
115.313000
115.926000
116.540000
117.170000
117.783000
118.413000
129.422000
130.052000
130.665000
131.295000
131.909000
132.522000
133.152000
133.766000
134.396000
135.009000
135.623000
136.253000
136.866000
137.496000
138.109000
138.723000
139.353000
140.580000
141.210000
141.823000
142.453000
143.067000
143.680000
144.310000
144.923000
145.553000
146.167000
146.780000
147.410000
148.024000
148.654000
149.267000
149.881000
150.511000
151.124000
151.754000
152.368000
152.981000
153.611000
154.224000
154.854000
155.468000
156.081000
156.711000
157.325000
157.955000
158.568000
159.182000
159.812000
160.425000
161.055000
161.668000
162.282000
162.912000
164.155000
164.769000
165.382000
166.012000
166.626000
167.256000
167.869000
168.483000
169.113000
169.726000
170.356000
170.969000
172.213000
172.826000
173.440000
174.683000
175.313000
175.927000
176.540000
177.170000
177.783000
178.413000
189.422000
190.052000
190.666000
191.296000
191.909000
192.522000
193.152000
193.766000
194.396000
195.009000
195.623000
196.253000
197.480000
198.110000
198.723000
199.353000
199.966000
200.580000
201.823000
202.453000
203.067000
203.680000
204.310000
204.924000
205.554000
206.780000
207.411000
208.024000
209.267000
209.881000
210.511000
211.124000
211.754000
212.368000
212.981000
213.611000
214.225000
214.855000
215.468000
216.711000
217.325000
217.955000
218.568000
219.182000
219.812000
220.425000
221.055000
221.669000
222.282000
223.526000
224.156000
224.769000
225.382000
226.012000
226.626000
227.869000
228.483000
229.113000
229.726000
230.340000
230.970000
232.213000
232.826000
233.440000
234.070000
234.683000
235.313000
235.927000
236.540000
237.170000
237.784000
238.414000
249.422000
250.052000
250.666000
251.296000
251.909000
252.523000
253.153000
253.766000
255.009000
255.623000
256.253000
256.866000
257.480000
258.110000
258.723000
259.353000
259.967000
260.580000
261.210000
261.823000
262.453000
263.067000
263.680000
264.310000
264.924000
265.554000
266.167000
266.781000
268.024000
268.654000
269.268000
270.511000
271.124000
271.754000
272.368000
272.981000
273.611000
274.225000
275.468000
276.082000
276.712000
277.325000
277.955000
278.568000
279.182000
279.812000
281.055000
281.669000
282.282000
282.912000
283.526000
284.156000
284.769000
285.383000
286.013000
286.626000
287.869000
288.483000
289.113000
289.726000
290.340000
291.583000
292.213000
292.827000
293.440000
294.070000
294.683000
295.313000
295.927000
296.540000
297.170000
297.784000
298.414000
