1766.670000
1767.913000
1769.157000
1770.384000
1771.627000
1772.871000
1774.114000
1775.341000
1776.584000
1779.071000
1780.315000
1781.541000
1782.785000
1784.028000
1785.272000
1786.515000
1787.742000
1788.985000
1790.229000
1791.472000
1792.716000
1793.943000
1795.186000
1796.430000
1797.673000
1798.916000
1800.143000
1801.387000
1802.630000
1803.874000
1805.117000
1806.344000
1807.587000
1808.831000
1810.074000
1811.301000
1812.545000
1813.788000
1825.427000
1826.670000
1827.913000
1829.140000
1830.384000
1831.627000
1834.114000
1835.341000
1836.584000
1837.828000
1839.071000
1840.315000
1841.542000
1844.028000
1846.515000
1847.742000
1848.986000
1850.229000
1853.943000
1856.430000
1857.673000
1858.900000
1860.143000
1862.630000
1863.874000
1865.101000
1866.344000
1867.587000
1868.831000
1870.074000
1871.301000
1872.545000
1885.427000
1886.670000
1887.914000
1889.140000
1890.384000
1891.627000
1892.871000
1894.114000
1895.341000
1896.585000
1897.828000
1899.071000
1901.542000
1904.029000
1905.272000
1906.515000
1907.742000
1908.986000
1910.229000
1911.473000
1912.699000
1913.943000
1915.186000
1916.430000
1917.673000
1918.900000
1920.144000
1921.387000
1922.630000
1923.874000
1925.101000
1926.344000
1927.588000
1928.831000
1932.545000
1945.427000
1946.670000
1947.914000
1949.141000
1950.384000
1951.627000
1952.871000
1954.114000
1957.828000
1959.072000
1960.315000
1961.542000
1962.785000
1964.029000
1965.272000
1966.516000
1968.986000
1970.229000
1971.473000
1972.700000
1975.187000
1976.430000
1978.900000
1980.144000
1982.631000
1983.874000
1985.101000
1986.344000
1990.075000
1991.302000
1992.545000
1993.788000
2005.427000
2006.670000
2007.914000
2009.141000
2010.384000
2011.628000
2012.871000
2014.114000
2015.341000
2016.585000
2017.828000
2019.072000
2020.315000
2021.542000
2024.029000
2025.272000
2026.516000
2027.743000
2028.986000
2030.229000
2031.473000
2032.716000
2035.187000
2037.674000
2038.917000
2040.144000
2041.387000
2042.631000
2043.874000
2045.101000
2046.345000
2050.075000
2051.302000
2053.789000
2066.654000
2067.897000
2069.141000
2070.384000
2072.855000
2074.098000
2076.585000
2079.055000
2080.299000
2081.542000
2085.256000
2086.499000
2087.743000
2088.986000
2090.213000
2091.456000
2092.700000
2095.187000
2096.414000
2097.657000
2098.901000
2100.144000
2101.387000
2102.614000
2106.345000
2107.588000
2108.815000
2110.058000
2111.302000
2112.545000
2113.789000
2125.427000
2126.654000
2127.898000
2129.141000
2130.384000
2131.628000
2134.098000
2135.342000
2136.585000
2137.829000
2140.299000
2141.542000
2142.786000
2144.013000
2146.499000
2148.986000
2150.213000
2151.457000
2152.700000
2157.657000
2158.901000
2160.144000
2161.388000
2162.614000
2163.858000
2166.345000
2168.815000
2170.058000
2171.302000
2172.545000
2173.789000
2185.427000
2186.654000
2187.898000
2189.141000
2190.385000
2192.855000
2195.342000
2196.585000
2197.829000
2199.055000
2200.299000
2201.542000
2202.786000
2204.013000
2205.256000
2206.500000
2207.743000
2208.986000
2210.213000
2211.457000
2212.700000
2213.944000
2215.187000
2216.414000
2220.144000
2221.388000
2225.101000
2226.345000
2230.059000
2231.302000
2232.545000
2245.428000
2246.654000
2247.898000
2249.141000
2250.385000
2251.628000
2252.855000
2254.098000
2255.342000
2256.585000
2259.056000
2260.299000
2261.543000
2262.786000
2265.256000
2267.743000
2268.987000
2270.213000
2271.457000
2275.187000
2276.414000
2277.657000
2278.901000
2281.388000
2282.615000
2285.102000
2286.345000
2287.588000
2288.815000
2290.059000
2291.302000
2292.546000
2293.789000
2305.428000
2306.655000
2307.898000
2309.141000
2310.385000
2311.628000
2312.855000
2314.099000
2315.342000
2316.585000
2317.829000
2319.056000
2320.299000
2321.543000
2324.013000
2325.256000
2326.500000
2327.743000
2328.987000
2330.214000
2332.700000
2335.187000
2337.658000
2338.901000
2340.144000
2342.615000
2347.589000
2348.815000
2350.059000
2352.546000
2353.773000
2365.428000
2366.655000
2369.142000
2370.385000
2371.628000
2372.855000
2374.099000
2375.342000
2377.829000
2379.056000
2381.543000
2382.786000
2384.013000
2385.257000
2386.500000
2387.743000
2388.987000
2390.214000
2391.457000
2392.701000
2393.944000
2395.187000
2396.414000
2398.901000
2400.145000
2401.388000
2402.615000
2403.858000
2405.102000
2406.345000
2408.816000
2410.059000
2411.302000
2412.546000
2413.773000
2426.655000
2427.898000
2429.142000
2430.385000
2431.629000
2432.855000
2435.342000
2439.056000
2441.543000
2444.013000
2445.257000
2446.500000
2447.744000
2448.987000
2451.457000
2452.701000
2455.188000
2456.414000
2457.658000
2458.901000
2460.145000
2461.388000
2462.615000
2463.859000
2466.345000
2467.589000
2470.059000
2471.303000
2472.546000
