1041.773000
1043.000000
1051.688000
1056.645000
1077.734000
1082.691000
1085.161000
1101.773000
1103.000000
1121.602000
1126.576000
1132.760000
1134.003000
1137.734000
1140.204000
1159.287000
1185.333000
1197.734000
1219.287000
1221.774000
1224.244000
1229.201000
1234.175000
1237.889000
1246.560000
1250.290000
1255.247000
1261.448000
1265.161000
1280.530000
1281.774000
1286.731000
1287.974000
1292.932000
1310.290000
1311.534000
1312.760000
1314.004000
1356.646000
1359.132000
1362.846000
1369.047000
1375.247000
1381.448000
1382.691000
1401.758000
1404.244000
1411.672000
1420.359000
1421.603000
1424.073000
1426.560000
1429.047000
1432.761000
1436.474000
1440.205000
1441.432000
1470.445000
1472.915000
1474.159000
1475.402000
1482.846000
1494.004000
1496.475000
1497.718000
1529.202000
1531.672000
1532.916000
1540.360000
1546.560000
1547.804000
1551.517000
1555.248000
1580.514000
1584.245000
1586.715000
1587.959000
1592.916000
1601.603000
1605.317000
1611.518000
1612.761000
1639.288000
1645.472000
1651.672000
1660.360000
1664.074000
1672.761000
1676.475000
1683.919000
1685.162000
1699.288000
1703.002000
1709.202000
1710.446000
1712.916000
1714.159000
1716.646000
1722.847000
1734.005000
1735.232000
1737.719000
1746.406000
