1762.326000
1762.956000
1763.570000
1764.183000
1764.813000
1765.426000
1766.056000
1766.670000
1767.283000
1767.913000
1768.527000
1769.157000
1769.770000
1770.384000
1771.014000
1771.627000
1772.240000
1772.871000
1773.484000
1774.114000
1774.727000
1775.341000
1775.971000
1776.584000
1777.214000
1777.828000
1778.441000
1779.071000
1779.685000
1780.315000
1780.928000
1781.541000
1782.171000
1782.785000
1783.415000
1784.028000
1784.642000
1785.272000
1785.885000
1786.515000
1787.129000
1787.742000
1788.372000
1788.985000
1789.615000
1790.229000
1790.842000
1791.472000
1792.086000
1792.716000
1793.329000
1793.943000
1794.573000
1795.186000
1795.816000
1796.430000
1797.043000
1797.673000
1798.286000
1798.916000
1799.530000
1800.143000
1800.773000
1801.387000
1802.017000
1802.630000
1803.244000
1803.874000
1804.487000
1805.117000
1805.730000
1806.344000
1806.974000
1807.587000
1808.201000
1808.831000
1809.444000
1810.074000
1810.688000
1811.301000
1811.931000
1812.545000
1813.175000
1813.788000
1814.401000
1822.326000
1822.940000
1823.570000
1824.183000
1824.813000
1825.427000
1826.040000
1826.670000
1827.283000
1827.913000
1828.527000
1829.140000
1829.770000
1830.384000
1831.014000
1831.627000
1832.241000
1832.871000
1833.484000
1834.114000
1834.728000
1835.341000
1835.971000
1836.584000
1837.214000
1837.828000
1838.441000
1839.071000
1839.685000
1840.315000
1840.928000
1841.542000
1842.172000
1842.785000
1843.415000
1844.028000
1844.642000
1845.272000
1845.885000
1846.515000
1847.129000
1847.742000
1848.372000
1848.986000
1849.616000
1850.229000
1850.842000
1851.473000
1852.086000
1852.716000
1853.329000
1853.943000
1854.573000
1855.186000
1855.800000
1856.430000
1857.043000
1857.673000
1858.287000
1858.900000
1859.530000
1860.143000
1860.773000
1861.387000
1862.000000
1862.630000
1863.244000
1863.874000
1864.487000
1865.101000
1865.731000
1866.344000
1866.974000
1867.587000
1868.201000
1868.831000
1869.444000
1870.074000
1870.688000
1871.301000
1871.931000
1872.545000
1873.175000
1873.788000
1874.402000
1882.326000
1882.940000
1883.570000
1884.183000
1884.813000
1885.427000
1886.040000
1886.670000
1887.284000
1887.914000
1888.527000
1889.140000
1889.770000
1890.384000
1891.014000
1891.627000
1892.241000
1892.871000
1893.484000
1894.114000
1894.728000
1895.341000
1895.971000
1896.585000
1897.215000
1897.828000
1898.441000
1899.071000
1899.685000
1900.315000
1900.928000
1901.542000
1902.172000
1902.785000
1903.415000
1904.029000
1904.642000
1905.272000
1905.885000
1906.515000
1907.129000
1907.742000
1908.372000
1908.986000
1909.616000
1910.229000
1910.843000
1911.473000
1912.086000
1912.699000
1913.329000
1913.943000
1914.573000
1915.186000
1915.800000
1916.430000
1917.043000
1917.673000
1918.287000
1918.900000
1919.530000
1920.144000
1920.774000
1921.387000
1922.001000
1922.630000
1923.244000
1923.874000
1924.487000
1925.101000
1925.731000
1926.344000
1926.974000
1927.588000
1928.201000
1928.831000
1929.444000
1930.075000
1930.688000
1931.301000
1931.931000
1932.545000
1933.175000
1933.788000
1934.402000
1942.327000
1942.940000
1943.570000
1944.183000
1944.813000
1945.427000
1946.040000
1946.670000
1947.284000
1947.914000
1948.527000
1949.141000
1949.771000
1950.384000
1951.014000
1951.627000
1952.241000
1952.871000
1953.484000
1954.114000
1954.728000
1955.341000
1955.971000
1956.585000
1957.215000
1957.828000
1958.442000
1959.072000
1959.685000
1960.315000
1960.928000
1961.542000
1962.172000
1962.785000
1963.415000
1964.029000
1964.642000
1965.272000
1965.886000
1966.516000
1967.129000
1967.742000
1968.372000
1968.986000
1969.616000
1970.229000
1970.843000
1971.473000
1972.086000
1972.700000
1973.330000
1973.943000
1974.573000
1975.187000
1975.800000
1976.430000
1977.043000
1977.673000
1978.287000
1978.900000
1979.530000
1980.144000
1980.774000
1981.387000
1982.001000
1982.631000
1983.244000
1983.874000
1984.487000
1985.101000
1985.731000
1986.344000
1986.974000
1987.588000
1988.201000
1988.831000
1989.445000
1990.075000
1990.688000
1991.302000
1991.932000
1992.545000
1993.175000
1993.788000
1994.402000
2002.327000
2002.957000
2003.570000
2004.184000
2004.814000
2005.427000
2006.057000
2006.670000
2007.284000
2007.914000
2008.527000
2009.141000
2009.771000
2010.384000
2011.014000
2011.628000
2012.241000
2012.871000
2013.484000
2014.114000
2014.728000
2015.341000
2015.971000
2016.585000
2017.215000
2017.828000
2018.442000
2019.072000
2019.685000
2020.315000
2020.929000
2021.542000
2022.172000
2022.785000
2023.415000
2024.029000
2024.642000
2025.272000
2025.886000
2026.516000
2027.129000
2027.743000
2028.373000
2028.986000
2029.616000
2030.229000
2030.843000
2031.473000
2032.086000
2032.716000
2033.330000
2033.943000
2034.573000
2035.187000
2035.817000
2036.430000
2037.044000
2037.674000
2038.287000
2038.917000
2039.530000
2040.144000
2040.774000
2041.387000
2042.001000
2042.631000
2043.244000
2043.874000
2044.488000
2045.101000
2045.731000
2046.345000
2046.974000
2047.588000
2048.201000
2048.831000
2049.445000
2050.075000
2050.688000
2051.302000
2051.932000
2052.545000
2053.175000
2053.789000
2054.402000
2062.327000
2062.940000
2063.554000
2064.184000
2064.797000
2065.427000
2066.041000
2066.654000
2067.284000
2067.897000
2068.527000
2069.141000
2069.754000
2070.384000
2070.998000
2071.628000
2072.241000
2072.855000
2073.485000
2074.098000
2074.728000
2075.341000
2075.955000
2076.585000
2077.198000
2077.828000
2078.442000
2079.055000
2079.685000
2080.299000
2080.929000
2081.542000
2082.156000
2082.786000
2083.399000
2084.029000
2084.642000
2085.256000
2085.886000
2086.499000
2087.113000
2087.743000
2088.356000
2088.986000
2089.600000
2090.213000
2090.843000
2091.456000
2092.086000
2092.700000
2093.313000
2093.943000
2094.557000
2095.187000
2095.800000
2096.414000
2097.044000
2097.657000
2098.287000
2098.901000
2099.514000
2100.144000
2100.757000
2101.387000
2102.001000
2102.614000
2103.244000
2103.858000
2104.488000
2105.101000
2105.715000
2106.345000
2106.958000
2107.588000
2108.201000
2108.815000
2109.445000
2110.058000
2110.688000
2111.302000
2111.915000
2112.545000
2113.159000
2113.789000
2114.402000
2122.327000
2122.940000
2123.554000
2124.184000
2124.797000
2125.427000
2126.041000
2126.654000
2127.284000
2127.898000
2128.528000
2129.141000
2129.754000
2130.384000
2130.998000
2131.628000
2132.241000
2132.855000
2133.485000
2134.098000
2134.728000
2135.342000
2135.955000
2136.585000
2137.199000
2137.829000
2138.442000
2139.055000
2139.685000
2140.299000
2140.929000
2141.542000
2142.156000
2142.786000
2143.399000
2144.013000
2144.643000
2145.256000
2145.886000
2146.499000
2147.113000
2147.743000
2148.356000
2148.986000
2149.600000
2150.213000
2150.843000
2151.457000
2152.087000
2152.700000
2153.313000
2153.943000
2154.557000
2155.187000
2155.800000
2156.414000
2157.044000
2157.657000
2158.287000
2158.901000
2159.514000
2160.144000
2160.758000
2161.388000
2162.001000
2162.614000
2163.244000
2163.858000
2164.488000
2165.101000
2165.715000
2166.345000
2166.958000
2167.588000
2168.202000
2168.815000
2169.445000
2170.058000
2170.688000
2171.302000
2171.915000
2172.545000
2173.159000
2173.789000
2174.402000
2182.327000
2182.941000
2183.554000
2184.184000
2184.797000
2185.427000
2186.041000
2186.654000
2187.284000
2187.898000
2188.528000
2189.141000
2189.755000
2190.385000
2190.998000
2191.628000
2192.241000
2192.855000
2193.485000
2194.098000
2194.728000
2195.342000
2195.955000
2196.585000
2197.199000
2197.829000
2198.442000
2199.055000
2199.685000
2200.299000
2200.929000
2201.542000
2202.156000
2202.786000
2203.399000
2204.013000
2204.643000
2205.256000
2205.886000
2206.500000
2207.113000
2207.743000
2208.356000
2208.986000
2209.600000
2210.213000
2210.843000
2211.457000
2212.087000
2212.700000
2213.314000
2213.944000
2214.557000
2215.187000
2215.800000
2216.414000
2217.044000
2217.657000
2218.287000
2218.901000
2219.514000
2220.144000
2220.758000
2221.388000
2222.001000
2222.615000
2223.245000
2223.858000
2224.488000
2225.101000
2225.715000
2226.345000
2226.958000
2227.588000
2228.202000
2228.815000
2229.445000
2230.059000
2230.689000
2231.302000
2231.915000
2232.545000
2233.159000
2233.789000
2234.402000
2242.327000
2242.941000
2243.554000
2244.184000
2244.798000
2245.428000
2246.041000
2246.654000
2247.284000
2247.898000
2248.528000
2249.141000
2249.755000
2250.385000
2250.998000
2251.628000
2252.242000
2252.855000
2253.485000
2254.098000
2254.728000
2255.342000
2255.955000
2256.585000
2257.199000
2257.829000
2258.442000
2259.056000
2259.686000
2260.299000
2260.929000
2261.543000
2262.156000
2262.786000
2263.399000
2264.013000
2264.643000
2265.256000
2265.886000
2266.500000
2267.113000
2267.743000
2268.357000
2268.987000
2269.600000
2270.213000
2270.843000
2271.457000
2272.087000
2272.700000
2273.314000
2273.944000
2274.557000
2275.187000
2275.801000
2276.414000
2277.044000
2277.657000
2278.287000
2278.901000
2279.514000
2280.144000
2280.758000
2281.388000
2282.001000
2282.615000
2283.245000
2283.858000
2284.488000
2285.102000
2285.715000
2286.345000
2286.958000
2287.588000
2288.202000
2288.815000
2289.445000
2290.059000
2290.689000
2291.302000
2291.916000
2292.546000
2293.159000
2293.789000
2294.402000
2302.327000
2302.941000
2303.554000
2304.184000
2304.798000
2305.428000
2306.041000
2306.655000
2307.285000
2307.898000
2308.528000
2309.141000
2309.755000
2310.385000
2310.998000
2311.628000
2312.242000
2312.855000
2313.485000
2314.099000
2314.729000
2315.342000
2315.955000
2316.585000
2317.199000
2317.829000
2318.442000
2319.056000
2319.686000
2320.299000
2320.913000
2321.543000
2322.156000
2322.786000
2323.400000
2324.013000
2324.643000
2325.256000
2325.886000
2326.500000
2327.113000
2327.743000
2328.357000
2328.987000
2329.600000
2330.214000
2330.844000
2331.457000
2332.087000
2332.700000
2333.314000
2333.944000
2334.557000
2335.187000
2335.801000
2336.414000
2337.044000
2337.658000
2338.288000
2338.901000
2339.514000
2340.144000
2340.758000
2341.388000
2342.001000
2342.615000
2343.245000
2343.858000
2344.488000
2345.102000
2345.715000
2346.345000
2346.959000
2347.589000
2348.202000
2348.815000
2349.445000
2350.059000
2350.689000
2351.302000
2351.916000
2352.546000
2353.159000
2353.773000
2354.403000
2362.327000
2362.941000
2363.554000
2364.184000
2364.798000
2365.428000
2366.041000
2366.655000
2367.285000
2367.898000
2368.528000
2369.142000
2369.755000
2370.385000
2370.998000
2371.628000
2372.242000
2372.855000
2373.485000
2374.099000
2374.729000
2375.342000
2375.956000
2376.586000
2377.199000
2377.829000
2378.442000
2379.056000
2379.686000
2380.299000
2380.913000
2381.543000
2382.156000
2382.786000
2383.400000
2384.013000
2384.643000
2385.257000
2385.887000
2386.500000
2387.113000
2387.743000
2388.357000
2388.987000
2389.600000
2390.214000
2390.844000
2391.457000
2392.087000
2392.701000
2393.314000
2393.944000
2394.557000
2395.187000
2395.801000
2396.414000
2397.044000
2397.658000
2398.288000
2398.901000
2399.515000
2400.145000
2400.758000
2401.388000
2402.002000
2402.615000
2403.245000
2403.858000
2404.488000
2405.102000
2405.715000
2406.345000
2406.959000
2407.589000
2408.202000
2408.816000
2409.446000
2410.059000
2410.689000
2411.302000
2411.916000
2412.546000
2413.159000
2413.773000
2414.403000
2422.328000
2422.941000
2423.554000
2424.184000
2424.798000
2425.428000
2426.041000
2426.655000
2427.285000
2427.898000
2428.528000
2429.142000
2429.755000
2430.385000
2430.999000
2431.629000
2432.242000
2432.855000
2433.485000
2434.099000
2434.729000
2435.342000
2435.956000
2436.586000
2437.199000
2437.813000
2438.443000
2439.056000
2439.686000
2440.299000
2440.913000
2441.543000
2442.156000
2442.786000
2443.400000
2444.013000
2444.643000
2445.257000
2445.887000
2446.500000
2447.114000
2447.744000
2448.357000
2448.987000
2449.600000
2450.214000
2450.844000
2451.457000
2452.087000
2452.701000
2453.314000
2453.944000
2454.558000
2455.188000
2455.801000
2456.414000
2457.044000
2457.658000
2458.288000
2458.901000
2459.515000
2460.145000
2460.758000
2461.388000
2462.002000
2462.615000
2463.245000
2463.859000
2464.489000
2465.102000
2465.715000
2466.345000
2466.959000
2467.589000
2468.202000
2468.816000
2469.446000
2470.059000
2470.673000
2471.303000
2471.916000
2472.546000
2473.159000
2473.773000
2474.403000
