1038.673000
1039.900000
1041.143000
1042.387000
1043.630000
1044.874000
1046.100000
1047.344000
1048.587000
1049.831000
1051.074000
1053.545000
1054.788000
1056.031000
1057.275000
1058.502000
1059.745000
1062.232000
1064.702000
1065.946000
1067.189000
1068.433000
1069.660000
1070.903000
1072.146000
1073.390000
1074.633000
1075.860000
1077.104000
1078.347000
1083.304000
1084.548000
1085.791000
1097.430000
1098.673000
1099.900000
1101.143000
1102.387000
1104.874000
1106.101000
1107.344000
1108.587000
1109.831000
1111.074000
1112.301000
1113.545000
1114.788000
1116.032000
1118.502000
1119.745000
1123.476000
1124.702000
1125.946000
1127.189000
1128.433000
1129.660000
1130.903000
1132.147000
1133.390000
1134.633000
1135.860000
1137.104000
1138.347000
1139.591000
1140.834000
1142.061000
1143.304000
1144.548000
1145.791000
1157.430000
1159.900000
1161.144000
1162.387000
1164.874000
1166.101000
1168.588000
1169.831000
1171.075000
1172.301000
1174.788000
1176.032000
1177.275000
1178.502000
1179.745000
1183.476000
1184.703000
1185.946000
1187.189000
1188.433000
1189.660000
1190.903000
1192.147000
1193.390000
1194.634000
1195.860000
1197.104000
1198.347000
1199.591000
1200.834000
1202.061000
1203.304000
1204.548000
1205.791000
1217.430000
1218.673000
1219.900000
1221.144000
1222.387000
1223.631000
1224.874000
1226.101000
1227.344000
1228.588000
1229.831000
1232.302000
1233.545000
1234.788000
1236.032000
1237.275000
1238.502000
1239.746000
1240.989000
1242.232000
1243.476000
1244.703000
1245.946000
1247.190000
1248.433000
1249.660000
1250.903000
1252.147000
1254.634000
1255.861000
1257.104000
1258.347000
1260.834000
1262.061000
1263.305000
1264.548000
1265.791000
1278.674000
1281.144000
1282.387000
1283.631000
1286.101000
1287.344000
1288.588000
1289.831000
1291.075000
1292.302000
1293.545000
1294.789000
1296.032000
1297.275000
1298.502000
1299.746000
1300.989000
1302.233000
1303.476000
1304.703000
1305.946000
1307.190000
1308.433000
1309.660000
1310.904000
1312.147000
1314.634000
1315.861000
1317.104000
1318.348000
1319.591000
1320.834000
1322.061000
1323.305000
1324.548000
1325.792000
1337.430000
1338.674000
1339.901000
1341.144000
1342.387000
1344.874000
1346.101000
1347.345000
1348.588000
1349.831000
1351.075000
1352.302000
1353.545000
1354.789000
1356.032000
1357.276000
1358.502000
1359.746000
1360.989000
1362.233000
1363.460000
1364.703000
1365.946000
1367.190000
1368.433000
1369.660000
1372.147000
1373.391000
1374.634000
1377.104000
1378.348000
1379.591000
1380.835000
1383.305000
1384.548000
1385.792000
1397.414000
1398.657000
1401.144000
1402.388000
1403.614000
1404.858000
1407.345000
1413.545000
1414.772000
1416.016000
1418.503000
1419.746000
1422.216000
1423.460000
1424.703000
1425.947000
1427.173000
1429.660000
1430.904000
1432.147000
1433.374000
1434.618000
1435.861000
1439.575000
1440.818000
1442.062000
1443.305000
1444.532000
1457.414000
1458.657000
1461.144000
1462.388000
1464.858000
1466.101000
1469.815000
1472.302000
1474.772000
1476.016000
1477.259000
1478.503000
1479.746000
1482.216000
1484.703000
1485.947000
1487.174000
1488.417000
1489.660000
1490.904000
1493.374000
1494.618000
1495.861000
1497.105000
1498.348000
1500.818000
1502.062000
1503.305000
1504.532000
1505.775000
1517.414000
1519.901000
1521.144000
1522.388000
1523.615000
1524.858000
1526.102000
1527.345000
1528.572000
1529.815000
1531.059000
1533.546000
1538.503000
1539.746000
1540.973000
1542.217000
1543.460000
1544.703000
1545.947000
1547.174000
1548.417000
1549.661000
1550.904000
1552.147000
1554.618000
1555.861000
1559.575000
1560.818000
1562.062000
1563.305000
1565.776000
1577.414000
1578.658000
1579.901000
1581.145000
1583.615000
1584.858000
1586.102000
1587.345000
1588.572000
1589.815000
1591.059000
1592.302000
1593.546000
1594.773000
1598.503000
1599.746000
1600.973000
1602.217000
1603.460000
1604.704000
1605.947000
1608.417000
1610.904000
1612.148000
1613.374000
1614.618000
1615.861000
1617.105000
1618.332000
1620.819000
1622.062000
1637.414000
1638.658000
1639.901000
1641.145000
1642.372000
1643.615000
1646.102000
1647.345000
1648.572000
1649.816000
1653.546000
1656.016000
1657.260000
1659.746000
1660.973000
1662.217000
1663.460000
1665.947000
1667.174000
1668.417000
1670.904000
1672.148000
1673.375000
1675.861000
1677.105000
1678.332000
1679.575000
1680.819000
1682.062000
1683.306000
1684.532000
1685.776000
1697.414000
1698.658000
1699.901000
1701.145000
1702.372000
1703.615000
1704.859000
1707.345000
1708.572000
1709.816000
1713.546000
1716.016000
1717.260000
1718.503000
1719.747000
1720.974000
1722.217000
1727.174000
1729.661000
1732.148000
1733.375000
1734.618000
1737.105000
1738.332000
1739.575000
1740.819000
1742.062000
1743.306000
1745.776000
