311.909000
313.153000
314.380000
315.623000
316.866000
318.110000
319.353000
320.580000
321.824000
323.067000
324.310000
325.554000
326.781000
329.268000
330.511000
332.981000
334.225000
335.468000
336.712000
337.955000
339.182000
340.425000
341.669000
342.912000
344.156000
345.383000
346.626000
347.870000
349.113000
350.340000
351.583000
352.827000
354.070000
355.314000
356.540000
357.784000
369.422000
370.666000
371.909000
373.153000
374.380000
375.623000
376.867000
378.110000
379.353000
380.580000
381.824000
383.067000
384.311000
385.554000
386.781000
388.024000
390.511000
391.755000
392.982000
394.225000
395.468000
396.712000
397.955000
399.182000
400.426000
402.912000
404.156000
405.383000
406.626000
407.870000
409.113000
410.340000
411.583000
412.827000
414.070000
415.314000
416.541000
417.784000
429.423000
430.666000
431.909000
433.153000
434.380000
438.110000
439.354000
440.580000
441.824000
443.067000
444.311000
445.554000
448.024000
449.268000
450.511000
451.755000
452.982000
454.225000
455.469000
456.712000
457.955000
459.182000
460.426000
461.669000
462.913000
464.156000
465.383000
467.870000
469.113000
470.340000
471.584000
472.827000
474.070000
475.314000
476.541000
477.784000
489.423000
490.666000
491.910000
493.153000
494.380000
495.623000
496.867000
498.110000
499.354000
500.581000
501.824000
503.067000
504.311000
505.554000
506.781000
508.025000
510.511000
511.755000
512.982000
514.225000
515.469000
517.956000
519.182000
520.426000
521.669000
522.913000
524.140000
525.383000
526.626000
529.113000
530.340000
531.584000
532.827000
534.071000
535.314000
536.541000
537.784000
549.423000
550.666000
553.153000
554.380000
555.623000
556.867000
558.110000
560.581000
563.068000
564.311000
566.781000
568.025000
569.268000
570.512000
571.755000
572.982000
574.225000
575.469000
576.712000
577.956000
579.183000
580.426000
581.669000
584.140000
585.383000
586.627000
587.870000
590.340000
591.584000
592.827000
594.071000
595.314000
596.541000
597.784000
609.423000
610.666000
611.893000
613.137000
614.380000
615.624000
616.867000
618.094000
619.337000
620.581000
623.068000
624.295000
625.538000
628.025000
629.252000
630.495000
632.982000
634.226000
635.452000
637.939000
639.183000
640.426000
641.653000
642.896000
644.140000
646.627000
647.854000
649.097000
650.340000
652.827000
654.054000
655.298000
657.785000
670.667000
671.893000
673.137000
674.380000
675.624000
676.867000
678.094000
679.338000
680.581000
681.824000
683.068000
684.295000
685.538000
688.025000
690.495000
692.982000
694.226000
695.453000
696.696000
697.939000
699.183000
701.653000
704.140000
705.383000
706.627000
707.854000
709.097000
710.341000
711.584000
712.828000
714.054000
715.298000
717.785000
729.423000
733.137000
734.380000
736.867000
738.094000
740.581000
741.825000
743.068000
744.295000
745.538000
746.782000
748.025000
749.252000
750.495000
751.739000
752.982000
754.226000
755.453000
757.940000
759.183000
761.653000
762.897000
764.140000
765.384000
766.627000
767.854000
769.097000
770.341000
771.584000
772.828000
774.054000
775.298000
776.541000
777.785000
789.423000
791.894000
793.137000
794.381000
795.624000
798.094000
800.581000
801.825000
803.052000
804.295000
805.538000
806.782000
808.025000
809.252000
810.496000
811.739000
812.982000
814.226000
815.453000
817.940000
819.183000
820.427000
821.653000
822.897000
824.140000
826.627000
827.854000
829.097000
830.341000
831.584000
832.828000
834.055000
835.298000
836.542000
837.785000
849.424000
853.137000
854.381000
855.624000
858.094000
859.338000
860.581000
861.825000
863.052000
864.295000
865.539000
868.025000
869.252000
870.496000
871.739000
872.983000
874.226000
875.453000
877.940000
879.183000
880.427000
885.384000
886.627000
887.854000
890.341000
891.584000
892.828000
894.055000
895.298000
896.542000
897.785000
910.667000
911.894000
913.137000
915.624000
918.095000
919.338000
920.581000
921.825000
923.052000
924.295000
925.539000
926.782000
928.026000
929.252000
930.496000
931.739000
932.983000
934.226000
935.453000
936.696000
937.940000
939.183000
940.427000
941.654000
944.141000
945.384000
946.627000
947.854000
949.098000
950.341000
952.828000
954.055000
955.298000
956.542000
957.785000
969.424000
971.894000
973.138000
974.381000
975.624000
978.095000
979.338000
980.582000
981.825000
983.052000
985.539000
986.782000
988.026000
989.253000
990.496000
991.739000
992.983000
994.226000
995.453000
996.697000
997.940000
999.183000
1002.897000
1004.141000
1005.384000
1006.628000
1007.854000
1009.098000
1010.341000
1011.585000
1012.812000
1014.055000
1015.298000
1016.542000
1017.785000
