312.523000
316.253000
318.723000
321.210000
322.454000
326.167000
327.411000
328.654000
331.125000
332.368000
334.855000
336.082000
339.812000
341.055000
342.282000
343.526000
344.769000
346.013000
347.239000
349.726000
350.970000
352.213000
353.440000
354.684000
355.927000
358.414000
373.766000
376.253000
377.480000
378.723000
379.967000
381.210000
382.454000
383.681000
384.924000
386.167000
387.411000
392.368000
393.612000
394.855000
396.082000
397.325000
398.569000
401.056000
402.282000
403.526000
404.769000
408.483000
409.727000
412.213000
413.440000
414.684000
415.927000
417.171000
418.414000
431.296000
432.523000
433.766000
435.010000
436.253000
437.480000
438.724000
443.681000
444.924000
446.168000
447.411000
448.654000
449.881000
451.125000
452.368000
457.325000
459.812000
461.056000
462.283000
463.526000
464.769000
466.013000
467.240000
468.483000
470.970000
472.214000
475.927000
477.171000
478.414000
491.280000
496.253000
497.480000
503.681000
506.168000
507.411000
509.881000
511.125000
513.612000
517.326000
521.056000
522.283000
523.526000
524.770000
526.013000
527.240000
530.970000
533.441000
534.684000
537.171000
550.053000
551.280000
552.523000
555.010000
557.480000
559.967000
561.211000
563.681000
564.924000
568.655000
571.125000
572.368000
574.855000
579.813000
581.056000
584.770000
587.240000
588.484000
589.727000
590.970000
592.214000
593.441000
594.684000
595.928000
597.171000
598.414000
610.036000
612.523000
614.994000
616.237000
617.481000
618.724000
619.967000
621.194000
623.681000
624.925000
627.395000
628.638000
629.882000
631.125000
632.352000
634.839000
637.326000
638.553000
639.796000
641.040000
647.240000
649.727000
650.954000
653.441000
654.684000
655.928000
657.155000
658.398000
670.037000
672.523000
673.767000
676.237000
677.481000
681.194000
682.438000
684.925000
686.152000
687.395000
689.882000
692.352000
693.596000
694.839000
697.326000
699.796000
701.040000
703.527000
704.753000
705.997000
707.240000
708.484000
709.727000
712.198000
713.441000
717.155000
718.398000
731.280000
732.524000
733.767000
736.237000
737.481000
739.968000
741.195000
742.438000
743.681000
748.639000
749.882000
751.125000
753.596000
756.083000
757.326000
758.553000
759.796000
761.040000
763.527000
765.997000
767.240000
768.484000
769.727000
770.954000
772.198000
773.441000
774.685000
775.928000
777.155000
792.524000
793.767000
794.994000
796.237000
801.195000
802.438000
803.682000
804.925000
806.152000
807.395000
808.639000
809.882000
812.352000
816.083000
817.326000
818.553000
821.040000
822.283000
824.754000
827.241000
828.484000
830.954000
832.198000
834.685000
835.912000
837.155000
838.398000
853.767000
854.994000
856.238000
858.725000
862.438000
863.682000
864.925000
866.152000
867.395000
868.639000
869.882000
871.126000
872.353000
873.596000
874.839000
878.553000
879.797000
881.040000
888.484000
889.728000
890.954000
892.198000
893.441000
895.912000
897.155000
910.037000
912.524000
913.767000
917.481000
918.725000
919.968000
921.195000
923.682000
924.925000
926.152000
927.396000
931.126000
932.353000
934.840000
936.083000
937.326000
939.797000
941.040000
943.527000
944.754000
945.997000
947.241000
949.728000
950.955000
953.441000
955.912000
957.155000
958.399000
972.524000
973.768000
974.994000
976.238000
977.481000
978.725000
981.195000
982.439000
983.682000
984.925000
986.152000
987.396000
992.353000
993.596000
996.083000
998.553000
1001.040000
1002.284000
1003.527000
1004.754000
1005.998000
1007.241000
1008.484000
1009.728000
1010.955000
1013.442000
1014.685000
1015.912000
1017.155000
1018.399000
