1768.527000
1774.727000
1775.971000
1782.171000
1785.885000
1790.842000
1792.086000
1793.329000
1798.286000
1809.444000
1810.688000
1814.401000
1834.728000
1839.685000
1843.415000
1850.842000
1855.800000
1859.530000
1865.731000
1868.201000
1869.444000
1871.931000
1874.402000
1887.284000
1893.484000
1900.928000
1910.843000
1915.800000
1924.487000
1926.974000
1933.175000
1946.040000
1953.484000
1955.971000
1957.215000
1959.685000
1963.415000
1972.086000
1978.287000
2007.284000
2015.971000
2017.215000
2018.442000
2019.685000
2022.172000
2040.774000
2045.731000
2049.445000
2050.688000
2075.955000
2077.198000
2085.886000
2100.757000
2113.159000
2150.843000
2158.287000
2159.514000
2166.958000
2169.445000
2170.688000
2188.528000
2209.600000
2218.287000
2220.758000
2225.715000
2249.755000
2250.998000
2254.728000
2262.156000
2274.557000
2289.445000
2306.041000
2314.729000
2317.199000
2318.442000
2328.357000
2332.087000
2333.314000
2337.044000
2374.729000
2385.887000
2394.557000
2406.959000
2411.916000
2426.041000
2432.242000
2444.643000
2449.600000
2452.087000
2466.959000
