1039.286000
1040.530000
1044.244000
1045.487000
1046.730000
1047.974000
1050.444000
1052.931000
1054.175000
1055.401000
1057.888000
1059.132000
1060.375000
1061.602000
1062.845000
1065.332000
1066.576000
1067.803000
1069.046000
1070.290000
1071.533000
1072.760000
1074.003000
1075.247000
1076.490000
1078.960000
1083.934000
1086.405000
1098.043000
1099.287000
1100.530000
1104.244000
1105.487000
1106.731000
1107.974000
1109.201000
1111.688000
1112.931000
1114.175000
1115.402000
1116.645000
1117.888000
1119.132000
1120.375000
1122.846000
1125.332000
1127.803000
1129.046000
1130.290000
1131.533000
1135.247000
1138.961000
1141.447000
1142.691000
1143.934000
1145.161000
1146.405000
1160.530000
1161.774000
1163.000000
1164.244000
1165.487000
1166.731000
1167.974000
1169.201000
1170.445000
1171.688000
1172.931000
1174.175000
1175.402000
1176.645000
1177.889000
1179.132000
1180.375000
1181.602000
1182.846000
1184.089000
1186.559000
1187.803000
1189.046000
1190.290000
1191.533000
1194.004000
1195.247000
1196.490000
1198.961000
1200.204000
1201.448000
1202.691000
1203.934000
1218.043000
1220.530000
1225.487000
1226.731000
1227.974000
1229.201000
1230.445000
1231.688000
1232.932000
1235.402000
1236.645000
1239.132000
1240.376000
1242.846000
1244.089000
1245.333000
1247.803000
1249.047000
1251.533000
1252.760000
1256.491000
1257.734000
1258.961000
1260.204000
1262.691000
1263.935000
1266.405000
1278.044000
1283.001000
1284.244000
1285.488000
1289.201000
1290.445000
1291.688000
1294.175000
1296.645000
1297.889000
1299.132000
1300.376000
1301.603000
1302.846000
1305.333000
1306.560000
1307.803000
1309.047000
1315.247000
1316.491000
1317.734000
1318.961000
1320.204000
1321.448000
1322.691000
1323.935000
1325.162000
1326.405000
1338.044000
1339.287000
1340.531000
1341.774000
1345.488000
1351.688000
1352.932000
1355.402000
1357.889000
1360.376000
1364.090000
1365.333000
1367.803000
1370.290000
1372.761000
1374.004000
1376.491000
1377.734000
1378.961000
1380.205000
1383.935000
1385.162000
1386.405000
1398.044000
1399.287000
1400.514000
1403.001000
1404.244000
1405.488000
1406.715000
1407.958000
1410.445000
1412.915000
1414.159000
1416.646000
1417.873000
1419.116000
1422.846000
1425.317000
1430.274000
1431.517000
1435.248000
1437.718000
1438.961000
1442.675000
1443.918000
1445.162000
1458.044000
1460.514000
1461.758000
1463.001000
1464.245000
1465.488000
1466.715000
1467.958000
1469.202000
1471.672000
1476.646000
1480.360000
1481.603000
1484.073000
1485.317000
1486.560000
1487.804000
1490.274000
1492.761000
1498.961000
1500.205000
1502.675000
1503.919000
1505.162000
1506.406000
1519.288000
1520.514000
1521.758000
1523.001000
1525.472000
1526.715000
1527.958000
1530.445000
1534.159000
1536.646000
1537.873000
1539.116000
1541.603000
1542.847000
1544.073000
1545.317000
1549.047000
1550.274000
1556.475000
1557.718000
1558.962000
1560.205000
1561.432000
1562.675000
1566.406000
1578.044000
1579.288000
1581.758000
1583.001000
1585.472000
1589.202000
1591.672000
1594.159000
1596.646000
1599.116000
1600.360000
1602.847000
1604.074000
1606.560000
1607.804000
1609.047000
1610.274000
1614.004000
1615.248000
1616.475000
1617.718000
1618.962000
1620.205000
1622.675000
1623.919000
1625.162000
1626.406000
1638.044000
1640.515000
1641.758000
1643.002000
1644.245000
1646.715000
1647.959000
1650.446000
1652.916000
1654.159000
1655.403000
1659.116000
1661.603000
1662.847000
1665.317000
1666.561000
1667.804000
1669.047000
1670.274000
1671.518000
1677.718000
1678.962000
1680.205000
1681.432000
1682.676000
1686.406000
1698.044000
1699.288000
1700.515000
1701.758000
1704.245000
1705.472000
1706.715000
1707.959000
1709.202000
1711.673000
1715.403000
1717.873000
1721.604000
1724.074000
1727.804000
1730.274000
1731.518000
1732.761000
1734.005000
1738.962000
1740.205000
1742.676000
1743.919000
1745.163000
