311.909000
312.523000
313.153000
313.766000
314.380000
315.010000
315.623000
316.253000
316.866000
317.480000
318.110000
318.723000
319.353000
319.967000
320.580000
321.210000
321.824000
322.454000
323.067000
324.310000
324.924000
325.554000
326.167000
326.781000
327.411000
328.654000
329.268000
329.881000
330.511000
331.125000
332.368000
332.981000
334.225000
334.855000
335.468000
336.082000
336.712000
337.325000
337.955000
338.569000
339.182000
339.812000
340.425000
341.055000
341.669000
342.282000
342.912000
343.526000
344.156000
344.769000
345.383000
346.013000
346.626000
347.239000
347.870000
348.483000
349.113000
349.726000
350.340000
350.970000
351.583000
352.213000
352.827000
353.440000
354.070000
354.684000
355.314000
355.927000
356.540000
357.170000
357.784000
358.414000
369.422000
370.666000
371.909000
372.523000
373.153000
373.766000
374.380000
375.010000
375.623000
376.253000
376.867000
377.480000
378.110000
378.723000
379.353000
379.967000
380.580000
381.210000
381.824000
382.454000
383.067000
383.681000
384.311000
384.924000
385.554000
386.167000
386.781000
387.411000
388.024000
388.654000
390.511000
391.755000
392.368000
392.982000
393.612000
394.225000
394.855000
395.468000
396.082000
396.712000
397.325000
397.955000
398.569000
399.182000
399.812000
400.426000
401.056000
402.282000
402.912000
403.526000
404.156000
404.769000
405.383000
406.626000
407.240000
407.870000
408.483000
409.113000
409.727000
410.340000
411.583000
412.213000
412.827000
413.440000
414.070000
414.684000
415.314000
415.927000
416.541000
417.171000
417.784000
418.414000
429.423000
430.666000
431.296000
431.909000
432.523000
433.153000
433.766000
434.380000
435.010000
436.253000
437.480000
438.110000
438.724000
439.354000
439.967000
440.580000
441.210000
441.824000
442.454000
443.067000
443.681000
444.311000
444.924000
445.554000
446.168000
446.168000
447.411000
448.024000
448.654000
449.268000
449.881000
450.511000
451.125000
451.125000
451.755000
452.368000
452.982000
454.225000
454.855000
455.469000
456.082000
456.712000
457.325000
457.955000
458.569000
459.182000
459.812000
460.426000
461.056000
461.669000
462.283000
462.913000
463.526000
464.156000
464.769000
465.383000
466.013000
467.240000
467.870000
468.483000
469.113000
469.727000
470.340000
470.970000
471.584000
472.214000
472.827000
474.070000
475.314000
475.927000
476.541000
477.171000
477.784000
478.414000
489.423000
490.666000
491.280000
491.910000
492.523000
493.153000
493.766000
494.380000
495.010000
495.623000
496.253000
496.867000
497.480000
498.110000
498.724000
499.354000
500.581000
501.211000
501.824000
502.454000
503.067000
503.681000
504.311000
505.554000
506.168000
506.781000
507.411000
508.025000
508.655000
509.881000
510.511000
511.125000
511.755000
512.368000
512.982000
513.612000
514.225000
514.855000
515.469000
517.326000
517.956000
519.182000
519.812000
520.426000
521.056000
521.669000
522.283000
522.913000
523.526000
524.140000
524.770000
525.383000
526.013000
526.626000
527.240000
529.113000
529.727000
530.340000
530.970000
531.584000
532.827000
533.441000
534.071000
534.684000
535.314000
536.541000
537.171000
537.784000
549.423000
550.053000
550.666000
551.280000
551.280000
552.523000
553.153000
554.380000
555.010000
555.623000
556.254000
556.867000
557.480000
558.110000
558.724000
559.967000
560.581000
561.211000
562.454000
563.068000
563.681000
564.311000
564.924000
566.168000
566.781000
567.411000
568.025000
568.655000
569.268000
569.882000
570.512000
571.125000
571.755000
572.368000
572.982000
574.225000
574.855000
575.469000
576.082000
576.712000
577.326000
577.956000
579.183000
579.813000
580.426000
581.056000
581.669000
582.283000
583.526000
584.140000
584.770000
585.383000
586.627000
587.240000
587.870000
588.484000
589.727000
590.340000
590.970000
591.584000
592.214000
592.827000
593.441000
594.071000
594.684000
595.314000
595.928000
596.541000
597.171000
597.784000
598.414000
609.423000
610.036000
610.666000
611.893000
612.523000
613.137000
613.767000
614.380000
614.994000
615.624000
616.237000
616.867000
617.481000
618.094000
618.724000
619.337000
619.967000
620.581000
621.194000
622.438000
623.068000
623.681000
624.295000
624.925000
625.538000
626.168000
627.395000
628.025000
628.638000
629.252000
629.882000
630.495000
631.125000
632.352000
632.982000
634.226000
634.839000
635.452000
637.326000
637.939000
638.553000
639.183000
639.796000
640.426000
641.040000
641.653000
642.283000
642.896000
644.140000
646.627000
647.240000
647.854000
649.097000
649.727000
650.340000
650.954000
652.197000
652.827000
653.441000
654.054000
654.684000
655.298000
655.928000
657.155000
657.785000
658.398000
670.037000
670.667000
671.893000
672.523000
673.137000
673.767000
674.380000
674.994000
675.624000
676.237000
676.867000
677.481000
678.094000
678.724000
679.338000
679.968000
680.581000
681.194000
681.824000
682.438000
683.068000
683.681000
684.295000
684.925000
685.538000
686.152000
687.395000
688.025000
689.882000
690.495000
692.352000
692.982000
693.596000
694.226000
694.839000
695.453000
696.696000
697.326000
697.939000
698.553000
699.183000
699.796000
701.040000
701.653000
702.283000
703.527000
704.140000
704.753000
705.383000
705.997000
706.627000
707.240000
707.854000
708.484000
709.097000
709.727000
710.341000
711.584000
712.198000
712.828000
713.441000
714.054000
714.684000
715.298000
717.155000
717.785000
718.398000
729.423000
730.037000
731.280000
731.280000
732.524000
733.137000
733.767000
734.380000
734.994000
736.237000
736.867000
737.481000
738.094000
738.724000
739.968000
740.581000
741.195000
741.825000
742.438000
743.068000
743.681000
744.295000
745.538000
746.152000
746.782000
747.395000
748.025000
748.639000
749.252000
749.882000
750.495000
751.125000
751.739000
752.352000
752.982000
753.596000
754.226000
754.839000
755.453000
756.083000
757.326000
757.940000
758.553000
759.183000
759.796000
761.040000
761.653000
762.283000
762.897000
763.527000
764.140000
765.384000
765.997000
766.627000
767.240000
767.854000
768.484000
769.097000
769.727000
770.341000
770.954000
771.584000
772.198000
772.828000
773.441000
774.054000
774.685000
775.298000
775.928000
776.541000
777.155000
777.785000
789.423000
791.280000
791.894000
792.524000
793.137000
793.767000
794.381000
794.994000
795.624000
796.237000
798.094000
798.724000
800.581000
801.195000
801.825000
802.438000
803.052000
803.682000
804.295000
804.925000
805.538000
806.152000
806.782000
807.395000
808.025000
808.639000
809.252000
809.882000
810.496000
811.126000
811.739000
812.352000
812.982000
814.226000
814.839000
815.453000
816.083000
817.326000
817.940000
818.553000
819.183000
819.797000
820.427000
821.040000
821.653000
822.283000
822.897000
823.527000
824.140000
824.754000
825.997000
826.627000
827.241000
827.854000
828.484000
829.097000
830.341000
830.954000
831.584000
832.198000
832.828000
833.441000
834.055000
834.685000
835.298000
835.912000
835.912000
836.542000
837.155000
837.785000
838.398000
849.424000
850.037000
851.280000
852.524000
853.137000
853.767000
854.381000
854.994000
855.624000
856.238000
857.481000
858.094000
858.725000
859.338000
860.581000
861.195000
861.825000
862.438000
863.052000
863.682000
864.295000
864.925000
865.539000
866.152000
866.152000
867.395000
868.025000
868.639000
869.252000
869.882000
870.496000
871.126000
871.739000
872.353000
872.983000
873.596000
874.226000
874.839000
875.453000
877.326000
877.940000
878.553000
879.183000
879.797000
880.427000
881.040000
884.754000
885.384000
885.997000
886.627000
887.241000
887.854000
888.484000
889.728000
890.341000
890.954000
891.584000
892.198000
892.828000
893.441000
894.055000
894.685000
895.298000
895.912000
896.542000
897.155000
897.785000
898.399000
910.037000
910.667000
911.894000
912.524000
913.137000
913.767000
915.624000
916.238000
917.481000
918.095000
918.725000
919.338000
919.968000
920.581000
921.195000
921.825000
922.438000
923.052000
923.682000
924.295000
924.925000
925.539000
926.152000
926.782000
927.396000
928.026000
928.639000
929.252000
929.882000
930.496000
931.126000
931.739000
932.353000
932.983000
933.596000
934.226000
934.840000
935.453000
936.083000
936.696000
937.326000
937.940000
939.183000
939.797000
940.427000
941.040000
941.654000
942.284000
943.527000
944.141000
944.754000
945.384000
945.997000
946.627000
947.241000
947.854000
949.098000
949.728000
950.341000
950.955000
952.828000
953.441000
954.055000
955.298000
955.912000
956.542000
957.155000
957.785000
958.399000
969.424000
970.037000
971.894000
972.524000
973.138000
973.768000
974.381000
974.994000
975.624000
976.238000
977.481000
978.095000
978.725000
979.338000
980.582000
981.195000
981.825000
982.439000
983.052000
983.682000
984.925000
985.539000
986.152000
986.782000
987.396000
988.026000
988.639000
989.253000
989.883000
990.496000
991.126000
991.739000
992.353000
992.983000
993.596000
994.226000
995.453000
996.083000
996.697000
997.940000
998.553000
999.183000
1001.040000
1002.284000
1002.897000
1003.527000
1004.141000
1004.754000
1005.384000
1005.998000
1006.628000
1007.241000
1007.854000
1008.484000
1009.098000
1009.728000
1010.341000
1010.955000
1011.585000
1012.198000
1012.812000
1013.442000
1014.055000
1014.685000
1015.298000
1015.912000
1016.542000
1017.155000
1017.785000
1018.399000
