310.666000
311.296000
311.909000
312.522000
313.152000
313.766000
314.379000
315.009000
315.623000
316.253000
316.866000
317.480000
318.110000
318.723000
319.353000
319.966000
320.580000
321.210000
321.823000
322.453000
323.067000
323.680000
324.310000
324.924000
325.554000
326.167000
326.781000
327.411000
328.024000
328.654000
329.267000
329.881000
330.511000
331.124000
331.754000
332.368000
332.981000
333.611000
334.225000
334.855000
335.468000
336.081000
336.711000
337.325000
337.955000
338.568000
339.182000
339.812000
340.425000
341.055000
341.669000
342.282000
342.912000
343.526000
344.156000
344.769000
345.382000
346.012000
346.626000
347.256000
347.869000
348.483000
349.113000
349.726000
350.340000
351.583000
352.213000
352.826000
353.440000
354.070000
354.683000
355.313000
355.927000
356.540000
357.784000
358.414000
370.052000
370.666000
371.296000
372.523000
373.153000
373.766000
374.396000
375.009000
375.623000
376.253000
376.866000
378.110000
378.723000
379.353000
379.967000
380.580000
381.210000
381.823000
382.453000
383.067000
383.680000
384.310000
384.924000
385.554000
386.781000
387.411000
388.024000
388.654000
389.268000
389.881000
390.511000
391.124000
391.754000
392.368000
392.981000
393.611000
394.225000
394.855000
395.468000
396.082000
396.712000
397.955000
398.568000
399.182000
399.812000
400.425000
401.055000
401.669000
402.282000
402.912000
403.526000
404.156000
404.769000
405.383000
406.013000
406.626000
407.256000
407.869000
408.483000
409.113000
409.726000
410.340000
410.970000
411.583000
412.213000
412.827000
413.440000
414.070000
414.683000
415.313000
415.927000
416.540000
417.170000
417.784000
418.414000
429.422000
430.052000
430.666000
431.296000
431.909000
432.523000
433.153000
433.766000
434.380000
435.010000
435.623000
436.253000
436.866000
437.480000
438.723000
439.353000
439.967000
440.580000
441.210000
441.824000
442.454000
443.067000
443.680000
444.310000
444.924000
445.554000
446.167000
446.781000
447.411000
448.024000
448.654000
449.268000
449.881000
450.511000
451.125000
451.755000
452.368000
452.981000
453.611000
454.225000
454.855000
455.468000
456.082000
456.712000
457.325000
457.955000
458.569000
459.182000
459.812000
460.425000
461.055000
461.669000
462.282000
462.912000
464.156000
464.769000
465.383000
466.013000
466.626000
467.240000
467.870000
468.483000
469.113000
470.970000
471.583000
472.213000
472.827000
473.440000
474.070000
474.684000
475.314000
475.927000
476.540000
477.170000
477.784000
478.414000
489.423000
490.053000
490.666000
491.296000
491.909000
492.523000
493.153000
493.766000
494.380000
495.010000
495.623000
496.253000
496.867000
497.480000
498.110000
498.723000
499.353000
499.967000
500.580000
501.210000
501.824000
502.454000
503.067000
503.681000
504.311000
504.924000
505.554000
506.167000
506.781000
507.411000
508.024000
508.654000
509.268000
509.881000
510.511000
511.125000
511.755000
512.368000
512.982000
513.612000
514.855000
515.468000
516.082000
516.712000
517.325000
517.955000
518.569000
519.182000
519.812000
520.426000
521.056000
521.669000
522.912000
523.526000
524.156000
524.769000
525.383000
526.013000
526.626000
527.240000
527.870000
528.483000
529.113000
529.727000
530.340000
530.970000
531.583000
532.213000
532.827000
533.440000
534.684000
535.314000
535.927000
536.541000
537.171000
537.784000
538.414000
549.423000
550.053000
550.666000
551.280000
551.910000
553.153000
556.253000
556.867000
557.480000
558.110000
558.724000
559.354000
560.580000
561.210000
561.824000
562.454000
563.067000
563.681000
564.311000
564.924000
565.554000
567.411000
568.025000
568.655000
569.268000
569.881000
570.511000
571.125000
571.755000
572.368000
572.982000
573.612000
574.225000
575.469000
576.082000
576.712000
577.325000
577.955000
578.569000
579.182000
579.812000
580.426000
581.056000
581.669000
582.283000
582.913000
583.526000
584.139000
584.769000
585.383000
586.013000
586.626000
587.240000
587.870000
588.483000
589.113000
589.727000
590.340000
590.970000
591.584000
592.214000
592.827000
593.440000
594.070000
594.684000
595.314000
595.927000
596.541000
597.171000
597.784000
598.414000
609.423000
610.053000
610.666000
611.280000
611.910000
612.523000
613.153000
613.767000
614.380000
615.010000
615.623000
616.253000
616.867000
617.480000
618.110000
618.724000
619.354000
620.581000
621.211000
621.824000
622.454000
623.067000
623.681000
624.311000
624.924000
625.554000
626.168000
626.781000
627.411000
628.655000
629.268000
629.882000
630.512000
631.755000
632.368000
632.982000
633.612000
634.225000
634.855000
635.469000
636.082000
636.712000
637.326000
637.956000
638.569000
639.182000
639.812000
640.426000
641.056000
641.669000
642.283000
642.913000
643.526000
644.140000
644.770000
645.383000
646.013000
646.627000
647.240000
647.870000
648.483000
649.113000
649.727000
650.340000
650.970000
651.584000
652.214000
652.827000
653.441000
654.071000
654.684000
655.314000
655.927000
656.541000
657.171000
658.414000
669.423000
670.053000
670.666000
671.280000
671.910000
672.523000
673.153000
673.767000
674.380000
675.010000
675.624000
676.254000
676.867000
678.110000
678.724000
679.354000
679.967000
680.581000
681.211000
681.824000
683.068000
683.681000
684.311000
685.554000
686.168000
686.781000
687.411000
688.025000
688.655000
689.268000
689.882000
690.512000
691.125000
691.755000
692.369000
692.982000
693.612000
694.225000
694.855000
695.469000
696.082000
696.712000
697.326000
697.939000
698.569000
699.183000
699.813000
700.426000
701.056000
701.669000
702.913000
703.526000
704.140000
704.770000
705.383000
706.013000
706.627000
707.240000
707.870000
708.484000
709.727000
710.340000
710.970000
711.584000
712.214000
712.827000
713.441000
714.071000
714.684000
715.314000
715.928000
716.541000
717.171000
717.784000
718.414000
730.053000
730.666000
731.280000
731.910000
732.523000
733.153000
733.767000
734.380000
735.624000
736.254000
736.867000
738.111000
738.724000
739.354000
739.967000
740.581000
741.824000
742.454000
743.068000
743.681000
745.555000
746.781000
747.411000
748.025000
748.655000
749.268000
749.882000
750.512000
751.125000
751.755000
752.369000
752.982000
753.612000
754.226000
754.856000
755.469000
756.082000
756.712000
757.326000
757.956000
758.569000
759.183000
759.813000
760.426000
761.040000
761.670000
762.283000
762.913000
763.526000
764.770000
765.383000
766.013000
766.627000
767.240000
767.870000
768.484000
769.114000
769.727000
770.341000
770.971000
771.584000
772.214000
772.827000
773.441000
774.071000
774.684000
775.314000
775.928000
776.541000
777.171000
777.785000
778.415000
789.423000
790.053000
790.667000
791.280000
791.910000
792.523000
793.153000
793.767000
794.380000
795.010000
795.624000
796.254000
796.867000
797.481000
798.111000
799.354000
799.968000
800.581000
801.211000
801.824000
802.454000
803.068000
803.681000
804.311000
804.925000
805.555000
806.168000
806.782000
807.412000
808.025000
808.655000
809.268000
810.512000
811.755000
812.369000
812.982000
813.612000
814.226000
814.856000
815.469000
816.083000
816.713000
817.326000
817.956000
818.569000
819.183000
819.813000
820.426000
821.040000
821.670000
822.283000
822.913000
823.527000
824.140000
824.770000
825.383000
826.013000
826.627000
827.240000
827.870000
828.484000
829.114000
829.727000
830.341000
830.971000
831.584000
832.214000
832.828000
833.441000
834.071000
834.684000
835.314000
835.928000
836.541000
837.171000
837.785000
838.415000
849.423000
850.037000
850.667000
851.280000
851.894000
852.524000
853.137000
854.380000
854.994000
856.237000
856.867000
857.481000
858.094000
858.724000
859.338000
860.581000
861.195000
861.825000
863.068000
863.681000
864.295000
864.925000
865.538000
866.152000
866.782000
867.395000
868.025000
868.639000
869.252000
869.882000
870.495000
871.125000
871.739000
872.352000
872.982000
873.596000
874.226000
874.839000
875.453000
876.083000
877.326000
877.940000
878.553000
879.183000
879.796000
880.426000
881.040000
881.653000
882.283000
882.897000
883.527000
884.754000
885.384000
885.997000
886.627000
887.240000
887.854000
888.484000
889.097000
889.727000
890.341000
890.954000
891.584000
892.198000
892.828000
893.441000
894.055000
894.685000
895.298000
895.928000
896.541000
897.155000
898.398000
909.423000
910.037000
910.667000
911.280000
911.894000
912.524000
913.137000
914.381000
914.994000
915.624000
916.237000
916.868000
917.481000
918.094000
919.338000
919.968000
920.581000
921.195000
921.825000
922.438000
923.052000
923.682000
924.295000
924.925000
925.538000
926.152000
926.782000
927.395000
928.025000
928.639000
929.252000
929.882000
930.496000
931.126000
931.739000
932.352000
932.982000
933.596000
934.839000
935.453000
936.083000
936.696000
937.326000
937.940000
938.553000
939.183000
939.797000
940.427000
941.040000
941.653000
942.283000
942.897000
943.527000
944.140000
944.754000
945.384000
945.997000
946.627000
947.241000
947.854000
948.484000
949.097000
949.727000
950.341000
950.954000
951.584000
952.198000
952.828000
953.441000
954.055000
954.685000
955.912000
956.542000
957.155000
958.398000
970.037000
970.667000
971.280000
971.894000
972.524000
973.137000
973.767000
974.381000
974.994000
975.624000
976.238000
976.868000
977.481000
978.094000
978.725000
979.338000
980.581000
981.195000
981.825000
982.438000
983.052000
983.682000
984.295000
984.925000
985.539000
986.152000
986.782000
987.395000
988.025000
988.639000
989.252000
989.882000
990.496000
991.126000
991.739000
992.353000
992.983000
993.596000
994.226000
994.840000
995.453000
996.083000
996.696000
997.326000
997.940000
998.553000
999.183000
999.797000
1001.654000
1002.284000
1002.897000
1003.527000
1004.140000
1004.754000
1005.997000
1006.627000
1007.241000
1007.854000
1008.484000
1009.098000
1009.728000
1010.341000
1010.954000
1011.584000
1012.198000
1012.811000
1013.441000
1014.055000
1014.685000
1016.542000
1017.155000
1017.785000
1018.399000
