1766.677000
1767.921000
1769.164000
1771.634000
1772.878000
1774.121000
1775.348000
1776.591000
1777.835000
1779.078000
1780.322000
1781.549000
1782.792000
1784.036000
1785.279000
1786.522000
1787.749000
1788.993000
1790.236000
1791.480000
1792.723000
1793.950000
1795.193000
1796.437000
1797.680000
1800.151000
1801.394000
1803.881000
1805.108000
1806.351000
1807.595000
1808.838000
1810.081000
1811.308000
1812.552000
1813.795000
1825.434000
1826.661000
1827.904000
1829.148000
1830.391000
1831.634000
1832.861000
1834.105000
1835.348000
1836.592000
1839.062000
1840.305000
1841.549000
1842.792000
1844.036000
1846.506000
1847.749000
1848.993000
1850.220000
1851.463000
1852.707000
1853.950000
1855.193000
1856.420000
1858.907000
1860.151000
1861.394000
1862.621000
1863.864000
1865.108000
1866.351000
1867.595000
1868.822000
1870.065000
1871.308000
1872.552000
1873.795000
1885.434000
1886.661000
1887.904000
1889.148000
1890.391000
1891.635000
1892.861000
1894.105000
1895.348000
1896.592000
1897.835000
1899.062000
1900.305000
1902.792000
1904.036000
1905.263000
1906.506000
1907.750000
1908.993000
1910.236000
1911.463000
1912.707000
1913.950000
1915.194000
1916.437000
1917.664000
1918.907000
1920.151000
1921.394000
1922.621000
1923.865000
1925.108000
1926.351000
1927.595000
1928.822000
1930.065000
1931.309000
1932.552000
1933.795000
1945.434000
1946.661000
1947.904000
1949.148000
1950.391000
1951.635000
1952.862000
1954.105000
1955.348000
1956.592000
1957.835000
1959.062000
1960.306000
1961.549000
1962.792000
1964.036000
1965.263000
1966.506000
1967.750000
1968.993000
1970.237000
1971.463000
1972.707000
1975.194000
1976.421000
1977.664000
1978.907000
1981.394000
1982.621000
1983.865000
1985.108000
1986.352000
1987.595000
1988.822000
1990.065000
1991.309000
1992.552000
1993.796000
2005.434000
2006.661000
2007.904000
2010.391000
2011.635000
2012.862000
2014.105000
2015.349000
2016.592000
2017.835000
2019.062000
2020.306000
2021.549000
2024.019000
2025.263000
2026.506000
2028.993000
2030.220000
2031.464000
2032.707000
2033.950000
2035.194000
2036.421000
2037.664000
2038.908000
2040.151000
2041.394000
2042.621000
2043.865000
2045.108000
2046.352000
2048.822000
2050.065000
2051.309000
2052.552000
2053.796000
2065.434000
2066.661000
2067.905000
2069.148000
2070.392000
2071.635000
2072.862000
2074.105000
2075.349000
2076.592000
2077.836000
2079.062000
2080.306000
2081.549000
2082.793000
2084.036000
2085.263000
2086.507000
2087.750000
2088.993000
2090.237000
2091.464000
2092.707000
2093.951000
2095.194000
2096.421000
2097.664000
2098.908000
2100.151000
2101.395000
2102.621000
2103.865000
2105.108000
2106.352000
2107.595000
2108.822000
2110.066000
2111.309000
2112.552000
2113.796000
2125.434000
2126.661000
2127.905000
2129.148000
2130.392000
2131.635000
2132.862000
2134.105000
2135.349000
2136.592000
2137.836000
2139.063000
2140.306000
2141.549000
2142.793000
2144.036000
2145.263000
2146.507000
2147.750000
2148.994000
2150.237000
2151.464000
2152.707000
2153.951000
2155.194000
2156.421000
2157.664000
2158.908000
2160.151000
2161.395000
2162.622000
2163.865000
2165.109000
2166.352000
2167.595000
2168.822000
2170.066000
2171.309000
2172.553000
2173.796000
2185.435000
2186.661000
2187.905000
2189.148000
2190.392000
2191.635000
2192.862000
2194.106000
2195.349000
2196.592000
2197.836000
2199.063000
2200.306000
2201.550000
2202.793000
2204.036000
2205.263000
2206.507000
2207.750000
2208.994000
2210.221000
2211.464000
2212.707000
2213.951000
2215.194000
2216.421000
2217.665000
2218.908000
2220.151000
2221.395000
2223.865000
2225.109000
2226.352000
2227.596000
2228.822000
2230.066000
2231.309000
2232.553000
2233.796000
2245.435000
2246.662000
2247.905000
2249.148000
2250.392000
2251.635000
2252.862000
2254.106000
2255.349000
2256.593000
2257.836000
2259.063000
2260.306000
2261.550000
2262.793000
2264.037000
2265.263000
2266.507000
2267.750000
2268.994000
2270.221000
2271.464000
2272.708000
2273.951000
2275.194000
2276.421000
2277.665000
2278.908000
2280.152000
2281.395000
2282.622000
2285.109000
2286.352000
2287.596000
2288.823000
2290.066000
2291.309000
2292.553000
2293.796000
2305.435000
2306.662000
2307.905000
2309.149000
2310.392000
2311.636000
2312.862000
2314.106000
2315.349000
2316.593000
2317.836000
2319.063000
2320.306000
2321.550000
2322.793000
2324.037000
2325.264000
2326.507000
2327.750000
2328.994000
2330.221000
2331.464000
2332.708000
2333.951000
2335.195000
2336.421000
2337.665000
2338.908000
2340.152000
2341.395000
2343.865000
2345.109000
2346.352000
2347.596000
2348.823000
2350.066000
2351.310000
2352.553000
2353.796000
2365.435000
2366.662000
2367.905000
2369.149000
2371.636000
2372.862000
2374.106000
2375.349000
2376.593000
2377.836000
2379.063000
2380.307000
2381.550000
2382.793000
2384.037000
2385.264000
2386.507000
2387.751000
2388.994000
2390.221000
2391.464000
2392.708000
2393.951000
2395.195000
2396.422000
2397.665000
2398.908000
2400.152000
2401.395000
2402.622000
2403.866000
2405.109000
2406.352000
2407.596000
2408.823000
2410.066000
2411.310000
2412.553000
2413.797000
2425.435000
2426.662000
2429.149000
2430.392000
2431.636000
2432.863000
2435.350000
2436.593000
2437.836000
2439.063000
2440.307000
2441.550000
2442.794000
2444.037000
2445.264000
2446.507000
2447.751000
2448.994000
2450.221000
2452.708000
2453.951000
2456.422000
2457.665000
2458.909000
2460.152000
2461.395000
2462.622000
2465.109000
2466.353000
2467.596000
2468.823000
2470.066000
2471.310000
2472.553000
2473.797000
