312.522000
313.766000
315.009000
316.253000
318.723000
321.210000
322.453000
323.680000
324.924000
326.167000
327.411000
328.654000
331.124000
334.855000
336.081000
338.568000
339.812000
341.055000
344.769000
348.483000
349.726000
352.213000
353.440000
354.683000
358.414000
371.296000
372.523000
373.766000
381.210000
387.411000
388.654000
391.124000
392.368000
393.611000
396.082000
398.568000
399.812000
402.282000
403.526000
404.769000
406.013000
407.256000
408.483000
409.726000
410.970000
412.213000
413.440000
415.927000
417.170000
418.414000
430.052000
431.296000
432.523000
433.766000
435.010000
436.253000
437.480000
438.723000
441.210000
442.454000
443.680000
444.924000
446.167000
447.411000
449.881000
451.125000
452.368000
453.611000
454.855000
456.082000
457.325000
458.569000
459.812000
462.282000
464.769000
466.013000
467.240000
468.483000
470.970000
473.440000
474.684000
478.414000
491.296000
492.523000
493.766000
495.010000
497.480000
498.723000
499.967000
502.454000
503.681000
504.924000
506.167000
508.654000
512.368000
514.855000
516.082000
517.325000
518.569000
519.812000
521.056000
523.526000
526.013000
527.240000
532.213000
533.440000
534.684000
535.927000
537.171000
538.414000
550.053000
556.253000
557.480000
561.210000
562.454000
563.681000
564.924000
568.655000
569.881000
571.125000
573.612000
576.082000
578.569000
579.812000
582.283000
583.526000
584.769000
587.240000
588.483000
592.214000
593.440000
594.684000
598.414000
610.053000
611.280000
612.523000
617.480000
621.211000
622.454000
623.681000
626.168000
628.655000
629.882000
632.368000
633.612000
634.855000
636.082000
637.326000
641.056000
642.283000
644.770000
646.013000
647.240000
648.483000
649.727000
650.970000
652.214000
653.441000
654.684000
655.927000
658.414000
671.280000
673.767000
675.010000
678.724000
681.211000
686.168000
687.411000
688.655000
689.882000
691.125000
692.369000
693.612000
694.855000
696.082000
697.326000
698.569000
699.813000
701.056000
703.526000
706.013000
707.240000
708.484000
709.727000
712.214000
714.684000
718.414000
730.053000
731.280000
732.523000
733.767000
736.254000
738.724000
739.967000
742.454000
743.681000
747.411000
748.655000
749.882000
753.612000
754.856000
756.082000
757.326000
761.040000
763.526000
766.013000
769.727000
770.971000
772.214000
777.171000
778.415000
791.280000
792.523000
793.767000
797.481000
801.211000
802.454000
803.681000
804.925000
806.168000
808.655000
812.369000
814.856000
819.813000
821.040000
822.283000
824.770000
826.013000
827.240000
829.727000
830.971000
832.214000
833.441000
835.928000
837.171000
838.415000
851.280000
852.524000
854.994000
856.237000
857.481000
861.195000
863.681000
864.925000
866.152000
867.395000
868.639000
869.882000
871.125000
873.596000
876.083000
877.326000
878.553000
879.796000
882.283000
883.527000
885.997000
887.240000
888.484000
889.727000
890.954000
893.441000
894.685000
895.928000
898.398000
910.037000
911.280000
912.524000
914.994000
916.237000
919.968000
921.195000
922.438000
924.925000
927.395000
928.639000
929.882000
931.126000
933.596000
936.083000
937.326000
938.553000
941.040000
942.283000
944.754000
945.997000
947.241000
948.484000
949.727000
954.685000
957.155000
958.398000
971.280000
972.524000
973.767000
974.994000
976.238000
977.481000
981.195000
982.438000
983.682000
984.925000
986.152000
987.395000
988.639000
991.126000
993.596000
994.840000
996.083000
997.326000
999.797000
1002.284000
1005.997000
1007.241000
1008.484000
1009.728000
1010.954000
1017.155000
1018.399000
