1768.534000
1769.777000
1772.248000
1773.491000
1779.692000
1780.935000
1782.179000
1785.892000
1787.136000
1789.623000
1790.850000
1793.336000
1794.580000
1795.823000
1798.294000
1799.537000
1800.781000
1804.494000
1805.738000
1806.981000
1808.208000
1809.451000
1810.695000
1811.938000
1813.182000
1828.534000
1831.004000
1833.491000
1834.735000
1835.962000
1838.448000
1840.935000
1842.162000
1843.406000
1844.649000
1845.893000
1847.136000
1848.363000
1850.850000
1852.093000
1854.563000
1858.294000
1860.764000
1862.008000
1863.251000
1864.494000
1866.965000
1868.208000
1870.695000
1874.409000
1886.047000
1887.291000
1888.534000
1891.005000
1892.248000
1894.735000
1895.962000
1897.205000
1898.449000
1899.692000
1900.935000
1902.162000
1903.406000
1908.363000
1910.850000
1912.093000
1914.564000
1915.807000
1918.294000
1919.521000
1920.764000
1924.495000
1925.721000
1926.965000
1930.695000
1931.922000
1933.165000
1946.048000
1947.291000
1951.005000
1953.492000
1954.735000
1957.205000
1958.449000
1959.692000
1960.936000
1962.162000
1963.406000
1964.649000
1967.136000
1968.363000
1969.607000
1972.093000
1975.807000
1977.051000
1979.521000
1984.495000
1988.208000
1989.452000
1990.695000
1991.922000
1993.166000
2006.048000
2007.291000
2008.535000
2011.005000
2013.492000
2014.735000
2017.205000
2019.692000
2023.406000
2024.650000
2025.893000
2027.120000
2029.607000
2033.320000
2038.294000
2040.764000
2042.008000
2043.251000
2045.722000
2046.965000
2049.452000
2050.695000
2051.922000
2053.166000
2054.409000
2066.048000
2071.005000
2072.248000
2073.492000
2075.962000
2077.206000
2078.449000
2080.936000
2082.163000
2083.406000
2084.650000
2085.893000
2088.363000
2090.850000
2092.094000
2095.807000
2097.051000
2098.294000
2099.521000
2100.765000
2102.008000
2103.251000
2104.495000
2105.722000
2108.209000
2109.452000
2110.696000
2111.922000
2113.166000
2126.048000
2127.291000
2128.535000
2131.005000
2132.249000
2133.492000
2135.962000
2137.206000
2140.936000
2142.163000
2143.406000
2144.650000
2145.893000
2147.137000
2149.607000
2155.808000
2157.051000
2159.521000
2160.765000
2162.008000
2163.252000
2164.495000
2165.722000
2166.965000
2168.209000
2170.696000
2171.923000
2173.166000
2174.409000
2186.048000
2187.291000
2188.535000
2189.762000
2191.005000
2192.249000
2193.492000
2194.736000
2195.962000
2198.449000
2199.693000
2200.936000
2202.163000
2203.406000
2208.364000
2209.607000
2212.094000
2215.808000
2217.051000
2218.295000
2219.521000
2220.765000
2223.252000
2225.722000
2226.966000
2229.452000
2230.696000
2231.923000
2234.410000
2246.048000
2247.292000
2248.535000
2251.005000
2254.736000
2255.963000
2257.206000
2259.693000
2260.936000
2262.163000
2263.407000
2264.650000
2265.893000
2270.851000
2272.094000
2274.564000
2275.808000
2277.051000
2279.522000
2282.008000
2283.252000
2284.495000
2285.722000
2286.966000
2288.209000
2289.453000
2290.696000
2294.410000
2306.048000
2311.005000
2312.249000
2313.492000
2315.963000
2317.206000
2318.450000
2320.936000
2322.163000
2323.407000
2324.650000
2325.894000
2327.137000
2328.364000
2329.607000
2332.094000
2334.565000
2335.808000
2337.051000
2338.295000
2340.765000
2344.495000
2345.722000
2346.966000
2348.209000
2349.453000
2366.048000
2367.292000
2368.535000
2369.762000
2372.249000
2373.492000
2378.450000
2379.693000
2380.937000
2382.163000
2383.407000
2385.894000
2389.607000
2390.851000
2392.094000
2393.321000
2394.565000
2397.052000
2398.295000
2399.522000
2400.765000
2402.009000
2403.252000
2404.496000
2405.722000
2408.209000
2410.696000
2413.167000
2414.410000
2426.049000
2428.535000
2429.762000
2431.006000
2432.249000
2433.493000
2434.736000
2437.206000
2440.937000
2443.407000
2444.650000
2447.121000
2448.364000
2449.608000
2450.851000
2452.095000
2455.808000
2458.295000
2459.522000
2463.252000
2464.496000
2468.210000
2469.453000
2474.410000
