1767.291000
1771.021000
1774.735000
1775.978000
1778.448000
1784.649000
1788.379000
1792.093000
1797.050000
1802.024000
1803.251000
1814.409000
1826.047000
1827.291000
1829.761000
1832.248000
1837.205000
1839.692000
1849.606000
1853.320000
1855.807000
1859.521000
1865.721000
1869.452000
1871.922000
1873.165000
1889.761000
1893.491000
1905.893000
1907.136000
1909.606000
1913.337000
1917.050000
1923.251000
1929.452000
1934.409000
1948.534000
1949.761000
1955.962000
1965.893000
1970.850000
1973.337000
1978.294000
1980.764000
1982.008000
1983.251000
1985.722000
1986.965000
2009.761000
2015.962000
2018.449000
2032.094000
2034.564000
2037.051000
2039.521000
2044.495000
2048.209000
2067.291000
2068.535000
2069.762000
2074.735000
2079.692000
2087.137000
2089.607000
2093.321000
2094.564000
2106.965000
2114.409000
2129.762000
2134.735000
2138.449000
2139.693000
2153.321000
2154.564000
2158.294000
2169.452000
2204.650000
2205.893000
2207.137000
2210.851000
2213.321000
2214.564000
2224.495000
2233.166000
2249.762000
2252.249000
2253.492000
2258.449000
2267.137000
2269.607000
2273.321000
2278.295000
2280.765000
2291.923000
2293.166000
2308.535000
2309.762000
2319.693000
2330.851000
2333.321000
2339.522000
2342.009000
2343.252000
2350.696000
2351.923000
2354.410000
2374.736000
2375.963000
2377.206000
2384.650000
2387.121000
2388.364000
2406.966000
2409.453000
2411.923000
2427.292000
2435.963000
2438.450000
2439.693000
2445.894000
2460.765000
2465.723000
2466.966000
2470.696000
2471.923000
2473.167000
