310.666000
311.909000
313.152000
314.379000
315.623000
316.866000
318.110000
319.353000
320.580000
321.823000
323.067000
324.310000
325.554000
326.781000
328.024000
329.267000
330.511000
331.754000
332.981000
334.225000
335.468000
336.711000
337.955000
339.182000
340.425000
341.669000
342.912000
344.156000
345.382000
346.626000
347.869000
349.113000
350.340000
351.583000
352.826000
354.070000
355.313000
356.540000
357.784000
370.666000
373.153000
374.396000
375.623000
376.866000
378.110000
379.353000
380.580000
381.823000
383.067000
384.310000
385.554000
386.781000
388.024000
389.268000
390.511000
391.754000
392.981000
394.225000
395.468000
396.712000
397.955000
399.182000
400.425000
401.669000
402.912000
404.156000
405.383000
406.626000
407.869000
409.113000
410.340000
411.583000
412.827000
414.070000
415.313000
416.540000
417.784000
429.422000
430.666000
431.909000
433.153000
434.380000
435.623000
436.866000
439.353000
440.580000
441.824000
443.067000
444.310000
445.554000
446.781000
448.024000
449.268000
450.511000
451.755000
452.981000
454.225000
455.468000
456.712000
457.955000
459.182000
460.425000
461.669000
462.912000
464.156000
465.383000
466.626000
467.870000
469.113000
471.583000
472.827000
474.070000
475.314000
476.540000
477.784000
489.423000
490.666000
491.909000
493.153000
494.380000
495.623000
496.867000
498.110000
499.353000
500.580000
501.824000
503.067000
504.311000
505.554000
506.781000
508.024000
509.268000
510.511000
511.755000
512.982000
515.468000
516.712000
517.955000
519.182000
520.426000
521.669000
522.912000
524.156000
525.383000
526.626000
527.870000
529.113000
530.340000
531.583000
532.827000
535.314000
536.541000
537.784000
549.423000
550.666000
551.910000
553.153000
556.867000
558.110000
559.354000
560.580000
561.824000
563.067000
564.311000
565.554000
568.025000
569.268000
570.511000
571.755000
572.982000
574.225000
575.469000
576.712000
577.955000
579.182000
580.426000
581.669000
582.913000
584.139000
585.383000
586.626000
587.870000
589.113000
590.340000
591.584000
592.827000
594.070000
595.314000
596.541000
597.784000
609.423000
610.666000
611.910000
613.153000
614.380000
615.623000
616.867000
618.110000
619.354000
620.581000
621.824000
623.067000
624.311000
625.554000
626.781000
629.268000
630.512000
631.755000
632.982000
634.225000
635.469000
636.712000
637.956000
639.182000
640.426000
641.669000
642.913000
644.140000
645.383000
646.627000
647.870000
649.113000
650.340000
651.584000
652.827000
654.071000
655.314000
656.541000
669.423000
670.666000
671.910000
673.153000
674.380000
675.624000
676.867000
678.110000
679.354000
680.581000
681.824000
683.068000
684.311000
685.554000
686.781000
688.025000
689.268000
690.512000
691.755000
692.982000
694.225000
695.469000
696.712000
697.939000
699.183000
700.426000
701.669000
702.913000
704.140000
705.383000
706.627000
707.870000
710.340000
711.584000
712.827000
714.071000
715.314000
716.541000
717.784000
730.666000
731.910000
733.153000
734.380000
735.624000
736.867000
738.111000
739.354000
740.581000
741.824000
743.068000
745.555000
746.781000
748.025000
749.268000
750.512000
751.755000
752.982000
754.226000
755.469000
756.712000
757.956000
759.183000
760.426000
761.670000
762.913000
765.383000
766.627000
767.870000
769.114000
770.341000
771.584000
772.827000
774.071000
775.314000
776.541000
777.785000
789.423000
790.667000
791.910000
793.153000
794.380000
795.624000
796.867000
798.111000
799.354000
800.581000
801.824000
803.068000
804.311000
805.555000
806.782000
808.025000
809.268000
810.512000
811.755000
812.982000
814.226000
815.469000
816.713000
817.956000
819.183000
820.426000
821.670000
822.913000
824.140000
825.383000
826.627000
827.870000
829.114000
830.341000
831.584000
832.828000
834.071000
835.314000
836.541000
837.785000
849.423000
850.667000
851.894000
853.137000
854.380000
856.867000
858.094000
859.338000
860.581000
861.825000
863.068000
864.295000
865.538000
866.782000
868.025000
869.252000
870.495000
871.739000
872.982000
874.226000
875.453000
877.940000
879.183000
880.426000
881.653000
882.897000
885.384000
886.627000
887.854000
889.097000
890.341000
891.584000
892.828000
894.055000
895.298000
896.541000
909.423000
910.667000
911.894000
913.137000
914.381000
915.624000
916.868000
918.094000
919.338000
920.581000
921.825000
923.052000
924.295000
925.538000
926.782000
928.025000
929.252000
930.496000
931.739000
932.982000
935.453000
936.696000
937.940000
939.183000
940.427000
941.653000
942.897000
944.140000
945.384000
946.627000
947.854000
949.097000
950.341000
951.584000
952.828000
954.055000
956.542000
970.667000
971.894000
973.137000
974.381000
975.624000
976.868000
978.094000
979.338000
980.581000
981.825000
983.052000
984.295000
985.539000
986.782000
988.025000
989.252000
990.496000
991.739000
992.983000
994.226000
995.453000
996.696000
997.940000
999.183000
1001.654000
1002.897000
1004.140000
1006.627000
1007.854000
1009.098000
1010.341000
1011.584000
1012.811000
1014.055000
1016.542000
1017.785000
