1039.294000
1040.521000
1052.922000
1060.366000
1061.610000
1065.324000
1066.567000
1069.054000
1070.281000
1071.524000
1074.011000
1103.008000
1114.166000
1116.653000
1120.367000
1122.853000
1129.054000
1136.482000
1140.212000
1141.455000
1142.682000
1143.926000
1165.495000
1170.452000
1171.696000
1172.923000
1174.166000
1177.880000
1184.080000
1186.567000
1191.524000
1198.969000
1200.212000
1201.455000
1205.169000
1218.051000
1220.521000
1221.765000
1231.696000
1232.923000
1234.166000
1250.281000
1254.011000
1255.255000
1256.482000
1266.413000
1278.051000
1280.522000
1281.765000
1285.495000
1294.166000
1302.854000
1304.081000
1307.811000
1309.054000
1315.255000
1316.482000
1339.295000
1344.252000
1346.722000
1354.166000
1355.410000
1361.610000
1370.281000
1382.683000
1400.522000
1405.496000
1417.880000
1420.367000
1427.811000
1429.055000
1430.282000
1431.525000
1434.012000
1435.255000
1436.482000
1437.726000
1438.969000
1440.212000
1442.683000
1443.926000
1446.413000
1464.252000
1465.496000
1466.723000
1477.880000
1479.124000
1481.611000
1482.854000
1484.081000
1487.811000
1489.055000
1491.525000
1494.012000
1519.295000
1520.522000
1525.496000
1529.210000
1531.680000
1535.410000
1541.611000
1544.081000
1546.568000
1561.440000
1578.052000
1583.009000
1584.253000
1585.496000
1604.081000
1614.012000
1618.969000
1621.440000
1623.927000
1639.296000
1640.522000
1643.009000
1652.924000
1654.167000
1659.124000
1665.325000
1666.568000
1669.055000
1674.012000
1675.256000
1686.414000
1706.723000
1707.967000
1711.680000
1722.855000
1726.568000
1736.483000
1737.726000
