6.321000
6.951000
7.565000
8.195000
8.808000
9.421000
10.051000
10.665000
11.295000
11.908000
12.522000
13.152000
13.765000
14.395000
15.009000
15.622000
16.252000
16.865000
17.496000
18.109000
18.722000
19.352000
19.966000
20.596000
21.209000
21.823000
22.453000
23.066000
23.680000
24.310000
24.923000
25.553000
26.166000
26.780000
27.410000
28.023000
28.653000
29.267000
29.880000
30.510000
31.124000
31.754000
32.367000
32.980000
33.610000
34.224000
34.854000
35.467000
36.081000
36.711000
37.324000
37.954000
38.568000
39.181000
39.811000
40.425000
41.055000
41.668000
42.281000
42.911000
43.525000
44.155000
44.768000
45.382000
46.012000
46.625000
47.255000
47.869000
48.482000
49.112000
49.725000
50.355000
50.969000
51.582000
52.212000
52.826000
53.456000
54.069000
54.683000
55.313000
55.926000
56.540000
57.170000
57.783000
58.413000
66.321000
66.951000
67.565000
68.195000
68.808000
69.422000
70.052000
70.665000
71.295000
71.908000
72.522000
73.152000
73.765000
74.395000
75.009000
75.622000
76.252000
76.866000
77.496000
78.109000
78.723000
79.353000
79.966000
80.596000
81.209000
81.823000
82.453000
83.066000
83.680000
84.310000
84.923000
85.553000
86.167000
86.780000
87.410000
88.023000
88.653000
89.267000
89.880000
90.510000
91.124000
91.754000
92.367000
92.981000
93.611000
94.224000
94.854000
95.467000
96.081000
96.711000
97.324000
97.954000
98.568000
99.181000
99.811000
100.425000
101.055000
101.668000
102.282000
102.912000
103.525000
104.155000
104.768000
105.382000
106.012000
106.625000
107.255000
107.869000
108.482000
109.112000
109.726000
110.356000
110.969000
111.582000
112.212000
112.826000
113.456000
114.069000
114.683000
115.313000
115.926000
116.540000
117.170000
117.783000
118.413000
126.321000
126.951000
127.565000
128.195000
128.808000
129.422000
130.052000
130.665000
131.295000
131.909000
132.522000
133.152000
133.765000
134.395000
135.009000
135.622000
136.252000
136.866000
137.496000
138.109000
138.723000
139.353000
139.966000
140.580000
141.209000
141.823000
142.453000
143.066000
143.680000
144.310000
144.923000
145.553000
146.167000
146.780000
147.410000
148.024000
148.654000
149.267000
149.880000
150.510000
151.124000
151.754000
152.367000
152.981000
153.611000
154.224000
154.854000
155.468000
156.081000
156.711000
157.324000
157.954000
158.568000
159.181000
159.811000
160.425000
161.055000
161.668000
162.282000
162.912000
163.525000
164.155000
164.769000
165.382000
166.012000
166.625000
167.255000
167.869000
168.482000
169.112000
169.726000
170.356000
170.969000
171.583000
172.213000
172.826000
173.439000
174.069000
174.683000
175.313000
175.926000
176.540000
177.170000
177.783000
178.413000
186.322000
186.952000
187.565000
188.195000
188.808000
189.422000
190.052000
190.665000
191.295000
191.909000
192.522000
193.152000
193.766000
194.396000
195.009000
195.622000
196.252000
196.866000
197.496000
198.109000
198.723000
199.353000
199.966000
200.580000
201.210000
201.823000
202.453000
203.067000
203.680000
204.310000
204.923000
205.553000
206.167000
206.780000
207.410000
208.024000
208.654000
209.267000
209.881000
210.511000
211.124000
211.754000
212.367000
212.981000
213.611000
214.224000
214.854000
215.468000
216.081000
216.711000
217.325000
217.955000
218.568000
219.181000
219.812000
220.425000
221.055000
221.668000
222.282000
222.912000
223.525000
224.155000
224.769000
225.382000
226.012000
226.626000
227.256000
227.869000
228.482000
229.112000
229.726000
230.356000
230.969000
231.583000
232.213000
232.826000
233.440000
234.070000
234.683000
235.313000
235.926000
236.540000
237.170000
237.783000
238.413000
246.322000
246.952000
247.565000
248.195000
248.809000
249.422000
250.052000
250.665000
251.295000
251.909000
252.522000
253.152000
253.766000
254.396000
255.009000
255.623000
256.253000
256.866000
257.496000
258.109000
258.723000
259.353000
259.966000
260.580000
261.210000
261.823000
262.453000
263.067000
263.680000
264.310000
264.924000
265.554000
266.167000
266.780000
267.410000
268.024000
268.654000
269.267000
269.881000
270.511000
271.124000
271.754000
272.368000
272.981000
273.611000
274.224000
274.854000
275.468000
276.081000
276.711000
277.325000
277.955000
278.568000
279.182000
279.812000
280.425000
281.055000
281.669000
282.282000
282.912000
283.525000
284.155000
284.769000
285.382000
286.012000
286.626000
287.256000
287.869000
288.483000
289.113000
289.726000
290.356000
290.969000
291.583000
292.213000
292.826000
293.440000
294.070000
294.683000
295.313000
295.927000
296.540000
297.170000
297.784000
298.414000
306.322000
306.952000
307.565000
308.195000
308.809000
309.422000
310.052000
310.666000
311.296000
311.909000
312.522000
313.152000
313.766000
314.379000
315.009000
315.623000
316.253000
316.866000
317.480000
318.110000
318.723000
319.353000
319.966000
320.580000
321.210000
321.823000
322.453000
323.067000
323.680000
324.310000
324.924000
325.554000
326.167000
326.781000
327.411000
328.024000
328.654000
329.267000
329.881000
330.511000
331.124000
331.754000
332.368000
332.981000
333.611000
334.225000
334.855000
335.468000
336.081000
336.711000
337.325000
337.955000
338.568000
339.182000
339.812000
340.425000
341.055000
341.669000
342.282000
342.912000
343.526000
344.156000
344.769000
345.382000
346.012000
346.626000
347.256000
347.869000
348.483000
349.113000
349.726000
350.340000
350.970000
351.583000
352.213000
352.826000
353.440000
354.070000
354.683000
355.313000
355.927000
356.540000
357.170000
357.784000
358.414000
366.322000
366.952000
367.565000
368.195000
368.809000
369.422000
370.052000
370.666000
371.296000
371.909000
372.523000
373.153000
373.766000
374.396000
375.009000
375.623000
376.253000
376.866000
377.480000
378.110000
378.723000
379.353000
379.967000
380.580000
381.210000
381.823000
382.453000
383.067000
383.680000
384.310000
384.924000
385.554000
386.167000
386.781000
387.411000
388.024000
388.654000
389.268000
389.881000
390.511000
391.124000
391.754000
392.368000
392.981000
393.611000
394.225000
394.855000
395.468000
396.082000
396.712000
397.325000
397.955000
398.568000
399.182000
399.812000
400.425000
401.055000
401.669000
402.282000
402.912000
403.526000
404.156000
404.769000
405.383000
406.013000
406.626000
407.256000
407.869000
408.483000
409.113000
409.726000
410.340000
410.970000
411.583000
412.213000
412.827000
413.440000
414.070000
414.683000
415.313000
415.927000
416.540000
417.170000
417.784000
418.414000
426.322000
426.952000
427.565000
428.195000
428.809000
429.422000
430.052000
430.666000
431.296000
431.909000
432.523000
433.153000
433.766000
434.380000
435.010000
435.623000
436.253000
436.866000
437.480000
438.110000
438.723000
439.353000
439.967000
440.580000
441.210000
441.824000
442.454000
443.067000
443.680000
444.310000
444.924000
445.554000
446.167000
446.781000
447.411000
448.024000
448.654000
449.268000
449.881000
450.511000
451.125000
451.755000
452.368000
452.981000
453.611000
454.225000
454.855000
455.468000
456.082000
456.712000
457.325000
457.955000
458.569000
459.182000
459.812000
460.425000
461.055000
461.669000
462.282000
462.912000
463.526000
464.156000
464.769000
465.383000
466.013000
466.626000
467.240000
467.870000
468.483000
469.113000
469.726000
470.340000
470.970000
471.583000
472.213000
472.827000
473.440000
474.070000
474.684000
475.314000
475.927000
476.540000
477.170000
477.784000
478.414000
486.322000
486.952000
487.566000
488.196000
488.809000
489.423000
490.053000
490.666000
491.296000
491.909000
492.523000
493.153000
493.766000
494.380000
495.010000
495.623000
496.253000
496.867000
497.480000
498.110000
498.723000
499.353000
499.967000
500.580000
501.210000
501.824000
502.454000
503.067000
503.681000
504.311000
504.924000
505.554000
506.167000
506.781000
507.411000
508.024000
508.654000
509.268000
509.881000
510.511000
511.125000
511.755000
512.368000
512.982000
513.612000
514.225000
514.855000
515.468000
516.082000
516.712000
517.325000
517.955000
518.569000
519.182000
519.812000
520.426000
521.056000
521.669000
522.282000
522.912000
523.526000
524.156000
524.769000
525.383000
526.013000
526.626000
527.240000
527.870000
528.483000
529.113000
529.727000
530.340000
530.970000
531.583000
532.213000
532.827000
533.440000
534.070000
534.684000
535.314000
535.927000
536.541000
537.171000
537.784000
538.414000
546.322000
546.952000
547.566000
548.196000
548.809000
549.423000
550.053000
550.666000
551.280000
551.910000
552.523000
553.153000
553.766000
554.380000
555.010000
555.623000
556.253000
556.867000
557.480000
558.110000
558.724000
559.354000
559.967000
560.580000
561.210000
561.824000
562.454000
563.067000
563.681000
564.311000
564.924000
565.554000
566.168000
566.781000
567.411000
568.025000
568.655000
569.268000
569.881000
570.511000
571.125000
571.755000
572.368000
572.982000
573.612000
574.225000
574.855000
575.469000
576.082000
576.712000
577.325000
577.955000
578.569000
579.182000
579.812000
580.426000
581.056000
581.669000
582.283000
582.913000
583.526000
584.139000
584.769000
585.383000
586.013000
586.626000
587.240000
587.870000
588.483000
589.113000
589.727000
590.340000
590.970000
591.584000
592.214000
592.827000
593.440000
594.070000
594.684000
595.314000
595.927000
596.541000
597.171000
597.784000
598.414000
606.322000
606.952000
607.566000
608.196000
608.809000
609.423000
610.053000
610.666000
611.280000
611.910000
612.523000
613.153000
613.767000
614.380000
615.010000
615.623000
616.253000
616.867000
617.480000
618.110000
618.724000
619.354000
619.967000
620.581000
621.211000
621.824000
622.454000
623.067000
623.681000
624.311000
624.924000
625.554000
626.168000
626.781000
627.411000
628.025000
628.655000
629.268000
629.882000
630.512000
631.125000
631.755000
632.368000
632.982000
633.612000
634.225000
634.855000
635.469000
636.082000
636.712000
637.326000
637.956000
638.569000
639.182000
639.812000
640.426000
641.056000
641.669000
642.283000
642.913000
643.526000
644.140000
644.770000
645.383000
646.013000
646.627000
647.240000
647.870000
648.483000
649.113000
649.727000
650.340000
650.970000
651.584000
652.214000
652.827000
653.441000
654.071000
654.684000
655.314000
655.927000
656.541000
657.171000
657.784000
658.414000
666.323000
666.953000
667.566000
668.196000
668.809000
669.423000
670.053000
670.666000
671.280000
671.910000
672.523000
673.153000
673.767000
674.380000
675.010000
675.624000
676.254000
676.867000
677.480000
678.110000
678.724000
679.354000
679.967000
680.581000
681.211000
681.824000
682.454000
683.068000
683.681000
684.311000
684.924000
685.554000
686.168000
686.781000
687.411000
688.025000
688.655000
689.268000
689.882000
690.512000
691.125000
691.755000
692.369000
692.982000
693.612000
694.225000
694.855000
695.469000
696.082000
696.712000
697.326000
697.939000
698.569000
699.183000
699.813000
700.426000
701.056000
701.669000
702.283000
702.913000
703.526000
704.140000
704.770000
705.383000
706.013000
706.627000
707.240000
707.870000
708.484000
709.114000
709.727000
710.340000
710.970000
711.584000
712.214000
712.827000
713.441000
714.071000
714.684000
715.314000
715.928000
716.541000
717.171000
717.784000
718.414000
726.323000
726.953000
727.566000
728.180000
728.810000
729.423000
730.053000
730.666000
731.280000
731.910000
732.523000
733.153000
733.767000
734.380000
735.010000
735.624000
736.254000
736.867000
737.481000
738.111000
738.724000
739.354000
739.967000
740.581000
741.211000
741.824000
742.454000
743.068000
743.681000
744.311000
744.925000
745.555000
746.168000
746.781000
747.411000
748.025000
748.655000
749.268000
749.882000
750.512000
751.125000
751.755000
752.369000
752.982000
753.612000
754.226000
754.856000
755.469000
756.082000
756.712000
757.326000
757.956000
758.569000
759.183000
759.813000
760.426000
761.040000
761.670000
762.283000
762.913000
763.526000
764.140000
764.770000
765.383000
766.013000
766.627000
767.240000
767.870000
768.484000
769.114000
769.727000
770.341000
770.971000
771.584000
772.214000
772.827000
773.441000
774.071000
774.684000
775.314000
775.928000
776.541000
777.171000
777.785000
778.415000
786.323000
786.953000
787.566000
788.180000
788.810000
789.423000
790.053000
790.667000
791.280000
791.910000
792.523000
793.153000
793.767000
794.380000
795.010000
795.624000
796.254000
796.867000
797.481000
798.111000
798.724000
799.354000
799.968000
800.581000
801.211000
801.824000
802.454000
803.068000
803.681000
804.311000
804.925000
805.555000
806.168000
806.782000
807.412000
808.025000
808.655000
809.268000
809.882000
810.512000
811.125000
811.755000
812.369000
812.982000
813.612000
814.226000
814.856000
815.469000
816.083000
816.713000
817.326000
817.956000
818.569000
819.183000
819.813000
820.426000
821.040000
821.670000
822.283000
822.913000
823.527000
824.140000
824.770000
825.383000
826.013000
826.627000
827.240000
827.870000
828.484000
829.114000
829.727000
830.341000
830.971000
831.584000
832.214000
832.828000
833.441000
834.071000
834.684000
835.314000
835.928000
836.541000
837.171000
837.785000
838.415000
846.323000
846.936000
847.566000
848.180000
848.793000
849.423000
850.037000
850.667000
851.280000
851.894000
852.524000
853.137000
853.767000
854.380000
854.994000
855.624000
856.237000
856.867000
857.481000
858.094000
858.724000
859.338000
859.968000
860.581000
861.195000
861.825000
862.438000
863.068000
863.681000
864.295000
864.925000
865.538000
866.152000
866.782000
867.395000
868.025000
868.639000
869.252000
869.882000
870.495000
871.125000
871.739000
872.352000
872.982000
873.596000
874.226000
874.839000
875.453000
876.083000
876.696000
877.326000
877.940000
878.553000
879.183000
879.796000
880.426000
881.040000
881.653000
882.283000
882.897000
883.527000
884.140000
884.754000
885.384000
885.997000
886.627000
887.240000
887.854000
888.484000
889.097000
889.727000
890.341000
890.954000
891.584000
892.198000
892.828000
893.441000
894.055000
894.685000
895.298000
895.928000
896.541000
897.155000
897.785000
898.398000
906.323000
906.937000
907.567000
908.180000
908.793000
909.423000
910.037000
910.667000
911.280000
911.894000
912.524000
913.137000
913.767000
914.381000
914.994000
915.624000
916.237000
916.868000
917.481000
918.094000
918.724000
919.338000
919.968000
920.581000
921.195000
921.825000
922.438000
923.052000
923.682000
924.295000
924.925000
925.538000
926.152000
926.782000
927.395000
928.025000
928.639000
929.252000
929.882000
930.496000
931.126000
931.739000
932.352000
932.982000
933.596000
934.226000
934.839000
935.453000
936.083000
936.696000
937.326000
937.940000
938.553000
939.183000
939.797000
940.427000
941.040000
941.653000
942.283000
942.897000
943.527000
944.140000
944.754000
945.384000
945.997000
946.627000
947.241000
947.854000
948.484000
949.097000
949.727000
950.341000
950.954000
951.584000
952.198000
952.828000
953.441000
954.055000
954.685000
955.298000
955.912000
956.542000
957.155000
957.785000
958.398000
966.323000
966.937000
967.567000
968.180000
968.794000
969.424000
970.037000
970.667000
971.280000
971.894000
972.524000
973.137000
973.767000
974.381000
974.994000
975.624000
976.238000
976.868000
977.481000
978.094000
978.725000
979.338000
979.968000
980.581000
981.195000
981.825000
982.438000
983.052000
983.682000
984.295000
984.925000
985.539000
986.152000
986.782000
987.395000
988.025000
988.639000
989.252000
989.882000
990.496000
991.126000
991.739000
992.353000
992.983000
993.596000
994.226000
994.840000
995.453000
996.083000
996.696000
997.326000
997.940000
998.553000
999.183000
999.797000
1000.427000
1001.040000
1001.654000
1002.284000
1002.897000
1003.527000
1004.140000
1004.754000
1005.384000
1005.997000
1006.627000
1007.241000
1007.854000
1008.484000
1009.098000
1009.728000
1010.341000
1010.954000
1011.584000
1012.198000
1012.811000
1013.441000
1014.055000
1014.685000
1015.298000
1015.912000
1016.542000
1017.155000
1017.785000
1018.399000
