1039.908000
1042.395000
1043.621000
1044.865000
1046.108000
1047.352000
1048.595000
1049.822000
1051.065000
1052.309000
1053.552000
1054.796000
1056.023000
1057.266000
1058.510000
1059.753000
1060.980000
1062.223000
1063.467000
1064.710000
1065.954000
1067.180000
1068.424000
1069.667000
1070.911000
1072.154000
1073.381000
1074.625000
1075.868000
1077.111000
1078.355000
1079.582000
1080.825000
1082.069000
1083.312000
1084.555000
1085.782000
1097.421000
1098.664000
1099.908000
1101.151000
1102.395000
1103.622000
1104.865000
1106.108000
1107.352000
1108.595000
1109.822000
1111.066000
1112.309000
1113.552000
1114.796000
1116.023000
1117.266000
1118.510000
1119.753000
1120.980000
1122.223000
1123.467000
1124.710000
1125.954000
1127.181000
1128.424000
1129.667000
1130.911000
1132.154000
1133.381000
1134.625000
1135.868000
1137.112000
1138.355000
1139.582000
1140.825000
1142.069000
1143.312000
1144.556000
1145.782000
1157.421000
1158.664000
1159.908000
1161.151000
1162.395000
1163.622000
1164.865000
1166.109000
1167.352000
1168.595000
1169.822000
1171.066000
1172.309000
1173.553000
1174.796000
1176.023000
1177.266000
1178.510000
1179.753000
1180.980000
1182.224000
1183.467000
1184.710000
1185.954000
1187.181000
1188.424000
1189.668000
1190.911000
1192.154000
1193.381000
1194.625000
1195.868000
1197.112000
1198.355000
1199.582000
1200.825000
1202.069000
1203.312000
1204.556000
1205.783000
1217.421000
1218.665000
1219.908000
1221.151000
1222.395000
1223.622000
1224.865000
1226.109000
1227.352000
1228.596000
1229.822000
1231.066000
1232.309000
1233.553000
1234.780000
1236.023000
1237.266000
1238.510000
1239.753000
1240.980000
1242.224000
1243.467000
1244.711000
1245.954000
1247.181000
1248.424000
1249.668000
1250.911000
1252.155000
1253.381000
1254.625000
1255.868000
1257.112000
1258.355000
1259.582000
1260.826000
1262.069000
1263.312000
1264.556000
1265.783000
1277.421000
1278.665000
1279.908000
1281.152000
1282.395000
1283.622000
1284.865000
1286.109000
1287.352000
1288.596000
1289.823000
1291.066000
1292.309000
1293.553000
1294.780000
1296.023000
1297.267000
1298.510000
1299.754000
1300.980000
1302.224000
1303.467000
1304.711000
1305.954000
1307.181000
1308.424000
1309.668000
1310.911000
1312.155000
1313.382000
1314.625000
1315.868000
1317.112000
1318.355000
1319.582000
1320.826000
1322.069000
1323.313000
1324.556000
1337.421000
1338.665000
1339.908000
1341.152000
1342.395000
1343.622000
1344.865000
1346.109000
1347.352000
1348.596000
1349.823000
1351.066000
1353.553000
1354.780000
1356.023000
1357.267000
1358.510000
1359.754000
1360.980000
1362.224000
1363.467000
1364.711000
1365.954000
1367.181000
1368.425000
1369.668000
1370.911000
1372.155000
1373.382000
1374.625000
1375.869000
1377.112000
1378.355000
1379.582000
1380.826000
1382.069000
1383.313000
1384.540000
1397.422000
1398.665000
1399.908000
1401.152000
1402.395000
1403.622000
1404.866000
1406.109000
1407.353000
1408.596000
1409.823000
1411.066000
1412.310000
1413.553000
1414.780000
1416.023000
1417.267000
1418.510000
1419.754000
1420.981000
1422.224000
1423.468000
1424.711000
1425.954000
1427.181000
1428.425000
1429.668000
1432.155000
1433.382000
1434.625000
1435.869000
1437.112000
1438.356000
1439.582000
1440.826000
1442.069000
1444.540000
1445.783000
1457.422000
1458.665000
1459.909000
1461.152000
1462.395000
1463.622000
1464.866000
1466.109000
1467.353000
1468.580000
1469.823000
1472.310000
1473.553000
1474.780000
1476.024000
1477.267000
1478.510000
1479.754000
1480.981000
1482.224000
1483.468000
1485.955000
1487.181000
1488.425000
1489.668000
1490.912000
1492.155000
1493.382000
1494.625000
1495.869000
1497.112000
1498.356000
1499.583000
1502.069000
1503.313000
1504.540000
1505.783000
1517.422000
1518.665000
1519.909000
1522.396000
1523.622000
1524.866000
1526.109000
1527.353000
1528.580000
1529.823000
1531.067000
1532.310000
1533.553000
1534.780000
1536.024000
1537.267000
1538.511000
1539.754000
1540.981000
1542.224000
1543.468000
1544.711000
1545.955000
1548.425000
1549.668000
1550.912000
1552.155000
1553.382000
1554.626000
1555.869000
1557.112000
1558.356000
1559.583000
1562.070000
1563.313000
1564.540000
1565.783000
1578.665000
1579.909000
1581.152000
1582.396000
1583.623000
1584.866000
1586.109000
1587.353000
1588.580000
1591.067000
1592.310000
1593.554000
1594.780000
1596.024000
1597.267000
1598.511000
1599.754000
1600.981000
1602.224000
1603.468000
1604.711000
1605.955000
1607.182000
1608.425000
1609.669000
1610.912000
1612.155000
1613.382000
1614.626000
1615.869000
1618.356000
1619.583000
1620.826000
1622.070000
1623.313000
1624.540000
1625.784000
1637.422000
1638.666000
1639.909000
1643.623000
1644.866000
1646.110000
1647.353000
1648.580000
1649.823000
1651.067000
1652.310000
1653.554000
1654.781000
1656.024000
1657.267000
1658.511000
1659.754000
1660.981000
1662.225000
1663.468000
1664.711000
1665.955000
1667.182000
1669.669000
1670.912000
1672.156000
1674.626000
1675.869000
1678.340000
1679.583000
1680.826000
1682.070000
1683.313000
1684.540000
1685.784000
1697.422000
1698.666000
1699.909000
1701.153000
1702.396000
1703.623000
1704.866000
1706.110000
1707.353000
1708.580000
1709.823000
1711.067000
1712.310000
1713.554000
1714.781000
1716.024000
1717.268000
1718.511000
1719.754000
1720.981000
1722.225000
1723.468000
1724.712000
1727.182000
1728.425000
1730.912000
1732.156000
1733.383000
1734.626000
1735.869000
1737.113000
1738.340000
1739.583000
1740.827000
1742.070000
1744.540000
1745.784000
