9.421000
10.051000
10.665000
11.295000
11.908000
12.522000
13.152000
13.765000
14.395000
15.009000
16.252000
16.865000
17.496000
18.109000
18.722000
19.352000
19.966000
20.596000
21.209000
21.823000
22.453000
23.066000
23.680000
24.310000
24.923000
25.553000
26.166000
26.780000
27.410000
28.023000
28.653000
29.267000
29.880000
30.510000
31.124000
31.754000
32.367000
32.980000
33.610000
34.224000
34.854000
35.467000
36.081000
36.711000
37.324000
37.954000
38.568000
39.181000
39.811000
40.425000
41.055000
42.281000
42.911000
43.525000
44.155000
44.768000
45.382000
46.012000
46.625000
47.869000
48.482000
49.112000
49.725000
50.355000
50.969000
51.582000
52.212000
52.826000
53.456000
54.069000
54.683000
55.313000
55.926000
56.540000
57.170000
57.783000
58.413000
69.422000
70.052000
70.665000
71.295000
71.908000
72.522000
73.152000
73.765000
74.395000
75.009000
75.622000
76.252000
76.866000
78.109000
78.723000
79.353000
79.966000
80.596000
81.209000
81.823000
82.453000
83.066000
83.680000
84.310000
84.923000
85.553000
86.167000
88.023000
88.653000
89.267000
89.880000
90.510000
91.124000
91.754000
92.367000
92.981000
93.611000
94.224000
94.854000
95.467000
96.081000
96.711000
97.324000
97.954000
99.181000
99.811000
100.425000
101.055000
101.668000
102.282000
102.912000
103.525000
104.155000
104.768000
105.382000
106.012000
106.625000
107.255000
107.869000
108.482000
109.726000
110.356000
111.582000
112.212000
112.826000
113.456000
114.683000
115.313000
115.926000
116.540000
117.170000
117.783000
118.413000
129.422000
130.052000
130.665000
131.909000
132.522000
133.152000
133.765000
134.395000
135.009000
135.622000
136.866000
137.496000
138.109000
138.723000
139.353000
139.966000
140.580000
141.209000
141.823000
142.453000
143.066000
143.680000
144.310000
144.923000
145.553000
146.167000
146.780000
147.410000
148.024000
148.654000
149.267000
149.880000
150.510000
151.124000
151.754000
152.367000
152.981000
153.611000
154.224000
154.854000
155.468000
156.081000
156.711000
157.324000
157.954000
158.568000
159.181000
159.811000
160.425000
161.055000
161.668000
162.912000
163.525000
164.155000
164.769000
166.012000
166.625000
167.255000
167.869000
168.482000
169.112000
169.726000
170.356000
170.969000
171.583000
172.213000
172.826000
173.439000
174.069000
174.683000
175.313000
175.926000
176.540000
177.170000
177.783000
178.413000
189.422000
190.052000
190.665000
191.295000
191.909000
192.522000
193.152000
193.766000
194.396000
195.009000
195.622000
196.252000
196.866000
197.496000
198.109000
198.723000
199.353000
199.966000
200.580000
201.210000
201.823000
202.453000
203.067000
203.680000
204.310000
204.923000
205.553000
206.167000
206.780000
207.410000
208.024000
208.654000
209.267000
210.511000
211.124000
211.754000
212.367000
212.981000
213.611000
214.224000
214.854000
215.468000
216.081000
216.711000
217.325000
217.955000
218.568000
219.181000
219.812000
220.425000
221.055000
221.668000
222.282000
222.912000
223.525000
224.155000
224.769000
225.382000
226.012000
228.482000
229.112000
229.726000
230.356000
230.969000
231.583000
232.213000
232.826000
233.440000
234.070000
234.683000
235.313000
235.926000
236.540000
237.170000
237.783000
238.413000
249.422000
250.052000
250.665000
251.295000
251.909000
252.522000
253.152000
253.766000
254.396000
255.009000
255.623000
256.253000
256.866000
257.496000
258.109000
258.723000
259.353000
259.966000
260.580000
261.210000
261.823000
262.453000
263.067000
263.680000
264.310000
264.924000
265.554000
266.167000
266.780000
267.410000
268.024000
268.654000
269.267000
269.881000
270.511000
272.368000
273.611000
274.224000
275.468000
276.711000
277.325000
277.955000
279.182000
279.812000
280.425000
281.055000
281.669000
282.282000
282.912000
283.525000
284.155000
284.769000
285.382000
286.012000
286.626000
287.256000
287.869000
288.483000
289.113000
289.726000
290.969000
291.583000
292.213000
292.826000
293.440000
294.070000
294.683000
295.313000
295.927000
296.540000
297.170000
297.784000
298.414000
