1034.321000
1034.950000
1035.564000
1036.194000
1036.807000
1037.421000
1038.051000
1038.664000
1039.294000
1039.908000
1040.521000
1041.151000
1041.765000
1042.395000
1043.008000
1043.621000
1044.251000
1044.865000
1045.495000
1046.108000
1046.722000
1047.352000
1047.965000
1048.595000
1049.209000
1049.822000
1050.452000
1051.065000
1051.695000
1052.309000
1052.922000
1053.552000
1054.166000
1054.796000
1055.409000
1056.023000
1056.653000
1057.266000
1057.880000
1058.510000
1059.123000
1059.753000
1060.366000
1060.980000
1061.610000
1062.223000
1062.853000
1063.467000
1064.080000
1064.710000
1065.324000
1065.954000
1066.567000
1067.180000
1067.810000
1068.424000
1069.054000
1069.667000
1070.281000
1070.911000
1071.524000
1072.154000
1072.768000
1073.381000
1074.011000
1074.625000
1075.255000
1075.868000
1076.481000
1077.111000
1077.725000
1078.355000
1078.968000
1079.582000
1080.212000
1080.825000
1081.455000
1082.069000
1082.682000
1083.312000
1083.925000
1084.555000
1085.169000
1085.782000
1086.412000
1094.321000
1094.951000
1095.564000
1096.194000
1096.807000
1097.421000
1098.051000
1098.664000
1099.294000
1099.908000
1100.521000
1101.151000
1101.765000
1102.395000
1103.008000
1103.622000
1104.252000
1104.865000
1105.495000
1106.108000
1106.722000
1107.352000
1107.965000
1108.595000
1109.209000
1109.822000
1110.452000
1111.066000
1111.696000
1112.309000
1112.922000
1113.552000
1114.166000
1114.796000
1115.409000
1116.023000
1116.653000
1117.266000
1117.880000
1118.510000
1119.123000
1119.753000
1120.367000
1120.980000
1121.610000
1122.223000
1122.853000
1123.467000
1124.080000
1124.710000
1125.324000
1125.954000
1126.567000
1127.181000
1127.811000
1128.424000
1129.054000
1129.667000
1130.281000
1130.911000
1131.524000
1132.154000
1132.768000
1133.381000
1134.011000
1134.625000
1135.255000
1135.868000
1136.482000
1137.112000
1137.725000
1138.355000
1138.968000
1139.582000
1140.212000
1140.825000
1141.455000
1142.069000
1142.682000
1143.312000
1143.926000
1144.556000
1145.169000
1145.782000
1146.412000
1154.321000
1154.951000
1155.564000
1156.194000
1156.808000
1157.421000
1158.051000
1158.664000
1159.294000
1159.908000
1160.521000
1161.151000
1161.765000
1162.395000
1163.008000
1163.622000
1164.252000
1164.865000
1165.495000
1166.109000
1166.722000
1167.352000
1167.965000
1168.595000
1169.209000
1169.822000
1170.452000
1171.066000
1171.696000
1172.309000
1172.923000
1173.553000
1174.166000
1174.796000
1175.409000
1176.023000
1176.653000
1177.266000
1177.880000
1178.510000
1179.123000
1179.753000
1180.367000
1180.980000
1181.610000
1182.224000
1182.854000
1183.467000
1184.080000
1184.710000
1185.324000
1185.954000
1186.567000
1187.181000
1187.811000
1188.424000
1189.054000
1189.668000
1190.281000
1190.911000
1191.524000
1192.154000
1192.768000
1193.381000
1194.011000
1194.625000
1195.255000
1195.868000
1196.482000
1197.112000
1197.725000
1198.355000
1198.969000
1199.582000
1200.212000
1200.825000
1201.455000
1202.069000
1202.682000
1203.312000
1203.926000
1204.556000
1205.169000
1205.783000
1206.413000
1214.321000
1214.951000
1215.564000
1216.194000
1216.808000
1217.421000
1218.051000
1218.665000
1219.295000
1219.908000
1220.521000
1221.151000
1221.765000
1222.395000
1223.008000
1223.622000
1224.252000
1224.865000
1225.495000
1226.109000
1226.722000
1227.352000
1227.966000
1228.596000
1229.209000
1229.822000
1230.452000
1231.066000
1231.696000
1232.309000
1232.923000
1233.553000
1234.166000
1234.780000
1235.410000
1236.023000
1236.653000
1237.266000
1237.880000
1238.510000
1239.123000
1239.753000
1240.367000
1240.980000
1241.610000
1242.224000
1242.854000
1243.467000
1244.081000
1244.711000
1245.324000
1245.954000
1246.567000
1247.181000
1247.811000
1248.424000
1249.054000
1249.668000
1250.281000
1250.911000
1251.525000
1252.155000
1252.768000
1253.381000
1254.011000
1254.625000
1255.255000
1255.868000
1256.482000
1257.112000
1257.725000
1258.355000
1258.969000
1259.582000
1260.212000
1260.826000
1261.456000
1262.069000
1262.682000
1263.312000
1263.926000
1264.556000
1265.169000
1265.783000
1266.413000
1274.321000
1274.951000
1275.564000
1276.194000
1276.808000
1277.421000
1278.051000
1278.665000
1279.295000
1279.908000
1280.522000
1281.152000
1281.765000
1282.395000
1283.008000
1283.622000
1284.252000
1284.865000
1285.495000
1286.109000
1286.722000
1287.352000
1287.966000
1288.596000
1289.209000
1289.823000
1290.453000
1291.066000
1291.696000
1292.309000
1292.923000
1293.553000
1294.166000
1294.780000
1295.410000
1296.023000
1296.653000
1297.267000
1297.880000
1298.510000
1299.123000
1299.754000
1300.367000
1300.980000
1301.610000
1302.224000
1302.854000
1303.467000
1304.081000
1304.711000
1305.324000
1305.954000
1306.568000
1307.181000
1307.811000
1308.424000
1309.054000
1309.668000
1310.281000
1310.911000
1311.525000
1312.155000
1312.768000
1313.382000
1314.012000
1314.625000
1315.255000
1315.868000
1316.482000
1317.112000
1317.725000
1318.355000
1318.969000
1319.582000
1320.212000
1320.826000
1321.456000
1322.069000
1322.683000
1323.313000
1323.926000
1324.556000
1325.169000
1325.783000
1326.413000
1334.321000
1334.951000
1335.565000
1336.195000
1336.808000
1337.421000
1338.051000
1338.665000
1339.295000
1339.908000
1340.522000
1341.152000
1341.765000
1342.395000
1343.009000
1343.622000
1344.252000
1344.865000
1345.496000
1346.109000
1346.722000
1347.352000
1347.966000
1348.596000
1349.209000
1349.823000
1350.453000
1351.066000
1351.680000
1352.310000
1352.923000
1353.553000
1354.166000
1354.780000
1355.410000
1356.023000
1356.653000
1357.267000
1357.880000
1358.510000
1359.124000
1359.754000
1360.367000
1360.980000
1361.610000
1362.224000
1362.854000
1363.467000
1364.081000
1364.711000
1365.324000
1365.954000
1366.568000
1367.181000
1367.811000
1368.425000
1369.055000
1369.668000
1370.281000
1370.911000
1371.525000
1372.155000
1372.768000
1373.382000
1374.012000
1374.625000
1375.255000
1375.869000
1376.482000
1377.112000
1377.725000
1378.355000
1378.969000
1379.582000
1380.212000
1380.826000
1381.456000
1382.069000
1382.683000
1383.313000
1383.926000
1384.540000
1385.170000
1385.783000
1386.413000
1394.321000
1394.951000
1395.565000
1396.195000
1396.808000
1397.422000
1398.052000
1398.665000
1399.295000
1399.908000
1400.522000
1401.152000
1401.765000
1402.395000
1403.009000
1403.622000
1404.252000
1404.866000
1405.496000
1406.109000
1406.722000
1407.353000
1407.966000
1408.596000
1409.209000
1409.823000
1410.453000
1411.066000
1411.680000
1412.310000
1412.923000
1413.553000
1414.167000
1414.780000
1415.410000
1416.023000
1416.653000
1417.267000
1417.880000
1418.510000
1419.124000
1419.754000
1420.367000
1420.981000
1421.611000
1422.224000
1422.854000
1423.468000
1424.081000
1424.711000
1425.324000
1425.954000
1426.568000
1427.181000
1427.811000
1428.425000
1429.055000
1429.668000
1430.282000
1430.912000
1431.525000
1432.155000
1432.768000
1433.382000
1434.012000
1434.625000
1435.255000
1435.869000
1436.482000
1437.112000
1437.726000
1438.356000
1438.969000
1439.582000
1440.212000
1440.826000
1441.456000
1442.069000
1442.683000
1443.313000
1443.926000
1444.540000
1445.170000
1445.783000
1446.413000
1454.321000
1454.951000
1455.565000
1456.195000
1456.808000
1457.422000
1458.052000
1458.665000
1459.295000
1459.909000
1460.522000
1461.152000
1461.765000
1462.395000
1463.009000
1463.622000
1464.252000
1464.866000
1465.496000
1466.109000
1466.723000
1467.353000
1467.966000
1468.580000
1469.210000
1469.823000
1470.453000
1471.066000
1471.680000
1472.310000
1472.923000
1473.553000
1474.167000
1474.780000
1475.410000
1476.024000
1476.654000
1477.267000
1477.880000
1478.510000
1479.124000
1479.754000
1480.367000
1480.981000
1481.611000
1482.224000
1482.854000
1483.468000
1484.081000
1484.711000
1485.325000
1485.955000
1486.568000
1487.181000
1487.811000
1488.425000
1489.055000
1489.668000
1490.282000
1490.912000
1491.525000
1492.155000
1492.769000
1493.382000
1494.012000
1494.625000
1495.255000
1495.869000
1496.482000
1497.112000
1497.726000
1498.356000
1498.969000
1499.583000
1500.213000
1500.826000
1501.439000
1502.069000
1502.683000
1503.313000
1503.926000
1504.540000
1505.170000
1505.783000
1506.413000
1514.322000
1514.952000
1515.565000
1516.195000
1516.808000
1517.422000
1518.052000
1518.665000
1519.295000
1519.909000
1520.522000
1521.152000
1521.766000
1522.396000
1523.009000
1523.622000
1524.252000
1524.866000
1525.496000
1526.109000
1526.723000
1527.353000
1527.966000
1528.580000
1529.210000
1529.823000
1530.453000
1531.067000
1531.680000
1532.310000
1532.923000
1533.553000
1534.167000
1534.780000
1535.410000
1536.024000
1536.654000
1537.267000
1537.881000
1538.511000
1539.124000
1539.754000
1540.367000
1540.981000
1541.611000
1542.224000
1542.854000
1543.468000
1544.081000
1544.711000
1545.325000
1545.955000
1546.568000
1547.182000
1547.812000
1548.425000
1549.055000
1549.668000
1550.282000
1550.912000
1551.525000
1552.155000
1552.769000
1553.382000
1554.012000
1554.626000
1555.256000
1555.869000
1556.482000
1557.112000
1557.726000
1558.356000
1558.969000
1559.583000
1560.213000
1560.826000
1561.440000
1562.070000
1562.683000
1563.313000
1563.927000
1564.540000
1565.170000
1565.783000
1566.413000
1574.322000
1574.952000
1575.565000
1576.195000
1576.809000
1577.422000
1578.052000
1578.665000
1579.295000
1579.909000
1580.522000
1581.152000
1581.766000
1582.396000
1583.009000
1583.623000
1584.253000
1584.866000
1585.496000
1586.109000
1586.723000
1587.353000
1587.966000
1588.580000
1589.210000
1589.823000
1590.453000
1591.067000
1591.680000
1592.310000
1592.924000
1593.554000
1594.167000
1594.780000
1595.410000
1596.024000
1596.654000
1597.267000
1597.881000
1598.511000
1599.124000
1599.754000
1600.368000
1600.981000
1601.611000
1602.224000
1602.854000
1603.468000
1604.081000
1604.711000
1605.325000
1605.955000
1606.568000
1607.182000
1607.812000
1608.425000
1609.055000
1609.669000
1610.282000
1610.912000
1611.525000
1612.155000
1612.769000
1613.382000
1614.012000
1614.626000
1615.256000
1615.869000
1616.483000
1617.113000
1617.726000
1618.356000
1618.969000
1619.583000
1620.213000
1620.826000
1621.440000
1622.070000
1622.683000
1623.313000
1623.927000
1624.540000
1625.170000
1625.784000
1626.414000
1634.322000
1634.952000
1635.565000
1636.195000
1636.809000
1637.422000
1638.052000
1638.666000
1639.296000
1639.909000
1640.522000
1641.152000
1641.766000
1642.396000
1643.009000
1643.623000
1644.253000
1644.866000
1645.480000
1646.110000
1646.723000
1647.353000
1647.966000
1648.580000
1649.210000
1649.823000
1650.453000
1651.067000
1651.680000
1652.310000
1652.924000
1653.554000
1654.167000
1654.781000
1655.411000
1656.024000
1656.654000
1657.267000
1657.881000
1658.511000
1659.124000
1659.754000
1660.368000
1660.981000
1661.611000
1662.225000
1662.855000
1663.468000
1664.081000
1664.711000
1665.325000
1665.955000
1666.568000
1667.182000
1667.812000
1668.425000
1669.055000
1669.669000
1670.282000
1670.912000
1671.526000
1672.156000
1672.769000
1673.382000
1674.012000
1674.626000
1675.256000
1675.869000
1676.483000
1677.113000
1677.726000
1678.340000
1678.970000
1679.583000
1680.213000
1680.826000
1681.440000
1682.070000
1682.683000
1683.313000
1683.927000
1684.540000
1685.170000
1685.784000
1686.414000
1694.322000
1694.952000
1695.565000
1696.195000
1696.809000
1697.422000
1698.052000
1698.666000
1699.296000
1699.909000
1700.523000
1701.153000
1701.766000
1702.396000
1703.009000
1703.623000
1704.253000
1704.866000
1705.480000
1706.110000
1706.723000
1707.353000
1707.967000
1708.580000
1709.210000
1709.823000
1710.454000
1711.067000
1711.680000
1712.310000
1712.924000
1713.554000
1714.167000
1714.781000
1715.411000
1716.024000
1716.654000
1717.268000
1717.881000
1718.511000
1719.124000
1719.754000
1720.368000
1720.981000
1721.611000
1722.225000
1722.855000
1723.468000
1724.082000
1724.712000
1725.325000
1725.955000
1726.568000
1727.182000
1727.812000
1728.425000
1729.055000
1729.669000
1730.282000
1730.912000
1731.526000
1732.156000
1732.769000
1733.383000
1734.013000
1734.626000
1735.256000
1735.869000
1736.483000
1737.113000
1737.726000
1738.340000
1738.970000
1739.583000
1740.213000
1740.827000
1741.440000
1742.070000
1742.684000
1743.313000
1743.927000
1744.540000
1745.170000
1745.784000
1746.414000
