1766.677000
1767.291000
1767.921000
1768.534000
1769.164000
1769.777000
1771.021000
1771.634000
1772.248000
1772.878000
1773.491000
1774.121000
1774.735000
1775.348000
1775.978000
1776.591000
1777.835000
1778.448000
1779.078000
1779.692000
1780.322000
1780.935000
1781.549000
1782.179000
1782.792000
1784.036000
1784.649000
1785.279000
1785.892000
1786.522000
1787.136000
1787.749000
1788.379000
1788.993000
1789.623000
1790.236000
1790.850000
1791.480000
1792.093000
1792.723000
1793.336000
1793.950000
1794.580000
1795.193000
1795.823000
1796.437000
1797.050000
1797.680000
1798.294000
1799.537000
1800.151000
1800.781000
1801.394000
1802.024000
1803.251000
1803.881000
1804.494000
1805.108000
1805.738000
1806.351000
1806.981000
1807.595000
1808.208000
1808.838000
1809.451000
1810.081000
1810.695000
1811.308000
1811.938000
1812.552000
1813.182000
1813.795000
1814.409000
1825.434000
1826.047000
1826.661000
1827.291000
1827.904000
1828.534000
1829.148000
1829.761000
1830.391000
1831.004000
1831.634000
1832.248000
1832.861000
1833.491000
1834.105000
1834.735000
1835.348000
1835.962000
1836.592000
1837.205000
1838.448000
1839.062000
1839.692000
1840.305000
1840.935000
1841.549000
1842.162000
1842.792000
1843.406000
1844.036000
1844.649000
1845.893000
1846.506000
1847.136000
1847.749000
1848.363000
1848.993000
1849.606000
1850.220000
1850.850000
1851.463000
1852.093000
1852.707000
1853.320000
1853.950000
1854.563000
1855.193000
1855.807000
1856.420000
1858.294000
1858.907000
1859.521000
1860.151000
1860.764000
1861.394000
1862.008000
1862.621000
1863.251000
1863.864000
1864.494000
1865.108000
1865.721000
1866.351000
1866.965000
1867.595000
1868.208000
1868.822000
1869.452000
1870.065000
1870.695000
1871.308000
1871.922000
1872.552000
1873.165000
1873.795000
1874.409000
1885.434000
1886.047000
1886.661000
1887.291000
1887.904000
1888.534000
1889.148000
1889.761000
1890.391000
1891.005000
1891.635000
1892.248000
1892.861000
1893.491000
1894.105000
1894.735000
1895.348000
1895.962000
1896.592000
1897.205000
1897.835000
1898.449000
1899.062000
1899.692000
1900.305000
1900.935000
1902.162000
1902.792000
1903.406000
1904.036000
1905.263000
1905.893000
1906.506000
1907.136000
1907.750000
1908.363000
1908.993000
1909.606000
1910.236000
1910.850000
1911.463000
1912.093000
1912.707000
1913.337000
1913.950000
1914.564000
1915.194000
1915.807000
1916.437000
1917.050000
1917.664000
1918.294000
1918.907000
1919.521000
1920.151000
1920.764000
1921.394000
1922.621000
1923.251000
1923.865000
1924.495000
1925.108000
1925.721000
1926.351000
1926.965000
1927.595000
1928.822000
1929.452000
1930.065000
1930.695000
1931.309000
1931.922000
1932.552000
1933.165000
1933.795000
1934.409000
1945.434000
1946.048000
1946.661000
1947.291000
1947.904000
1948.534000
1949.148000
1949.761000
1950.391000
1951.005000
1951.635000
1952.862000
1953.492000
1954.105000
1954.735000
1955.348000
1955.962000
1956.592000
1957.205000
1957.835000
1958.449000
1959.062000
1959.692000
1960.306000
1960.936000
1961.549000
1962.162000
1962.792000
1963.406000
1964.036000
1964.649000
1965.263000
1965.893000
1966.506000
1967.136000
1967.750000
1968.363000
1968.993000
1969.607000
1970.237000
1970.850000
1971.463000
1972.093000
1972.707000
1973.337000
1975.194000
1975.807000
1976.421000
1977.051000
1977.664000
1978.294000
1978.907000
1979.521000
1980.764000
1981.394000
1982.008000
1982.621000
1983.251000
1983.865000
1984.495000
1985.108000
1985.722000
1986.352000
1986.965000
1987.595000
1988.208000
1988.822000
1989.452000
1990.065000
1990.695000
1991.309000
1991.922000
1992.552000
1993.166000
1993.796000
2005.434000
2006.048000
2006.661000
2007.291000
2007.904000
2008.535000
2009.761000
2010.391000
2011.005000
2011.635000
2012.862000
2013.492000
2014.105000
2014.735000
2015.349000
2015.962000
2016.592000
2017.205000
2017.835000
2018.449000
2019.062000
2019.692000
2020.306000
2021.549000
2023.406000
2024.019000
2024.650000
2025.263000
2025.893000
2026.506000
2027.120000
2028.993000
2029.607000
2030.220000
2031.464000
2032.094000
2032.707000
2033.320000
2033.950000
2034.564000
2035.194000
2036.421000
2037.051000
2037.664000
2038.294000
2038.908000
2039.521000
2040.151000
2040.764000
2041.394000
2042.008000
2042.621000
2043.251000
2043.865000
2044.495000
2045.108000
2045.722000
2046.352000
2046.965000
2048.209000
2048.822000
2049.452000
2050.065000
2050.695000
2051.309000
2051.922000
2052.552000
2053.166000
2053.796000
2054.409000
2065.434000
2066.048000
2066.661000
2067.291000
2067.905000
2068.535000
2069.148000
2069.762000
2070.392000
2071.005000
2071.635000
2072.248000
2072.862000
2073.492000
2074.105000
2074.735000
2075.349000
2075.962000
2076.592000
2077.206000
2077.836000
2078.449000
2079.062000
2079.692000
2080.306000
2080.936000
2081.549000
2082.163000
2082.793000
2083.406000
2084.036000
2084.650000
2085.263000
2085.893000
2086.507000
2087.137000
2087.750000
2088.363000
2088.993000
2089.607000
2090.237000
2090.850000
2091.464000
2092.094000
2092.707000
2093.321000
2093.951000
2094.564000
2095.194000
2095.807000
2096.421000
2097.051000
2097.664000
2098.294000
2098.908000
2099.521000
2100.151000
2100.765000
2101.395000
2102.008000
2102.621000
2103.251000
2103.865000
2104.495000
2105.108000
2105.722000
2106.352000
2106.965000
2107.595000
2108.209000
2108.822000
2109.452000
2110.066000
2110.696000
2111.309000
2111.922000
2112.552000
2113.166000
2113.796000
2114.409000
2125.434000
2126.048000
2126.661000
2127.291000
2127.905000
2128.535000
2129.148000
2129.762000
2130.392000
2131.005000
2131.635000
2132.249000
2132.862000
2133.492000
2134.105000
2134.735000
2135.349000
2135.962000
2136.592000
2137.206000
2137.836000
2138.449000
2139.063000
2139.693000
2140.306000
2140.936000
2141.549000
2142.163000
2142.793000
2143.406000
2144.036000
2144.650000
2145.263000
2145.893000
2146.507000
2147.137000
2147.750000
2148.994000
2149.607000
2150.237000
2151.464000
2152.707000
2153.321000
2153.951000
2154.564000
2155.194000
2155.808000
2156.421000
2157.051000
2157.664000
2158.294000
2158.908000
2159.521000
2160.151000
2160.765000
2161.395000
2162.008000
2162.622000
2163.252000
2163.865000
2164.495000
2165.109000
2165.722000
2166.352000
2166.965000
2167.595000
2168.209000
2168.822000
2169.452000
2170.066000
2170.696000
2171.309000
2171.923000
2172.553000
2173.166000
2173.796000
2174.409000
2185.435000
2186.048000
2186.661000
2187.291000
2187.905000
2188.535000
2189.148000
2189.762000
2190.392000
2191.005000
2191.635000
2192.249000
2192.862000
2193.492000
2194.106000
2194.736000
2195.349000
2195.962000
2196.592000
2197.836000
2198.449000
2199.063000
2199.693000
2200.306000
2200.936000
2201.550000
2202.163000
2202.793000
2203.406000
2204.036000
2204.650000
2205.263000
2205.893000
2206.507000
2207.137000
2207.750000
2208.364000
2208.994000
2209.607000
2210.221000
2210.851000
2211.464000
2212.094000
2212.707000
2213.321000
2213.951000
2214.564000
2215.194000
2215.808000
2216.421000
2217.051000
2217.665000
2218.295000
2218.908000
2219.521000
2220.151000
2220.765000
2221.395000
2223.252000
2223.865000
2224.495000
2225.109000
2225.722000
2226.352000
2226.966000
2227.596000
2228.822000
2229.452000
2230.066000
2230.696000
2231.309000
2231.923000
2232.553000
2233.166000
2233.796000
2234.410000
2245.435000
2246.048000
2246.662000
2247.292000
2247.905000
2248.535000
2249.148000
2249.762000
2250.392000
2251.005000
2251.635000
2252.249000
2252.862000
2253.492000
2254.106000
2254.736000
2255.349000
2255.963000
2256.593000
2257.206000
2257.836000
2258.449000
2259.063000
2259.693000
2260.306000
2260.936000
2261.550000
2262.163000
2262.793000
2263.407000
2264.037000
2264.650000
2265.263000
2265.893000
2266.507000
2267.137000
2267.750000
2268.994000
2269.607000
2270.221000
2270.851000
2271.464000
2272.094000
2272.708000
2273.321000
2273.951000
2274.564000
2275.194000
2275.808000
2276.421000
2277.051000
2277.665000
2278.295000
2278.908000
2279.522000
2280.152000
2280.765000
2281.395000
2282.008000
2282.622000
2283.252000
2284.495000
2285.109000
2285.722000
2286.352000
2286.966000
2287.596000
2288.209000
2288.823000
2289.453000
2290.066000
2290.696000
2291.309000
2291.923000
2292.553000
2293.166000
2293.796000
2294.410000
2305.435000
2306.048000
2306.662000
2307.905000
2308.535000
2309.149000
2309.762000
2310.392000
2311.005000
2311.636000
2312.249000
2312.862000
2313.492000
2314.106000
2315.349000
2315.963000
2316.593000
2317.206000
2317.836000
2318.450000
2319.063000
2319.693000
2320.306000
2320.936000
2321.550000
2322.163000
2322.793000
2323.407000
2324.037000
2324.650000
2325.264000
2325.894000
2326.507000
2327.137000
2327.750000
2328.364000
2328.994000
2329.607000
2330.221000
2330.851000
2331.464000
2332.094000
2332.708000
2333.321000
2333.951000
2334.565000
2335.195000
2335.808000
2336.421000
2337.051000
2337.665000
2338.295000
2338.908000
2339.522000
2340.152000
2340.765000
2341.395000
2342.009000
2343.252000
2343.865000
2344.495000
2345.109000
2345.722000
2346.352000
2346.966000
2347.596000
2348.209000
2348.823000
2349.453000
2350.066000
2350.696000
2351.310000
2351.923000
2352.553000
2353.796000
2354.410000
2365.435000
2366.048000
2366.662000
2367.292000
2367.905000
2368.535000
2369.149000
2369.762000
2371.636000
2372.249000
2372.862000
2373.492000
2374.106000
2374.736000
2375.349000
2375.963000
2376.593000
2377.206000
2377.836000
2378.450000
2379.063000
2379.693000
2380.307000
2380.937000
2381.550000
2382.163000
2382.793000
2383.407000
2384.037000
2384.650000
2385.264000
2385.894000
2386.507000
2387.121000
2387.751000
2388.364000
2388.994000
2389.607000
2390.221000
2390.851000
2391.464000
2392.094000
2392.708000
2393.321000
2393.951000
2394.565000
2395.195000
2396.422000
2397.052000
2397.665000
2398.295000
2398.908000
2399.522000
2400.152000
2400.765000
2401.395000
2402.009000
2402.622000
2403.252000
2403.866000
2404.496000
2405.109000
2405.722000
2406.352000
2406.966000
2407.596000
2408.209000
2408.823000
2409.453000
2410.066000
2410.696000
2411.310000
2411.923000
2412.553000
2413.167000
2413.797000
2414.410000
2425.435000
2426.049000
2426.662000
2427.292000
2428.535000
2429.149000
2429.762000
2430.392000
2431.006000
2431.636000
2432.249000
2432.863000
2433.493000
2434.736000
2435.350000
2435.963000
2436.593000
2437.206000
2437.836000
2438.450000
2439.063000
2439.693000
2440.307000
2440.937000
2441.550000
2442.794000
2443.407000
2444.037000
2444.650000
2445.264000
2445.894000
2446.507000
2447.121000
2447.751000
2448.364000
2448.994000
2449.608000
2450.221000
2450.851000
2452.095000
2452.708000
2453.951000
2455.808000
2456.422000
2457.665000
2458.295000
2458.909000
2459.522000
2460.152000
2460.765000
2461.395000
2462.622000
2463.252000
2464.496000
2465.109000
2465.723000
2466.353000
2466.966000
2467.596000
2468.210000
2468.823000
2469.453000
2470.066000
2470.696000
2471.310000
2471.923000
2472.553000
2473.167000
2473.797000
2474.410000
