311.296000
317.480000
319.966000
329.881000
332.368000
333.611000
337.325000
342.282000
343.526000
346.012000
347.256000
355.927000
370.052000
375.009000
376.253000
378.723000
379.967000
382.453000
383.680000
384.924000
389.881000
394.855000
401.055000
414.683000
439.967000
448.654000
461.055000
472.213000
475.927000
477.170000
490.053000
496.253000
501.210000
507.411000
509.881000
511.125000
513.612000
524.769000
528.483000
529.727000
530.970000
551.280000
558.724000
567.411000
572.368000
577.325000
581.056000
586.013000
589.727000
590.970000
595.927000
597.171000
613.767000
615.010000
616.253000
618.724000
624.924000
627.411000
638.569000
639.812000
643.526000
657.171000
670.053000
672.523000
676.254000
679.967000
683.681000
704.770000
710.970000
713.441000
715.928000
717.171000
751.125000
752.369000
758.569000
759.813000
762.283000
764.770000
767.240000
768.484000
773.441000
774.684000
775.928000
790.053000
795.010000
796.254000
799.968000
807.412000
813.612000
816.083000
817.326000
818.569000
823.527000
828.484000
834.684000
850.037000
858.724000
872.352000
874.839000
881.040000
884.754000
892.198000
897.155000
917.481000
923.682000
926.152000
932.352000
934.839000
939.797000
943.527000
950.954000
952.198000
953.441000
955.912000
970.037000
978.725000
989.882000
992.353000
998.553000
1003.527000
1004.754000
1012.198000
1013.441000
1014.685000
