1041.765000
1043.008000
1045.495000
1047.965000
1049.209000
1050.452000
1051.695000
1054.166000
1055.409000
1057.880000
1059.123000
1064.080000
1067.810000
1072.768000
1075.255000
1076.481000
1077.725000
1078.968000
1081.455000
1082.682000
1083.925000
1085.169000
1086.412000
1098.051000
1099.294000
1100.521000
1105.495000
1106.722000
1107.965000
1109.209000
1110.452000
1111.696000
1112.922000
1115.409000
1117.880000
1119.123000
1121.610000
1124.080000
1125.324000
1126.567000
1130.281000
1131.524000
1132.768000
1134.011000
1135.255000
1137.725000
1138.968000
1145.169000
1146.412000
1158.051000
1159.294000
1161.765000
1163.008000
1164.252000
1166.722000
1167.965000
1169.209000
1175.409000
1176.653000
1179.123000
1180.367000
1181.610000
1182.854000
1185.324000
1187.811000
1189.054000
1190.281000
1194.011000
1196.482000
1197.725000
1202.682000
1206.413000
1223.008000
1225.495000
1226.722000
1227.966000
1229.209000
1230.452000
1235.410000
1236.653000
1237.880000
1239.123000
1240.367000
1241.610000
1242.854000
1244.081000
1245.324000
1246.567000
1247.811000
1249.054000
1251.525000
1252.768000
1257.725000
1258.969000
1263.926000
1265.169000
1279.295000
1283.008000
1284.252000
1286.722000
1287.966000
1290.453000
1291.696000
1292.923000
1295.410000
1296.653000
1297.880000
1299.123000
1300.367000
1301.610000
1305.324000
1306.568000
1311.525000
1312.768000
1314.012000
1317.725000
1318.969000
1320.212000
1321.456000
1322.683000
1323.926000
1325.169000
1338.051000
1340.522000
1341.765000
1343.009000
1345.496000
1347.966000
1349.209000
1350.453000
1351.680000
1352.923000
1356.653000
1357.880000
1359.124000
1360.367000
1362.854000
1364.081000
1365.324000
1366.568000
1367.811000
1369.055000
1372.768000
1374.012000
1375.255000
1377.725000
1378.969000
1380.212000
1381.456000
1383.926000
1385.170000
1386.413000
1398.052000
1399.295000
1401.765000
1403.009000
1404.252000
1406.722000
1407.966000
1409.209000
1410.453000
1411.680000
1412.923000
1414.167000
1415.410000
1416.653000
1419.124000
1421.611000
1422.854000
1424.081000
1425.324000
1426.568000
1432.768000
1441.456000
1445.170000
1458.052000
1459.295000
1460.522000
1461.765000
1463.009000
1467.966000
1470.453000
1471.680000
1472.923000
1474.167000
1475.410000
1476.654000
1480.367000
1485.325000
1486.568000
1490.282000
1492.769000
1495.255000
1496.482000
1497.726000
1498.969000
1500.213000
1501.439000
1502.683000
1503.926000
1505.170000
1506.413000
1518.052000
1521.766000
1523.009000
1524.252000
1526.723000
1527.966000
1530.453000
1532.923000
1534.167000
1536.654000
1537.881000
1539.124000
1542.854000
1545.325000
1547.812000
1549.055000
1550.282000
1551.525000
1552.769000
1554.012000
1555.256000
1556.482000
1557.726000
1560.213000
1562.683000
1563.927000
1565.170000
1566.413000
1580.522000
1581.766000
1587.966000
1589.210000
1590.453000
1591.680000
1592.924000
1594.167000
1595.410000
1596.654000
1597.881000
1599.124000
1600.368000
1601.611000
1605.325000
1606.568000
1607.812000
1609.055000
1611.525000
1612.769000
1615.256000
1616.483000
1617.726000
1620.213000
1625.170000
1638.052000
1644.253000
1645.480000
1646.723000
1650.453000
1651.680000
1655.411000
1656.654000
1657.881000
1660.368000
1661.611000
1662.855000
1664.081000
1667.812000
1670.282000
1671.526000
1676.483000
1678.970000
1680.213000
1681.440000
1682.683000
1683.927000
1685.170000
1698.052000
1699.296000
1700.523000
1701.766000
1703.009000
1704.253000
1705.480000
1709.210000
1710.454000
1714.167000
1715.411000
1716.654000
1717.881000
1719.124000
1720.368000
1721.611000
1724.082000
1727.812000
1729.055000
1730.282000
1732.769000
1734.013000
1735.256000
1740.213000
1741.440000
1742.684000
1743.927000
1745.170000
1746.414000
