6.329000
6.942000
7.572000
8.186000
8.816000
9.429000
10.043000
10.673000
11.286000
11.900000
12.530000
13.143000
13.773000
14.386000
15.000000
15.630000
16.243000
16.873000
17.487000
18.100000
18.730000
19.344000
19.974000
20.587000
21.201000
21.831000
22.444000
23.074000
23.687000
24.301000
24.931000
25.544000
26.174000
26.788000
27.401000
28.031000
28.645000
29.275000
29.888000
30.501000
31.131000
31.745000
32.375000
32.988000
33.602000
34.232000
34.845000
35.475000
36.089000
36.702000
37.332000
37.946000
38.576000
39.189000
39.802000
40.432000
41.046000
41.676000
42.289000
42.903000
43.533000
44.146000
44.760000
45.390000
46.003000
46.633000
47.246000
47.860000
48.490000
49.103000
49.733000
50.347000
50.960000
51.590000
52.204000
52.834000
53.447000
54.060000
54.690000
55.304000
55.934000
56.547000
57.161000
57.791000
58.404000
66.329000
66.943000
67.573000
68.186000
68.816000
69.429000
70.043000
70.673000
71.286000
71.900000
72.530000
73.143000
73.773000
74.387000
75.000000
75.630000
76.243000
76.873000
77.487000
78.100000
78.730000
79.344000
79.974000
80.587000
81.201000
81.831000
82.444000
83.074000
83.688000
84.301000
84.931000
85.544000
86.174000
86.788000
87.401000
88.031000
88.645000
89.275000
89.888000
90.502000
91.132000
91.745000
92.375000
92.988000
93.602000
94.232000
94.845000
95.475000
96.089000
96.702000
97.332000
97.946000
98.576000
99.189000
99.802000
100.433000
101.046000
101.676000
102.289000
102.903000
103.533000
104.146000
104.760000
105.390000
106.003000
106.633000
107.247000
107.860000
108.490000
109.103000
109.733000
110.347000
110.960000
111.590000
112.204000
112.834000
113.447000
114.061000
114.691000
115.304000
115.934000
116.548000
117.161000
117.791000
118.404000
126.329000
126.943000
127.573000
128.186000
128.800000
129.430000
130.043000
130.673000
131.286000
131.900000
132.530000
133.143000
133.773000
134.387000
135.000000
135.630000
136.244000
136.874000
137.487000
138.100000
138.730000
139.344000
139.974000
140.587000
141.201000
141.831000
142.444000
143.074000
143.688000
144.301000
144.931000
145.545000
146.175000
146.788000
147.401000
148.031000
148.645000
149.275000
149.888000
150.502000
151.132000
151.745000
152.375000
152.989000
153.602000
154.232000
154.845000
155.475000
156.089000
156.702000
157.332000
157.946000
158.576000
159.189000
159.803000
160.433000
161.046000
161.660000
162.290000
162.903000
163.533000
164.146000
164.760000
165.390000
166.003000
166.633000
167.247000
167.860000
168.490000
169.104000
169.734000
170.347000
170.960000
171.590000
172.204000
172.834000
173.447000
174.061000
174.691000
175.304000
175.934000
176.548000
177.161000
177.791000
178.405000
186.329000
186.943000
187.573000
188.186000
188.800000
189.430000
190.043000
190.673000
191.287000
191.900000
192.530000
193.143000
193.773000
194.387000
195.000000
195.630000
196.244000
196.874000
197.487000
198.101000
198.731000
199.344000
199.974000
200.587000
201.201000
201.831000
202.444000
203.074000
203.688000
204.301000
204.931000
205.545000
206.175000
206.788000
207.402000
208.032000
208.645000
209.275000
209.888000
210.502000
211.132000
211.745000
212.375000
212.989000
213.602000
214.232000
214.846000
215.476000
216.089000
216.702000
217.332000
217.946000
218.576000
219.189000
219.803000
220.433000
221.046000
221.660000
222.290000
222.903000
223.533000
224.147000
224.760000
225.390000
226.003000
226.633000
227.247000
227.860000
228.490000
229.104000
229.734000
230.347000
230.961000
231.591000
232.204000
232.834000
233.447000
234.061000
234.691000
235.304000
235.934000
236.548000
237.161000
237.791000
238.405000
246.330000
246.943000
247.573000
248.186000
248.800000
249.430000
250.043000
250.673000
251.287000
251.900000
252.530000
253.144000
253.774000
254.387000
255.000000
255.630000
256.244000
256.874000
257.487000
258.101000
258.731000
259.344000
259.974000
260.588000
261.201000
261.831000
262.444000
263.074000
263.688000
264.301000
264.931000
265.545000
266.175000
266.788000
267.402000
268.032000
268.645000
269.275000
269.889000
270.502000
271.132000
271.745000
272.375000
272.989000
273.602000
274.232000
274.846000
275.476000
276.089000
276.703000
277.333000
277.946000
278.576000
279.189000
279.803000
280.433000
281.046000
281.660000
282.290000
282.903000
283.533000
284.147000
284.760000
285.390000
286.004000
286.634000
287.247000
287.860000
288.490000
289.104000
289.734000
290.347000
290.961000
291.591000
292.204000
292.834000
293.448000
294.061000
294.691000
295.304000
295.934000
296.548000
297.161000
297.791000
298.405000
306.330000
306.943000
307.573000
308.187000
308.800000
309.430000
310.043000
310.673000
311.287000
311.900000
312.530000
313.144000
313.774000
314.387000
315.001000
315.631000
316.244000
316.874000
317.487000
318.101000
318.731000
319.344000
319.974000
320.588000
321.201000
321.831000
322.445000
323.075000
323.688000
324.301000
324.932000
325.545000
326.175000
326.788000
327.402000
328.032000
328.645000
329.275000
329.889000
330.502000
331.132000
331.746000
332.376000
332.989000
333.602000
334.232000
334.846000
335.476000
336.089000
336.703000
337.333000
337.946000
338.560000
339.190000
339.803000
340.433000
341.046000
341.660000
342.290000
342.903000
343.533000
344.147000
344.760000
345.390000
346.004000
346.634000
347.247000
347.861000
348.491000
349.104000
349.734000
350.347000
350.961000
351.591000
352.204000
352.834000
353.448000
354.061000
354.691000
355.305000
355.935000
356.548000
357.162000
357.791000
358.405000
366.330000
366.943000
367.573000
368.187000
368.817000
369.430000
370.043000
370.674000
371.287000
371.917000
372.530000
373.144000
373.774000
374.387000
375.001000
375.631000
376.244000
376.874000
377.488000
378.101000
378.731000
379.344000
379.974000
380.588000
381.201000
381.831000
382.445000
383.075000
383.688000
384.302000
384.932000
385.545000
386.175000
386.789000
387.402000
388.032000
388.645000
389.275000
389.889000
390.502000
391.132000
391.746000
392.376000
392.989000
393.603000
394.233000
394.846000
395.476000
396.089000
396.703000
397.333000
397.946000
398.576000
399.190000
399.803000
400.433000
401.047000
401.677000
402.290000
402.903000
403.533000
404.147000
404.777000
405.390000
406.004000
406.634000
407.247000
407.861000
408.491000
409.104000
409.734000
410.348000
410.961000
411.591000
412.204000
412.834000
413.448000
414.061000
414.691000
415.305000
415.935000
416.548000
417.162000
417.792000
418.405000
426.330000
426.943000
427.573000
428.187000
428.800000
429.430000
430.044000
430.674000
431.287000
431.901000
432.531000
433.144000
433.774000
434.387000
435.001000
435.631000
436.244000
436.874000
437.488000
438.101000
438.731000
439.345000
439.975000
440.588000
441.201000
441.831000
442.445000
443.075000
443.688000
444.302000
444.932000
445.545000
446.175000
446.789000
447.402000
448.032000
448.646000
449.276000
449.889000
450.502000
451.132000
451.746000
452.376000
452.989000
453.603000
454.233000
454.846000
455.460000
456.090000
456.703000
457.333000
457.946000
458.560000
459.190000
459.803000
460.433000
461.047000
461.660000
462.290000
462.904000
463.534000
464.147000
464.760000
465.391000
466.004000
466.634000
467.247000
467.861000
468.491000
469.104000
469.734000
470.348000
470.961000
471.591000
472.205000
472.835000
473.448000
474.061000
474.692000
475.305000
475.935000
476.548000
477.162000
477.792000
478.405000
486.330000
486.943000
487.573000
488.187000
488.800000
489.430000
490.044000
490.674000
491.287000
491.901000
492.531000
493.144000
493.774000
494.388000
495.001000
495.631000
496.244000
496.874000
497.488000
498.101000
498.731000
499.345000
499.975000
500.588000
501.202000
501.832000
502.445000
503.075000
503.688000
504.302000
504.932000
505.545000
506.175000
506.789000
507.402000
508.032000
508.646000
509.276000
509.889000
510.503000
511.133000
511.746000
512.376000
512.989000
513.603000
514.233000
514.846000
515.460000
516.090000
516.703000
517.333000
517.947000
518.560000
519.190000
519.803000
520.433000
521.047000
521.660000
522.290000
522.904000
523.534000
524.147000
524.761000
525.391000
526.004000
526.634000
527.247000
527.861000
528.491000
529.104000
529.734000
530.348000
530.961000
531.591000
532.205000
532.835000
533.448000
534.062000
534.692000
535.305000
535.935000
536.548000
537.162000
537.792000
538.405000
546.330000
546.944000
547.574000
548.187000
548.817000
549.430000
550.044000
550.674000
551.287000
551.901000
552.531000
553.144000
553.774000
554.388000
555.001000
555.631000
556.245000
556.875000
557.488000
558.101000
558.731000
559.345000
559.975000
560.588000
561.202000
561.832000
562.445000
563.075000
563.689000
564.302000
564.932000
565.545000
566.175000
566.789000
567.402000
568.032000
568.646000
569.276000
569.889000
570.503000
571.133000
571.746000
572.376000
572.990000
573.603000
574.233000
574.846000
575.476000
576.090000
576.703000
577.333000
577.947000
578.577000
579.190000
579.804000
580.434000
581.047000
581.677000
582.290000
582.904000
583.534000
584.147000
584.761000
585.391000
586.004000
586.634000
587.248000
587.861000
588.491000
589.104000
589.735000
590.348000
590.961000
591.591000
592.205000
592.835000
593.448000
594.062000
594.692000
595.305000
595.935000
596.549000
597.162000
597.792000
598.405000
606.330000
606.944000
607.574000
608.187000
608.801000
609.431000
610.044000
610.674000
611.288000
611.901000
612.531000
613.144000
613.774000
614.388000
615.001000
615.631000
616.245000
616.875000
617.488000
618.102000
618.732000
619.345000
619.975000
620.588000
621.202000
621.832000
622.445000
623.075000
623.689000
624.302000
624.932000
625.546000
626.176000
626.789000
627.402000
628.032000
628.646000
629.276000
629.889000
630.503000
631.133000
631.746000
632.360000
632.990000
633.603000
634.233000
634.847000
635.460000
636.090000
636.703000
637.333000
637.947000
638.560000
639.190000
639.804000
640.434000
641.047000
641.661000
642.291000
642.904000
643.534000
644.147000
644.761000
645.391000
646.004000
646.634000
647.248000
647.861000
648.491000
649.105000
649.735000
650.348000
650.962000
651.592000
652.205000
652.835000
653.448000
654.062000
654.692000
655.305000
655.935000
656.549000
657.162000
657.792000
658.406000
666.314000
666.944000
667.557000
668.187000
668.801000
669.414000
670.044000
670.658000
671.288000
671.901000
672.514000
673.144000
673.758000
674.388000
675.001000
675.615000
676.245000
676.858000
677.472000
678.102000
678.715000
679.345000
679.959000
680.572000
681.202000
681.815000
682.445000
683.059000
683.672000
684.302000
684.916000
685.546000
686.159000
686.773000
687.403000
688.016000
688.646000
689.259000
689.873000
690.503000
691.116000
691.746000
692.360000
692.973000
693.603000
694.217000
694.847000
695.460000
696.074000
696.704000
697.317000
697.947000
698.560000
699.174000
699.804000
700.417000
701.047000
701.661000
702.274000
702.904000
703.518000
704.148000
704.761000
705.374000
706.004000
706.618000
707.248000
707.861000
708.475000
709.105000
709.718000
710.332000
710.962000
711.575000
712.205000
712.819000
713.432000
714.062000
714.675000
715.305000
715.919000
716.532000
717.162000
717.776000
718.406000
726.314000
726.944000
727.557000
728.187000
728.801000
729.414000
730.044000
730.658000
731.288000
731.901000
732.515000
733.145000
733.758000
734.388000
735.002000
735.615000
736.245000
736.858000
737.488000
738.102000
738.715000
739.345000
739.959000
740.589000
741.202000
741.816000
742.446000
743.059000
743.689000
744.302000
744.916000
745.546000
746.159000
746.773000
747.403000
748.016000
748.646000
749.260000
749.873000
750.503000
751.116000
751.746000
752.360000
752.973000
753.603000
754.217000
754.847000
755.460000
756.074000
756.704000
757.317000
757.947000
758.561000
759.174000
759.804000
760.417000
761.047000
761.661000
762.274000
762.904000
763.518000
764.148000
764.761000
765.375000
766.005000
766.618000
767.248000
767.861000
768.475000
769.105000
769.718000
770.348000
770.962000
771.575000
772.205000
772.819000
773.449000
774.062000
774.676000
775.306000
775.919000
776.549000
777.162000
777.776000
778.406000
786.314000
786.944000
787.558000
788.188000
788.801000
789.414000
790.044000
790.658000
791.288000
791.901000
792.515000
793.145000
793.758000
794.388000
795.002000
795.615000
796.245000
796.858000
797.489000
798.102000
798.715000
799.345000
799.959000
800.589000
801.202000
801.816000
802.446000
803.059000
803.673000
804.303000
804.916000
805.546000
806.159000
806.773000
807.403000
808.016000
808.646000
809.260000
809.873000
810.503000
811.117000
811.747000
812.360000
812.973000
813.604000
814.217000
814.847000
815.460000
816.074000
816.704000
817.317000
817.947000
818.561000
819.174000
819.804000
820.418000
821.048000
821.661000
822.274000
822.904000
823.518000
824.148000
824.761000
825.375000
826.005000
826.618000
827.248000
827.862000
828.475000
829.105000
829.718000
830.348000
830.962000
831.575000
832.205000
832.819000
833.449000
834.062000
834.676000
835.306000
835.919000
836.533000
837.163000
837.776000
838.406000
846.314000
846.944000
847.558000
848.188000
848.801000
849.415000
850.045000
850.658000
851.288000
851.901000
852.515000
853.145000
853.758000
854.388000
855.002000
855.615000
856.245000
856.859000
857.489000
858.102000
858.715000
859.346000
859.959000
860.589000
861.202000
861.816000
862.446000
863.059000
863.673000
864.303000
864.916000
865.546000
866.160000
866.773000
867.403000
868.016000
868.646000
869.260000
869.873000
870.503000
871.117000
871.747000
872.360000
872.974000
873.604000
874.217000
874.847000
875.460000
876.074000
876.704000
877.317000
877.947000
878.561000
879.174000
879.804000
880.418000
881.048000
881.661000
882.275000
882.905000
883.518000
884.148000
884.761000
885.375000
886.005000
886.618000
887.248000
887.862000
888.475000
889.105000
889.719000
890.349000
890.962000
891.575000
892.205000
892.819000
893.449000
894.062000
894.676000
895.306000
895.919000
896.533000
897.163000
897.776000
898.406000
906.314000
906.944000
907.558000
908.188000
908.801000
909.415000
910.045000
910.658000
911.288000
911.902000
912.515000
913.145000
913.758000
914.388000
915.002000
915.615000
916.245000
916.859000
917.489000
918.102000
918.716000
919.346000
919.959000
920.573000
921.203000
921.816000
922.446000
923.059000
923.673000
924.303000
924.916000
925.546000
926.160000
926.773000
927.403000
928.017000
928.647000
929.260000
929.873000
930.503000
931.117000
931.747000
932.360000
932.974000
933.604000
934.217000
934.847000
935.461000
936.074000
936.704000
937.318000
937.948000
938.561000
939.174000
939.804000
940.418000
941.048000
941.661000
942.275000
942.905000
943.518000
944.148000
944.762000
945.375000
946.005000
946.618000
947.248000
947.862000
948.475000
949.105000
949.719000
950.349000
950.962000
951.576000
952.206000
952.819000
953.449000
954.062000
954.676000
955.306000
955.919000
956.533000
957.163000
957.776000
958.406000
966.315000
966.945000
967.558000
968.188000
968.801000
969.415000
970.045000
970.658000
971.288000
971.902000
972.515000
973.145000
973.759000
974.389000
975.002000
975.615000
976.245000
976.859000
977.489000
978.102000
978.716000
979.346000
979.959000
980.573000
981.203000
981.816000
982.446000
983.060000
983.673000
984.303000
984.916000
985.546000
986.160000
986.773000
987.403000
988.017000
988.647000
989.260000
989.874000
990.504000
991.117000
991.747000
992.360000
992.974000
993.604000
994.217000
994.847000
995.461000
996.074000
996.704000
997.318000
997.948000
998.561000
999.175000
999.805000
1000.418000
1001.048000
1001.661000
1002.275000
1002.905000
1003.518000
1004.148000
1004.762000
1005.375000
1006.005000
1006.619000
1007.249000
1007.862000
1008.475000
1009.105000
1009.719000
1010.349000
1010.962000
1011.576000
1012.206000
1012.819000
1013.433000
1014.063000
1014.676000
1015.306000
1015.920000
1016.533000
1017.163000
1017.776000
1018.406000
