1771.021000
1777.221000
1778.448000
1779.692000
1780.935000
1795.823000
1797.050000
1811.938000
1814.408000
1826.047000
1834.735000
1839.692000
1842.179000
1844.649000
1848.379000
1849.623000
1850.850000
1862.024000
1863.251000
1865.738000
1868.208000
1870.695000
1871.938000
1895.978000
1899.692000
1902.179000
1908.379000
1909.623000
1912.093000
1925.738000
1930.695000
1949.761000
1952.248000
1959.692000
1962.162000
1969.606000
1980.764000
1988.208000
1989.452000
1994.409000
2009.761000
2013.492000
2019.692000
2022.162000
2029.607000
2034.564000
2044.495000
2049.452000
2051.922000
2054.409000
2066.048000
2067.291000
2071.005000
2073.492000
2075.962000
2087.120000
2088.363000
2093.320000
2094.564000
2097.051000
2100.764000
2109.452000
2126.048000
2127.291000
2135.962000
2138.449000
2139.692000
2147.120000
2149.607000
2153.321000
2162.008000
2164.495000
2166.965000
2170.696000
2174.409000
2186.048000
2188.535000
2192.248000
2203.406000
2205.893000
2212.094000
2228.209000
2231.923000
2248.535000
2258.449000
2260.920000
2265.893000
2269.607000
2278.295000
2280.765000
2285.722000
2286.965000
2307.292000
2312.249000
2314.736000
2315.963000
2318.449000
2328.364000
2334.564000
2345.722000
2354.410000
2377.206000
2379.693000
2392.094000
2395.808000
2405.722000
2428.535000
2431.006000
2434.736000
2435.963000
2437.206000
2442.163000
2443.407000
2448.364000
2454.565000
2457.052000
2460.765000
