1039.274000
1040.518000
1041.761000
1043.005000
1044.232000
1045.475000
1046.718000
1047.962000
1049.205000
1054.163000
1055.406000
1056.633000
1057.876000
1059.120000
1060.363000
1061.607000
1062.833000
1065.320000
1067.807000
1069.034000
1070.278000
1071.521000
1072.764000
1074.008000
1075.235000
1076.478000
1080.192000
1082.679000
1085.166000
1086.393000
1098.048000
1101.761000
1103.005000
1104.232000
1107.962000
1109.206000
1110.432000
1112.919000
1114.163000
1115.406000
1116.633000
1120.363000
1125.320000
1127.807000
1129.034000
1130.278000
1131.521000
1134.008000
1135.235000
1136.478000
1138.965000
1140.192000
1141.435000
1145.166000
1146.393000
1158.048000
1161.762000
1163.005000
1164.232000
1165.475000
1166.719000
1167.962000
1169.206000
1171.676000
1172.919000
1174.163000
1176.633000
1177.877000
1181.607000
1182.834000
1186.564000
1187.807000
1189.034000
1191.521000
1195.235000
1196.478000
1198.965000
1200.192000
1201.436000
1202.679000
1203.922000
1205.166000
1206.393000
1219.275000
1220.518000
1221.762000
1223.005000
1225.475000
1226.719000
1229.206000
1231.676000
1232.920000
1234.163000
1235.406000
1236.633000
1237.877000
1239.120000
1240.364000
1242.834000
1244.077000
1245.321000
1247.808000
1249.034000
1250.278000
1251.521000
1253.992000
1255.235000
1256.479000
1257.722000
1258.965000
1260.192000
1261.436000
1263.923000
1265.166000
1266.393000
1278.032000
1279.275000
1280.518000
1283.005000
1286.719000
1291.676000
1294.163000
1295.407000
1297.877000
1299.120000
1300.364000
1301.607000
1302.834000
1304.077000
1305.321000
1306.564000
1307.808000
1309.035000
1310.278000
1312.765000
1315.235000
1317.722000
1318.966000
1321.436000
1322.679000
1323.923000
1325.166000
1339.275000
1340.519000
1343.005000
1345.476000
1346.719000
1347.963000
1349.206000
1350.433000
1351.676000
1352.920000
1355.407000
1356.634000
1357.877000
1359.120000
1360.364000
1361.607000
1362.834000
1364.078000
1365.321000
1366.564000
1369.035000
1370.278000
1371.522000
1372.765000
1373.992000
1375.235000
1376.479000
1377.722000
1378.966000
1380.193000
1382.679000
1383.923000
1385.166000
1398.032000
1399.275000
1400.519000
1401.762000
1403.006000
1404.232000
1406.719000
1407.963000
1410.433000
1412.920000
1415.407000
1417.877000
1419.121000
1420.364000
1421.607000
1422.834000
1425.321000
1426.565000
1427.808000
1430.278000
1432.765000
1435.236000
1436.479000
1438.966000
1440.193000
1441.436000
1442.680000
1443.923000
1458.032000
1459.275000
1463.006000
1465.476000
1466.719000
1467.963000
1469.206000
1470.433000
1472.920000
1474.163000
1475.407000
1476.634000
1477.877000
1479.121000
1485.321000
1486.565000
1489.035000
1490.278000
1491.522000
1492.765000
1495.236000
1498.966000
1500.193000
1501.436000
1502.680000
1503.923000
1505.167000
1506.393000
1518.032000
1520.519000
1524.233000
1525.476000
1526.720000
1527.963000
1529.206000
1531.677000
1532.920000
1534.164000
1537.877000
1539.121000
1542.835000
1544.078000
1545.321000
1546.565000
1547.792000
1549.035000
1552.765000
1553.992000
1556.479000
1558.966000
1560.193000
1561.436000
1562.680000
1563.923000
1566.394000
1578.032000
1579.276000
1580.519000
1581.763000
1585.476000
1586.720000
1587.963000
1589.207000
1591.677000
1592.920000
1594.164000
1595.407000
1596.634000
1597.877000
1599.121000
1600.364000
1601.608000
1606.565000
1609.035000
1610.279000
1611.522000
1613.993000
1615.236000
1618.966000
1620.193000
1621.437000
1623.923000
1625.167000
1638.032000
1640.519000
1641.763000
1643.006000
1644.233000
1646.720000
1647.963000
1649.207000
1650.434000
1651.677000
1652.920000
1654.164000
1655.407000
1656.634000
1657.878000
1659.121000
1660.365000
1662.835000
1665.322000
1666.565000
1667.792000
1669.035000
1672.766000
1673.993000
1675.236000
1677.723000
1678.966000
1681.437000
1682.680000
1683.924000
1686.394000
1698.032000
1699.276000
1700.519000
1706.720000
1709.207000
1711.677000
1712.921000
1714.164000
1716.634000
1720.365000
1721.592000
1722.835000
1724.078000
1725.322000
1726.565000
1729.036000
1730.279000
1731.522000
1732.766000
1733.993000
1735.236000
1736.480000
1737.723000
1738.967000
1740.193000
1741.437000
1742.680000
1743.924000
1745.167000
