1767.290000
1768.534000
1769.777000
1772.248000
1773.491000
1774.734000
1775.978000
1778.448000
1782.178000
1783.422000
1784.649000
1785.892000
1787.136000
1788.379000
1789.623000
1790.849000
1792.093000
1793.336000
1798.293000
1799.537000
1802.024000
1803.251000
1804.494000
1805.738000
1806.981000
1808.208000
1809.451000
1810.695000
1813.182000
1828.534000
1829.777000
1831.021000
1832.248000
1833.491000
1835.978000
1837.221000
1838.448000
1840.935000
1845.892000
1847.136000
1848.379000
1853.336000
1854.580000
1855.823000
1857.050000
1858.294000
1859.537000
1860.780000
1863.251000
1864.494000
1866.981000
1873.182000
1874.409000
1886.064000
1887.291000
1888.534000
1889.778000
1892.248000
1893.491000
1894.735000
1898.448000
1900.935000
1903.422000
1904.649000
1905.893000
1907.136000
1910.850000
1913.337000
1914.580000
1917.050000
1918.294000
1919.537000
1920.781000
1922.024000
1923.251000
1924.494000
1928.208000
1929.452000
1931.938000
1933.182000
1934.409000
1946.047000
1947.291000
1948.534000
1951.005000
1953.491000
1954.735000
1955.962000
1958.449000
1960.935000
1964.649000
1965.893000
1967.119000
1968.363000
1972.093000
1973.320000
1974.564000
1975.807000
1977.050000
1978.294000
1979.521000
1982.008000
1983.251000
1984.494000
1985.721000
1986.965000
1990.695000
1991.922000
1993.165000
2006.047000
2007.291000
2008.534000
2011.005000
2012.248000
2014.735000
2015.962000
2017.205000
2018.449000
2020.936000
2024.649000
2027.120000
2028.363000
2030.850000
2032.093000
2033.320000
2035.807000
2037.051000
2038.294000
2039.521000
2040.764000
2042.008000
2043.251000
2045.722000
2046.965000
2048.208000
2050.695000
2053.166000
2068.534000
2069.761000
2072.248000
2074.735000
2077.205000
2078.449000
2079.692000
2080.936000
2082.163000
2083.406000
2084.649000
2085.893000
2089.607000
2090.850000
2092.094000
2093.320000
2098.294000
2099.521000
2102.008000
2103.251000
2104.495000
2105.722000
2106.965000
2110.695000
2111.922000
2114.409000
2128.535000
2129.761000
2131.005000
2132.248000
2133.492000
2134.735000
2137.206000
2140.936000
2142.163000
2143.406000
2144.650000
2145.893000
2148.363000
2150.850000
2152.094000
2153.321000
2155.807000
2157.051000
2158.294000
2159.521000
2160.765000
2163.251000
2165.722000
2168.209000
2169.452000
2171.922000
2173.166000
2187.291000
2188.535000
2189.762000
2191.005000
2193.492000
2194.735000
2195.962000
2197.206000
2198.449000
2199.693000
2200.936000
2202.163000
2203.406000
2207.120000
2208.363000
2209.607000
2210.850000
2213.321000
2214.564000
2215.808000
2217.051000
2218.294000
2219.521000
2220.765000
2222.008000
2223.252000
2224.495000
2225.722000
2226.965000
2228.209000
2229.452000
2230.696000
2233.166000
2234.409000
2246.048000
2247.291000
2249.762000
2251.005000
2252.249000
2253.492000
2254.736000
2255.962000
2257.206000
2259.693000
2262.163000
2263.406000
2267.120000
2268.364000
2270.851000
2272.094000
2273.321000
2274.564000
2277.051000
2278.295000
2279.521000
2283.252000
2284.495000
2288.209000
2290.696000
2291.923000
2294.410000
2306.048000
2308.535000
2311.005000
2313.492000
2317.206000
2319.693000
2320.920000
2322.163000
2323.407000
2324.650000
2325.893000
2327.120000
2329.607000
2330.851000
2332.094000
2333.321000
2335.808000
2337.051000
2338.295000
2339.522000
2340.765000
2342.008000
2344.495000
2346.966000
2348.209000
2349.452000
2350.696000
2351.923000
2366.048000
2367.292000
2369.762000
2371.005000
2372.249000
2373.492000
2374.736000
2375.963000
2378.450000
2380.920000
2382.163000
2383.407000
2384.650000
2385.894000
2387.120000
2389.607000
2390.851000
2393.321000
2394.565000
2397.051000
2399.522000
2400.765000
2402.009000
2403.252000
2404.495000
2406.966000
2409.453000
2410.696000
2411.923000
2413.166000
2414.410000
2427.292000
2429.762000
2433.492000
2438.450000
2439.693000
2440.920000
2444.650000
2445.894000
2447.121000
2449.607000
2450.851000
2452.094000
2453.321000
2455.808000
2459.522000
2462.009000
2463.252000
2464.496000
2466.966000
2468.209000
2469.453000
2470.680000
2471.923000
2473.167000
2474.410000
