1766.677000
1767.290000
1767.920000
1768.534000
1769.164000
1769.777000
1770.391000
1771.021000
1771.634000
1772.248000
1772.878000
1773.491000
1774.121000
1774.734000
1775.348000
1775.978000
1776.591000
1777.221000
1777.835000
1778.448000
1778.448000
1779.078000
1779.692000
1780.322000
1780.935000
1781.548000
1782.178000
1782.792000
1783.422000
1784.035000
1784.649000
1785.279000
1785.892000
1786.522000
1787.136000
1787.749000
1788.379000
1788.993000
1789.623000
1790.236000
1790.849000
1791.479000
1792.093000
1792.723000
1793.336000
1793.950000
1795.193000
1795.823000
1796.437000
1797.050000
1797.680000
1798.293000
1798.923000
1799.537000
1800.150000
1801.394000
1802.024000
1802.637000
1803.251000
1803.881000
1804.494000
1805.108000
1805.738000
1806.351000
1806.981000
1807.594000
1808.208000
1808.838000
1809.451000
1810.081000
1810.695000
1811.308000
1811.938000
1812.552000
1813.182000
1813.795000
1814.408000
1825.434000
1826.047000
1826.677000
1827.921000
1828.534000
1829.164000
1829.777000
1830.391000
1831.021000
1831.634000
1832.248000
1832.878000
1833.491000
1834.121000
1834.735000
1835.348000
1835.978000
1836.591000
1837.221000
1837.835000
1838.448000
1839.078000
1839.692000
1840.322000
1840.935000
1841.549000
1842.179000
1842.792000
1844.036000
1844.649000
1845.279000
1845.892000
1846.522000
1847.136000
1847.749000
1848.379000
1848.379000
1848.993000
1849.623000
1850.236000
1850.850000
1851.480000
1852.723000
1853.336000
1853.950000
1854.580000
1855.193000
1855.823000
1856.437000
1857.050000
1857.680000
1858.294000
1858.924000
1859.537000
1860.150000
1860.780000
1861.394000
1862.024000
1862.637000
1863.251000
1863.251000
1863.881000
1864.494000
1865.108000
1865.738000
1866.351000
1866.981000
1867.595000
1868.208000
1868.838000
1870.081000
1870.695000
1871.308000
1871.938000
1872.552000
1873.182000
1873.795000
1874.409000
1885.434000
1886.064000
1886.677000
1887.291000
1887.921000
1888.534000
1889.148000
1889.778000
1890.391000
1891.634000
1892.248000
1892.878000
1893.491000
1894.121000
1894.735000
1895.348000
1895.978000
1896.592000
1897.835000
1898.448000
1899.078000
1899.692000
1900.322000
1900.935000
1901.549000
1902.179000
1902.792000
1903.422000
1904.036000
1904.649000
1905.279000
1905.893000
1907.136000
1907.749000
1908.379000
1908.993000
1909.623000
1910.236000
1910.850000
1911.480000
1912.093000
1912.723000
1913.337000
1913.950000
1914.580000
1915.193000
1916.437000
1917.050000
1917.680000
1918.294000
1918.924000
1919.537000
1920.151000
1920.781000
1921.394000
1922.024000
1922.637000
1923.251000
1923.881000
1924.494000
1925.108000
1925.738000
1926.351000
1928.208000
1928.838000
1929.452000
1930.082000
1930.695000
1931.308000
1931.938000
1932.552000
1933.182000
1933.795000
1934.409000
1945.434000
1946.047000
1946.661000
1947.291000
1947.904000
1948.534000
1949.148000
1949.761000
1950.391000
1951.005000
1951.635000
1952.248000
1952.861000
1953.491000
1954.105000
1954.735000
1955.348000
1955.962000
1956.592000
1957.835000
1958.449000
1959.062000
1959.692000
1960.305000
1960.935000
1961.549000
1962.162000
1962.792000
1964.036000
1964.649000
1965.263000
1965.893000
1966.506000
1967.119000
1967.749000
1968.363000
1968.993000
1969.606000
1970.220000
1971.463000
1972.093000
1973.320000
1973.950000
1974.564000
1975.194000
1975.807000
1977.050000
1977.664000
1978.294000
1978.907000
1979.521000
1980.151000
1980.764000
1981.394000
1982.008000
1982.621000
1983.251000
1983.864000
1984.494000
1985.108000
1985.721000
1986.351000
1986.965000
1987.595000
1988.208000
1988.822000
1989.452000
1990.695000
1991.309000
1991.922000
1992.552000
1993.165000
1993.795000
1994.409000
2005.434000
2006.047000
2006.661000
2007.291000
2007.904000
2008.534000
2009.148000
2009.761000
2010.391000
2011.005000
2012.248000
2012.862000
2013.492000
2014.105000
2014.735000
2015.348000
2015.962000
2016.592000
2017.205000
2017.835000
2018.449000
2019.062000
2019.692000
2020.306000
2020.936000
2021.549000
2022.162000
2022.792000
2024.036000
2024.649000
2025.263000
2026.506000
2027.120000
2027.750000
2028.363000
2028.993000
2029.607000
2030.220000
2030.850000
2032.093000
2032.707000
2033.320000
2033.950000
2034.564000
2035.194000
2035.807000
2036.421000
2037.051000
2037.664000
2038.294000
2038.907000
2039.521000
2040.151000
2040.764000
2041.394000
2042.008000
2042.621000
2043.251000
2043.865000
2044.495000
2045.108000
2045.722000
2046.352000
2046.965000
2047.595000
2048.208000
2048.822000
2049.452000
2050.065000
2050.695000
2051.309000
2051.922000
2052.552000
2053.166000
2053.796000
2054.409000
2065.434000
2066.048000
2066.661000
2067.291000
2067.904000
2068.534000
2069.148000
2069.761000
2070.391000
2071.005000
2071.635000
2072.248000
2072.862000
2073.492000
2074.105000
2074.735000
2075.349000
2075.962000
2076.592000
2077.205000
2077.835000
2078.449000
2079.062000
2079.692000
2080.306000
2080.936000
2081.549000
2082.163000
2082.793000
2083.406000
2084.036000
2084.649000
2085.263000
2085.893000
2086.506000
2087.120000
2087.750000
2088.363000
2088.993000
2089.607000
2090.220000
2090.850000
2091.464000
2092.094000
2092.707000
2093.320000
2093.320000
2093.950000
2094.564000
2095.194000
2096.421000
2097.051000
2097.664000
2098.294000
2098.908000
2099.521000
2100.151000
2100.764000
2101.394000
2102.008000
2103.251000
2103.865000
2104.495000
2105.722000
2106.352000
2106.965000
2107.595000
2108.822000
2109.452000
2110.065000
2110.695000
2111.309000
2111.922000
2112.552000
2113.796000
2114.409000
2125.434000
2126.048000
2126.661000
2127.291000
2127.905000
2128.535000
2129.148000
2129.761000
2130.391000
2131.005000
2131.635000
2132.248000
2132.862000
2133.492000
2134.735000
2135.349000
2135.962000
2136.592000
2137.206000
2137.836000
2138.449000
2139.062000
2139.692000
2140.936000
2142.163000
2142.793000
2143.406000
2144.020000
2144.650000
2145.263000
2145.893000
2147.120000
2147.750000
2148.363000
2148.993000
2149.607000
2150.220000
2150.850000
2152.094000
2152.707000
2153.321000
2153.321000
2153.951000
2155.194000
2155.807000
2156.421000
2157.051000
2157.664000
2158.294000
2158.908000
2159.521000
2160.151000
2160.765000
2161.395000
2162.008000
2162.622000
2163.251000
2163.865000
2164.495000
2165.108000
2165.722000
2166.352000
2166.965000
2167.595000
2168.209000
2168.822000
2169.452000
2170.066000
2170.696000
2171.309000
2171.922000
2172.552000
2173.166000
2173.796000
2174.409000
2185.434000
2186.048000
2186.661000
2187.291000
2187.905000
2188.535000
2188.535000
2189.148000
2189.762000
2190.392000
2191.005000
2191.635000
2192.248000
2192.862000
2193.492000
2194.105000
2194.735000
2195.349000
2195.962000
2196.592000
2197.206000
2197.836000
2198.449000
2199.063000
2199.693000
2200.306000
2200.936000
2202.163000
2202.793000
2203.406000
2203.406000
2204.020000
2205.263000
2205.893000
2206.507000
2207.120000
2207.750000
2208.363000
2208.993000
2209.607000
2210.220000
2210.850000
2211.464000
2212.094000
2212.707000
2213.321000
2213.951000
2214.564000
2215.194000
2215.808000
2216.421000
2217.051000
2217.664000
2218.294000
2218.908000
2219.521000
2220.151000
2220.765000
2221.395000
2222.008000
2222.622000
2223.252000
2223.865000
2224.495000
2225.108000
2225.722000
2226.352000
2226.965000
2227.595000
2228.209000
2228.209000
2228.822000
2229.452000
2230.066000
2230.696000
2231.309000
2231.923000
2232.553000
2233.166000
2233.796000
2234.409000
2245.435000
2246.048000
2246.661000
2247.291000
2247.905000
2248.535000
2249.148000
2249.762000
2250.392000
2251.005000
2251.635000
2252.249000
2252.862000
2253.492000
2254.106000
2254.736000
2255.349000
2255.962000
2256.592000
2257.206000
2257.836000
2258.449000
2259.063000
2259.693000
2260.306000
2260.920000
2261.550000
2262.163000
2262.793000
2263.406000
2264.020000
2265.263000
2265.893000
2266.507000
2267.120000
2267.750000
2268.364000
2268.994000
2269.607000
2270.220000
2270.851000
2272.094000
2272.707000
2273.321000
2273.951000
2274.564000
2275.194000
2276.421000
2277.051000
2277.665000
2278.295000
2278.295000
2278.908000
2279.521000
2280.151000
2280.765000
2281.395000
2282.622000
2283.252000
2283.865000
2284.495000
2285.109000
2285.722000
2286.352000
2286.965000
2287.595000
2288.209000
2290.066000
2290.696000
2291.309000
2291.923000
2292.553000
2293.780000
2294.410000
2305.435000
2306.048000
2306.662000
2307.292000
2307.905000
2308.535000
2309.148000
2310.392000
2311.005000
2311.635000
2312.249000
2312.862000
2313.492000
2314.106000
2314.736000
2315.349000
2315.963000
2316.593000
2317.206000
2317.836000
2318.449000
2319.063000
2319.693000
2320.306000
2320.920000
2321.550000
2322.163000
2322.793000
2323.407000
2324.020000
2324.650000
2325.263000
2325.893000
2326.507000
2327.120000
2327.750000
2328.364000
2328.994000
2329.607000
2330.221000
2330.851000
2332.094000
2332.707000
2333.321000
2333.951000
2334.564000
2335.194000
2335.808000
2336.421000
2337.051000
2337.665000
2338.295000
2338.908000
2339.522000
2340.152000
2340.765000
2341.395000
2342.008000
2342.622000
2343.865000
2344.495000
2345.109000
2345.722000
2346.352000
2346.966000
2347.596000
2348.209000
2348.822000
2349.452000
2350.066000
2350.696000
2351.923000
2353.780000
2354.410000
2366.048000
2366.662000
2367.292000
2367.905000
2369.149000
2369.762000
2370.392000
2371.005000
2371.635000
2372.249000
2372.862000
2373.492000
2374.106000
2374.736000
2375.349000
2375.963000
2376.593000
2377.206000
2377.819000
2378.450000
2379.063000
2379.693000
2380.306000
2380.920000
2381.550000
2382.163000
2382.793000
2383.407000
2384.020000
2384.650000
2385.264000
2385.894000
2386.507000
2387.120000
2387.750000
2388.994000
2389.607000
2390.221000
2390.851000
2391.464000
2392.094000
2392.708000
2393.321000
2393.951000
2394.565000
2395.195000
2395.808000
2396.421000
2397.051000
2397.665000
2398.908000
2399.522000
2400.152000
2400.765000
2401.395000
2402.009000
2402.622000
2403.252000
2403.865000
2404.495000
2405.109000
2405.722000
2406.352000
2406.966000
2407.596000
2409.453000
2410.066000
2410.696000
2411.310000
2411.923000
2412.553000
2413.166000
2413.780000
2414.410000
2425.435000
2426.662000
2427.292000
2427.905000
2428.535000
2429.149000
2429.762000
2430.392000
2431.006000
2431.636000
2432.862000
2433.492000
2434.106000
2434.736000
2435.349000
2435.963000
2436.593000
2437.206000
2437.820000
2438.450000
2439.063000
2439.693000
2440.307000
2440.920000
2441.550000
2442.163000
2442.793000
2443.407000
2444.020000
2444.650000
2445.264000
2445.894000
2446.507000
2447.121000
2447.751000
2448.364000
2448.994000
2449.607000
2450.221000
2450.851000
2451.464000
2452.094000
2452.708000
2453.321000
2453.951000
2454.565000
2455.195000
2455.808000
2456.422000
2457.052000
2457.665000
2458.908000
2459.522000
2460.152000
2460.765000
2461.395000
2462.009000
2462.622000
2463.252000
2463.866000
2464.496000
2465.109000
2466.352000
2466.966000
2467.596000
2468.209000
2468.823000
2469.453000
2470.066000
2470.680000
2471.310000
2471.923000
2472.553000
2473.167000
2473.780000
2474.410000
