311.287000
312.530000
313.774000
316.244000
317.487000
318.731000
319.974000
322.445000
323.688000
324.932000
326.175000
327.402000
328.645000
329.889000
331.132000
332.376000
333.602000
334.846000
336.089000
337.333000
338.560000
339.803000
343.533000
344.760000
347.247000
349.734000
350.961000
354.691000
355.935000
357.162000
370.043000
371.287000
372.530000
373.774000
376.244000
378.731000
381.201000
383.688000
386.175000
387.402000
388.645000
391.132000
396.089000
397.333000
399.803000
401.047000
403.533000
404.777000
406.004000
408.491000
409.734000
410.961000
412.204000
413.448000
414.691000
415.935000
430.044000
431.287000
432.531000
433.774000
435.001000
436.244000
437.488000
439.975000
442.445000
444.932000
446.175000
447.402000
448.646000
452.376000
456.090000
457.333000
458.560000
459.803000
461.047000
462.290000
463.534000
466.004000
467.247000
468.491000
469.734000
470.961000
473.448000
474.692000
478.405000
490.044000
491.287000
493.774000
497.488000
498.731000
499.975000
501.202000
502.445000
503.688000
504.932000
506.175000
507.402000
508.646000
511.133000
513.603000
516.090000
517.333000
519.803000
521.047000
522.290000
523.534000
526.004000
527.247000
528.491000
532.205000
533.448000
534.692000
535.935000
537.162000
538.405000
550.044000
551.287000
553.774000
555.001000
557.488000
558.731000
561.202000
562.445000
563.689000
564.932000
566.175000
567.402000
568.646000
569.889000
571.133000
573.603000
574.846000
576.090000
577.333000
578.577000
579.804000
583.534000
584.761000
586.004000
587.248000
588.491000
589.735000
590.961000
592.205000
593.448000
594.692000
597.162000
598.405000
610.044000
611.288000
612.531000
615.001000
616.245000
617.488000
618.732000
619.975000
621.202000
622.445000
623.689000
624.932000
627.402000
628.646000
629.889000
631.133000
632.360000
633.603000
634.847000
636.090000
637.333000
638.560000
639.804000
641.047000
642.291000
643.534000
644.761000
646.004000
647.248000
648.491000
649.735000
650.962000
652.205000
654.692000
655.935000
657.162000
671.288000
672.514000
673.758000
675.001000
676.245000
677.472000
678.715000
681.202000
682.445000
683.672000
684.916000
686.159000
687.403000
688.646000
689.873000
691.116000
692.360000
693.603000
697.317000
698.560000
701.047000
702.274000
703.518000
704.761000
706.004000
708.475000
710.962000
713.432000
715.919000
718.406000
730.044000
731.288000
732.515000
733.758000
735.002000
736.245000
737.488000
738.715000
739.959000
742.446000
747.403000
749.873000
751.116000
752.360000
753.603000
754.847000
757.317000
762.274000
763.518000
764.761000
766.005000
767.248000
768.475000
769.718000
770.962000
772.205000
773.449000
774.676000
775.919000
778.406000
791.288000
792.515000
793.758000
795.002000
796.245000
797.489000
799.959000
801.202000
802.446000
803.673000
804.916000
806.159000
807.403000
808.646000
809.873000
811.117000
812.360000
813.604000
816.074000
817.317000
818.561000
821.048000
822.274000
824.761000
826.005000
827.248000
828.475000
829.718000
830.962000
833.449000
835.919000
837.163000
838.406000
852.515000
853.758000
855.002000
856.245000
858.715000
862.446000
863.673000
864.916000
866.160000
867.403000
868.646000
869.873000
871.117000
872.360000
873.604000
874.847000
877.317000
878.561000
879.804000
882.275000
883.518000
884.761000
886.005000
887.248000
888.475000
889.719000
892.205000
893.449000
894.676000
895.919000
897.163000
898.406000
910.045000
911.288000
915.002000
918.716000
921.203000
922.446000
923.673000
924.916000
927.403000
928.647000
929.873000
932.360000
933.604000
936.074000
937.318000
938.561000
939.804000
941.048000
942.275000
946.005000
947.248000
948.475000
949.719000
952.206000
954.676000
955.919000
957.163000
958.406000
970.045000
973.759000
975.002000
976.245000
977.489000
978.716000
979.959000
982.446000
983.673000
984.916000
986.160000
987.403000
988.647000
989.874000
991.117000
992.360000
997.318000
1002.275000
1003.518000
1004.762000
1008.475000
1009.719000
1010.962000
1013.433000
1015.920000
