313.144000
314.387000
315.631000
316.874000
318.101000
319.344000
320.588000
321.831000
324.301000
325.545000
326.788000
328.032000
329.275000
330.502000
331.746000
332.989000
334.232000
335.476000
336.703000
337.946000
340.433000
341.660000
342.903000
345.390000
346.634000
347.861000
349.104000
350.347000
351.591000
352.834000
354.061000
355.305000
356.548000
357.791000
369.430000
370.674000
371.917000
373.144000
374.387000
375.631000
376.874000
378.101000
379.344000
381.831000
383.075000
384.302000
385.545000
386.789000
388.032000
389.275000
390.502000
391.746000
392.989000
394.233000
395.476000
396.703000
397.946000
399.190000
400.433000
401.677000
402.903000
404.147000
406.634000
407.861000
409.104000
410.348000
411.591000
414.061000
415.305000
416.548000
417.792000
429.430000
430.674000
431.901000
433.144000
434.387000
435.631000
436.874000
438.101000
439.345000
440.588000
441.831000
443.075000
444.302000
445.545000
446.789000
448.032000
449.276000
450.502000
451.746000
452.989000
454.233000
455.460000
456.703000
457.946000
459.190000
460.433000
461.660000
462.904000
464.147000
465.391000
466.634000
467.861000
469.104000
470.348000
471.591000
472.835000
474.061000
475.305000
476.548000
477.792000
489.430000
490.674000
491.901000
493.144000
495.631000
496.874000
498.101000
499.345000
500.588000
501.832000
503.075000
504.302000
505.545000
506.789000
508.032000
509.276000
510.503000
511.746000
512.989000
514.233000
515.460000
516.703000
517.947000
519.190000
520.433000
521.660000
522.904000
524.147000
525.391000
526.634000
529.104000
530.348000
531.591000
532.835000
534.062000
535.305000
536.548000
537.792000
549.430000
550.674000
551.901000
553.144000
554.388000
555.631000
556.875000
558.101000
559.345000
560.588000
561.832000
563.075000
564.302000
565.545000
566.789000
568.032000
569.276000
570.503000
571.746000
572.990000
574.233000
575.476000
576.703000
577.947000
579.190000
580.434000
581.677000
582.904000
584.147000
585.391000
586.634000
587.861000
589.104000
591.591000
592.835000
594.062000
595.305000
596.549000
597.792000
609.431000
610.674000
611.901000
613.144000
614.388000
615.631000
616.875000
618.102000
619.345000
620.588000
621.832000
624.302000
626.789000
628.032000
629.276000
630.503000
631.746000
632.990000
634.233000
635.460000
636.703000
637.947000
639.190000
640.434000
642.904000
644.147000
645.391000
646.634000
647.861000
649.105000
650.348000
651.592000
652.835000
654.062000
655.305000
656.549000
657.792000
669.414000
670.658000
671.901000
673.144000
674.388000
675.615000
676.858000
679.345000
680.572000
681.815000
683.059000
684.302000
685.546000
686.773000
688.016000
689.259000
690.503000
691.746000
692.973000
694.217000
695.460000
696.704000
697.947000
701.661000
702.904000
704.148000
705.374000
706.618000
707.861000
709.105000
710.332000
711.575000
712.819000
714.062000
715.305000
716.532000
717.776000
729.414000
730.658000
731.901000
733.145000
734.388000
735.615000
736.858000
738.102000
739.345000
740.589000
741.816000
743.059000
744.302000
745.546000
746.773000
748.016000
749.260000
750.503000
751.746000
752.973000
754.217000
755.460000
756.704000
757.947000
759.174000
760.417000
761.661000
762.904000
764.148000
765.375000
766.618000
767.861000
769.105000
770.348000
771.575000
772.819000
774.062000
776.549000
777.776000
789.414000
790.658000
791.901000
793.145000
794.388000
795.615000
796.858000
799.345000
800.589000
801.816000
803.059000
804.303000
805.546000
806.773000
808.016000
809.260000
810.503000
811.747000
812.973000
814.217000
815.460000
816.704000
817.947000
819.174000
820.418000
821.661000
822.904000
824.148000
825.375000
826.618000
827.862000
829.105000
831.575000
832.819000
834.062000
835.306000
836.533000
849.415000
850.658000
851.901000
853.145000
854.388000
855.615000
856.859000
858.102000
859.346000
860.589000
861.816000
863.059000
864.303000
865.546000
866.773000
868.016000
869.260000
870.503000
871.747000
872.974000
874.217000
876.704000
877.947000
879.174000
880.418000
881.661000
882.905000
884.148000
885.375000
886.618000
889.105000
890.349000
891.575000
892.819000
894.062000
895.306000
896.533000
897.776000
909.415000
910.658000
911.902000
913.145000
914.388000
915.615000
916.859000
918.102000
919.346000
920.573000
921.816000
923.059000
924.303000
925.546000
926.773000
928.017000
929.260000
930.503000
931.747000
932.974000
934.217000
935.461000
936.704000
937.948000
939.174000
941.661000
942.905000
944.148000
945.375000
946.618000
947.862000
949.105000
951.576000
952.819000
954.062000
955.306000
956.533000
957.776000
969.415000
970.658000
971.902000
973.145000
974.389000
975.615000
976.859000
978.102000
979.346000
980.573000
981.816000
983.060000
984.303000
985.546000
986.773000
988.017000
989.260000
990.504000
991.747000
992.974000
994.217000
995.461000
997.948000
999.175000
1000.418000
1001.661000
1002.905000
1004.148000
1005.375000
1006.619000
1007.862000
1009.105000
1010.349000
1011.576000
1012.819000
1014.063000
1015.306000
1016.533000
1017.776000
