1050.432000
1051.676000
1052.919000
1064.077000
1066.564000
1078.965000
1081.435000
1099.275000
1100.518000
1105.475000
1106.719000
1111.676000
1117.876000
1121.607000
1122.834000
1126.564000
1132.765000
1135.235000
1137.722000
1143.922000
1159.275000
1170.433000
1179.120000
1180.363000
1185.321000
1193.992000
1197.722000
1218.048000
1224.232000
1230.433000
1241.607000
1262.679000
1281.762000
1284.232000
1285.476000
1290.433000
1292.920000
1311.522000
1313.992000
1316.479000
1320.192000
1326.393000
1338.032000
1341.762000
1344.232000
1354.163000
1367.808000
1381.436000
1386.393000
1405.476000
1409.206000
1411.676000
1416.634000
1429.035000
1431.522000
1437.722000
1446.393000
1460.519000
1464.233000
1471.677000
1480.364000
1481.608000
1484.078000
1487.792000
1496.479000
1519.276000
1521.762000
1523.006000
1535.407000
1536.634000
1540.364000
1541.608000
1550.279000
1551.522000
1555.236000
1565.167000
1583.006000
1584.233000
1590.433000
1602.835000
1605.322000
1607.792000
1616.479000
1617.723000
1622.680000
1626.394000
1639.276000
1645.476000
1664.078000
1671.522000
1676.480000
1701.763000
1703.006000
1704.233000
1705.477000
1707.963000
1710.434000
1719.121000
1727.792000
1745.167000
1746.394000
