1038.661000
1039.904000
1041.148000
1042.375000
1043.618000
1044.862000
1046.105000
1047.332000
1048.575000
1049.819000
1051.062000
1052.306000
1053.533000
1054.776000
1056.019000
1057.263000
1058.506000
1059.733000
1062.220000
1063.463000
1064.707000
1065.934000
1067.177000
1068.421000
1069.664000
1070.908000
1072.134000
1073.378000
1074.621000
1075.865000
1077.092000
1078.335000
1079.578000
1080.822000
1082.065000
1083.292000
1084.536000
1085.779000
1097.418000
1098.661000
1099.905000
1101.148000
1102.375000
1103.618000
1104.862000
1106.105000
1107.332000
1108.576000
1109.819000
1112.306000
1113.533000
1114.776000
1116.020000
1117.263000
1118.506000
1119.733000
1120.977000
1122.220000
1123.464000
1124.707000
1125.934000
1127.177000
1128.421000
1129.664000
1130.908000
1132.135000
1133.378000
1134.621000
1137.092000
1138.335000
1139.579000
1140.822000
1142.065000
1143.292000
1144.536000
1145.779000
1157.418000
1158.661000
1159.905000
1161.132000
1162.375000
1163.618000
1164.862000
1166.105000
1167.332000
1168.576000
1169.819000
1171.063000
1173.533000
1174.776000
1176.020000
1177.263000
1178.507000
1179.733000
1180.977000
1182.220000
1183.464000
1184.707000
1185.934000
1187.178000
1188.421000
1189.664000
1190.908000
1192.135000
1193.378000
1195.865000
1197.092000
1198.335000
1199.579000
1200.822000
1202.066000
1203.292000
1204.536000
1205.779000
1217.418000
1218.661000
1219.905000
1221.132000
1222.375000
1223.619000
1224.862000
1226.105000
1227.332000
1228.576000
1229.819000
1231.063000
1232.306000
1233.533000
1234.776000
1236.020000
1237.263000
1238.507000
1239.734000
1240.977000
1242.220000
1243.464000
1244.707000
1245.934000
1247.178000
1248.421000
1249.665000
1250.908000
1252.135000
1253.378000
1254.622000
1255.865000
1257.092000
1258.335000
1259.579000
1260.822000
1262.066000
1263.293000
1264.536000
1277.418000
1278.662000
1279.905000
1281.132000
1282.375000
1284.862000
1286.106000
1287.332000
1288.576000
1289.819000
1291.063000
1292.306000
1293.533000
1294.777000
1296.020000
1297.263000
1298.507000
1299.734000
1300.977000
1302.221000
1303.464000
1304.707000
1305.934000
1307.178000
1308.421000
1309.665000
1310.892000
1312.135000
1313.378000
1314.622000
1315.865000
1317.092000
1318.336000
1319.579000
1320.822000
1323.293000
1324.536000
1325.780000
1337.418000
1338.662000
1339.905000
1341.132000
1342.375000
1343.619000
1344.862000
1346.106000
1347.333000
1349.819000
1351.063000
1352.306000
1353.533000
1354.777000
1356.020000
1357.264000
1358.507000
1359.734000
1360.977000
1362.221000
1363.464000
1364.708000
1365.934000
1367.178000
1368.421000
1369.665000
1370.892000
1372.135000
1373.379000
1374.622000
1375.865000
1377.092000
1378.336000
1379.579000
1380.823000
1382.066000
1383.293000
1384.536000
1397.418000
1399.905000
1401.132000
1402.376000
1403.619000
1406.106000
1408.576000
1409.820000
1411.063000
1412.307000
1413.533000
1414.777000
1416.020000
1417.264000
1418.507000
1419.734000
1420.977000
1422.221000
1423.464000
1424.708000
1425.935000
1428.421000
1429.665000
1430.892000
1432.135000
1433.379000
1434.622000
1435.866000
1437.092000
1438.336000
1439.579000
1440.823000
1442.066000
1443.293000
1444.536000
1445.780000
1457.418000
1458.662000
1459.905000
1461.132000
1462.376000
1463.619000
1464.863000
1466.106000
1467.333000
1468.576000
1469.820000
1471.063000
1472.307000
1473.533000
1474.777000
1476.020000
1477.264000
1478.507000
1479.734000
1482.221000
1483.464000
1484.708000
1487.178000
1488.422000
1489.665000
1490.892000
1492.135000
1493.379000
1494.622000
1495.866000
1497.093000
1500.823000
1503.293000
1504.537000
1505.780000
1517.419000
1518.662000
1519.906000
1521.132000
1522.376000
1523.619000
1524.863000
1527.333000
1528.576000
1529.820000
1531.063000
1532.307000
1534.777000
1536.020000
1537.264000
1539.734000
1540.978000
1542.221000
1543.465000
1544.708000
1545.935000
1547.178000
1548.422000
1549.665000
1550.892000
1552.135000
1553.379000
1554.622000
1555.866000
1557.093000
1558.336000
1559.580000
1560.823000
1562.066000
1563.293000
1564.537000
1565.780000
1577.419000
1578.662000
1579.906000
1581.133000
1582.376000
1583.619000
1584.863000
1586.106000
1587.333000
1588.577000
1589.820000
1591.063000
1593.534000
1594.777000
1596.021000
1597.264000
1599.734000
1600.978000
1602.221000
1603.465000
1604.692000
1605.935000
1607.178000
1608.422000
1609.665000
1610.892000
1612.136000
1613.379000
1614.623000
1615.866000
1618.336000
1619.580000
1620.823000
1622.067000
1623.293000
1624.537000
1625.780000
1637.419000
1638.662000
1639.906000
1641.133000
1642.376000
1643.620000
1644.863000
1646.106000
1648.577000
1649.820000
1651.064000
1652.307000
1653.534000
1654.777000
1656.021000
1658.508000
1659.735000
1660.978000
1662.221000
1663.465000
1664.692000
1665.935000
1667.179000
1668.422000
1669.665000
1670.892000
1672.136000
1674.623000
1675.866000
1677.093000
1678.336000
1679.580000
1680.823000
1682.067000
1683.294000
1684.537000
1685.780000
1697.419000
1698.662000
1701.133000
1702.376000
1703.620000
1704.863000
1706.107000
1707.333000
1708.577000
1709.820000
1711.064000
1712.307000
1713.534000
1714.777000
1716.021000
1717.264000
1718.508000
1719.735000
1720.978000
1722.222000
1723.465000
1724.692000
1725.935000
1727.179000
1728.422000
1729.666000
1730.892000
1732.136000
1733.379000
1734.623000
1735.866000
1737.093000
1738.337000
1739.580000
1740.823000
1742.067000
1743.294000
1744.537000
1745.781000
