311.287000
312.530000
313.144000
313.774000
314.387000
315.001000
315.631000
316.244000
316.874000
317.487000
318.101000
318.731000
319.344000
319.974000
320.588000
321.201000
321.831000
322.445000
323.688000
324.301000
324.932000
325.545000
326.175000
326.788000
327.402000
328.032000
328.645000
329.275000
329.889000
330.502000
331.132000
331.746000
332.376000
332.989000
333.602000
334.232000
334.846000
335.476000
336.089000
336.703000
337.333000
337.946000
338.560000
339.803000
340.433000
341.046000
341.660000
342.290000
342.903000
343.533000
344.760000
345.390000
346.004000
346.634000
347.247000
347.861000
348.491000
349.104000
349.734000
350.347000
350.961000
351.591000
352.834000
353.448000
354.061000
354.691000
355.305000
355.935000
356.548000
357.162000
357.791000
369.430000
370.043000
370.674000
371.287000
371.917000
372.530000
373.144000
373.774000
374.387000
375.001000
375.631000
376.244000
376.874000
378.101000
378.731000
379.344000
381.201000
381.831000
382.445000
383.075000
383.688000
384.302000
384.932000
385.545000
386.175000
386.789000
387.402000
388.032000
388.645000
389.275000
389.889000
390.502000
391.132000
391.746000
392.376000
392.989000
393.603000
394.233000
394.846000
395.476000
396.089000
396.703000
397.333000
397.946000
398.576000
399.190000
399.803000
400.433000
401.047000
401.677000
402.290000
402.903000
403.533000
404.147000
404.777000
406.004000
406.634000
407.861000
408.491000
409.104000
409.734000
410.348000
410.961000
411.591000
412.204000
413.448000
414.061000
414.691000
415.305000
415.935000
416.548000
417.162000
417.792000
418.405000
429.430000
430.044000
430.674000
431.287000
431.901000
432.531000
433.144000
433.774000
434.387000
435.001000
435.631000
436.244000
436.874000
437.488000
438.101000
438.731000
439.345000
439.975000
440.588000
441.201000
441.831000
442.445000
443.075000
443.688000
444.302000
444.932000
445.545000
446.175000
446.789000
447.402000
448.032000
448.646000
449.276000
449.889000
450.502000
451.132000
451.746000
452.376000
452.989000
454.233000
454.846000
455.460000
456.090000
456.703000
457.333000
457.946000
458.560000
459.190000
459.803000
460.433000
461.047000
461.660000
462.290000
462.904000
463.534000
464.147000
464.760000
465.391000
466.004000
466.634000
467.247000
467.861000
468.491000
469.104000
469.734000
470.348000
470.961000
471.591000
472.205000
472.835000
473.448000
474.061000
474.692000
475.305000
475.935000
476.548000
477.792000
478.405000
489.430000
490.044000
490.674000
491.287000
491.901000
493.144000
493.774000
495.001000
495.631000
496.244000
496.874000
497.488000
498.101000
498.731000
499.345000
499.975000
500.588000
501.202000
501.832000
502.445000
503.075000
503.688000
504.302000
504.932000
505.545000
506.175000
506.789000
507.402000
507.402000
508.032000
508.646000
509.276000
509.889000
510.503000
511.133000
511.746000
512.989000
513.603000
514.233000
514.846000
515.460000
516.090000
516.703000
517.333000
517.947000
518.560000
519.190000
519.803000
520.433000
521.047000
521.660000
522.290000
522.904000
523.534000
524.147000
524.761000
525.391000
526.004000
526.634000
527.247000
527.247000
528.491000
529.104000
529.734000
530.348000
530.961000
531.591000
532.205000
532.835000
533.448000
534.062000
534.692000
535.305000
535.935000
536.548000
537.162000
537.792000
538.405000
549.430000
550.044000
550.674000
551.287000
551.901000
552.531000
553.144000
553.774000
554.388000
555.001000
555.631000
556.245000
556.875000
557.488000
558.101000
558.731000
559.345000
560.588000
561.202000
561.832000
562.445000
563.075000
563.689000
564.302000
564.932000
565.545000
566.175000
566.789000
567.402000
567.402000
568.032000
568.646000
569.276000
569.889000
570.503000
571.133000
571.746000
572.990000
573.603000
574.233000
574.846000
575.476000
576.090000
576.703000
577.333000
577.947000
578.577000
579.190000
579.804000
580.434000
581.047000
581.677000
582.290000
582.904000
583.534000
584.147000
584.761000
585.391000
586.004000
586.634000
587.248000
587.861000
588.491000
589.104000
589.735000
590.961000
591.591000
592.205000
592.835000
593.448000
594.062000
594.692000
595.305000
595.935000
596.549000
597.162000
597.792000
598.405000
609.431000
610.044000
610.674000
611.288000
611.901000
612.531000
613.144000
613.774000
614.388000
615.001000
615.631000
616.245000
616.875000
617.488000
617.488000
618.102000
618.732000
619.345000
619.975000
620.588000
621.202000
621.832000
622.445000
623.689000
624.302000
624.932000
626.176000
626.789000
627.402000
628.032000
628.646000
629.276000
629.889000
630.503000
631.133000
631.746000
632.360000
632.990000
633.603000
634.233000
634.847000
635.460000
636.090000
636.703000
637.333000
637.947000
638.560000
639.190000
639.804000
640.434000
641.047000
642.291000
642.904000
643.534000
644.147000
644.761000
645.391000
646.004000
646.634000
647.248000
647.861000
648.491000
649.105000
649.735000
650.348000
650.962000
651.592000
652.205000
652.835000
653.448000
654.062000
654.692000
655.305000
655.935000
656.549000
657.162000
657.792000
658.406000
669.414000
670.658000
671.288000
671.901000
672.514000
673.144000
673.758000
674.388000
675.001000
675.615000
676.245000
676.858000
677.472000
677.472000
678.715000
679.345000
679.959000
680.572000
681.202000
681.815000
682.445000
683.059000
683.672000
684.302000
684.916000
685.546000
686.159000
686.773000
687.403000
688.016000
688.646000
689.259000
689.873000
690.503000
691.116000
691.746000
692.360000
692.973000
693.603000
694.217000
694.847000
695.460000
696.074000
696.704000
697.317000
697.947000
698.560000
699.804000
701.047000
701.661000
702.274000
702.904000
703.518000
704.148000
704.761000
705.374000
706.004000
706.618000
707.248000
707.861000
708.475000
709.105000
709.718000
710.332000
710.962000
711.575000
712.205000
712.819000
713.432000
714.062000
714.675000
715.305000
715.919000
716.532000
717.776000
718.406000
729.414000
730.044000
730.658000
731.288000
731.901000
732.515000
733.145000
733.758000
734.388000
735.002000
735.615000
736.245000
736.858000
737.488000
738.102000
738.715000
739.345000
739.959000
740.589000
741.202000
741.816000
742.446000
743.059000
743.689000
744.302000
744.916000
745.546000
746.773000
747.403000
748.016000
748.646000
749.260000
749.873000
750.503000
751.116000
751.746000
752.360000
752.973000
753.603000
754.217000
754.847000
755.460000
756.074000
756.704000
757.317000
757.947000
758.561000
759.174000
759.804000
760.417000
761.047000
761.661000
762.274000
762.274000
762.904000
763.518000
764.148000
764.761000
765.375000
766.005000
766.618000
767.248000
767.861000
768.475000
769.105000
769.718000
770.348000
770.962000
771.575000
772.205000
772.819000
773.449000
774.062000
774.676000
775.919000
776.549000
777.776000
778.406000
789.414000
790.044000
790.658000
791.288000
791.901000
792.515000
793.145000
793.758000
794.388000
795.002000
795.615000
796.245000
796.858000
797.489000
798.715000
799.345000
799.959000
800.589000
801.202000
801.816000
802.446000
802.446000
803.059000
803.673000
804.303000
804.916000
805.546000
806.159000
806.773000
807.403000
808.016000
808.646000
809.260000
809.873000
810.503000
811.117000
811.747000
812.360000
812.973000
813.604000
814.217000
814.847000
815.460000
816.074000
816.704000
817.317000
817.317000
817.947000
818.561000
819.174000
819.804000
820.418000
821.048000
821.661000
822.274000
822.904000
824.148000
824.761000
825.375000
826.005000
826.618000
827.248000
827.862000
828.475000
829.105000
829.718000
830.962000
831.575000
832.819000
833.449000
834.062000
834.676000
835.306000
835.919000
836.533000
837.163000
838.406000
849.415000
850.045000
850.658000
851.288000
851.901000
852.515000
853.145000
853.758000
854.388000
855.002000
855.615000
856.245000
856.859000
857.489000
858.102000
858.715000
859.346000
859.959000
860.589000
861.202000
861.816000
862.446000
863.059000
863.673000
864.303000
864.916000
865.546000
866.160000
866.773000
867.403000
868.016000
868.646000
869.260000
869.873000
870.503000
871.117000
871.747000
872.360000
872.974000
873.604000
874.217000
874.847000
876.074000
876.704000
877.317000
877.947000
878.561000
879.174000
879.804000
880.418000
881.661000
882.275000
882.905000
883.518000
884.148000
884.761000
885.375000
886.005000
886.618000
887.248000
888.475000
889.105000
889.719000
890.349000
890.962000
891.575000
892.205000
892.819000
893.449000
894.062000
894.676000
895.306000
895.919000
896.533000
897.163000
897.776000
898.406000
909.415000
910.045000
910.658000
911.288000
911.902000
913.145000
913.758000
914.388000
915.002000
915.615000
916.245000
916.859000
917.489000
918.102000
918.716000
919.346000
919.959000
920.573000
921.203000
921.816000
922.446000
923.059000
923.673000
924.303000
924.916000
925.546000
926.160000
926.773000
927.403000
928.017000
928.647000
929.260000
929.873000
930.503000
931.747000
932.360000
932.974000
933.604000
934.217000
934.847000
935.461000
936.074000
936.704000
937.318000
937.318000
937.948000
938.561000
939.174000
939.804000
941.048000
941.661000
942.275000
942.275000
942.905000
943.518000
944.148000
945.375000
946.005000
946.618000
947.248000
947.248000
947.862000
948.475000
949.105000
949.719000
950.962000
951.576000
952.206000
952.819000
953.449000
954.062000
954.676000
955.306000
955.919000
956.533000
957.163000
957.776000
958.406000
969.415000
970.045000
970.658000
971.902000
972.515000
973.145000
973.759000
974.389000
975.002000
975.615000
976.245000
976.859000
977.489000
978.102000
978.716000
979.346000
979.959000
980.573000
981.203000
981.816000
982.446000
982.446000
983.060000
983.673000
984.303000
984.916000
985.546000
986.160000
986.773000
987.403000
987.403000
988.017000
988.647000
989.260000
989.874000
990.504000
991.117000
991.747000
992.360000
992.974000
993.604000
994.217000
994.847000
995.461000
996.074000
997.318000
997.948000
999.175000
999.805000
1000.418000
1001.048000
1001.661000
1002.275000
1002.905000
1003.518000
1004.148000
1004.762000
1005.375000
1006.005000
1006.619000
1007.862000
1008.475000
1009.105000
1009.719000
1010.349000
1010.962000
1011.576000
1012.206000
1012.819000
1013.433000
1014.063000
1014.676000
1015.306000
1015.920000
1016.533000
1017.163000
1017.776000
