315.001000
321.201000
341.046000
342.290000
346.004000
348.491000
353.448000
375.001000
382.445000
384.932000
389.889000
392.376000
393.603000
394.846000
398.576000
402.290000
417.162000
418.405000
438.731000
441.201000
443.688000
449.889000
451.132000
454.846000
464.760000
472.205000
475.935000
495.001000
496.244000
507.402000
509.889000
514.846000
518.560000
524.761000
527.247000
529.734000
530.961000
552.531000
556.245000
567.402000
581.047000
582.290000
595.935000
613.774000
617.488000
626.176000
653.448000
658.406000
677.472000
679.959000
694.847000
696.074000
699.804000
707.248000
709.718000
712.205000
714.675000
741.202000
743.689000
744.916000
748.646000
756.074000
758.561000
759.804000
761.047000
762.274000
790.044000
798.715000
802.446000
814.847000
817.317000
819.804000
834.676000
850.045000
851.288000
857.489000
859.959000
861.202000
876.074000
890.962000
913.758000
916.245000
917.489000
919.959000
926.160000
934.847000
937.318000
942.275000
943.518000
947.248000
950.962000
953.449000
972.515000
981.203000
982.446000
987.403000
993.604000
994.847000
996.074000
999.805000
1001.048000
1006.005000
1012.206000
1014.676000
1017.163000
