1768.529000
1769.772000
1772.243000
1773.486000
1774.730000
1775.973000
1777.200000
1778.443000
1779.687000
1780.930000
1783.400000
1785.887000
1788.374000
1789.601000
1790.845000
1793.331000
1794.575000
1795.802000
1797.045000
1798.289000
1799.532000
1800.775000
1802.002000
1803.246000
1804.489000
1805.733000
1808.203000
1809.446000
1810.690000
1811.933000
1813.160000
1814.404000
1826.042000
1827.286000
1833.486000
1834.730000
1835.973000
1837.200000
1838.443000
1839.687000
1842.174000
1844.644000
1848.374000
1849.601000
1852.088000
1855.802000
1857.045000
1858.289000
1859.532000
1863.246000
1866.960000
1868.203000
1870.690000
1873.160000
1886.042000
1888.529000
1889.773000
1890.999000
1892.243000
1897.200000
1898.444000
1899.687000
1902.174000
1903.401000
1905.888000
1907.131000
1908.374000
1909.601000
1910.845000
1914.575000
1919.532000
1922.003000
1924.489000
1926.960000
1929.447000
1930.690000
1931.934000
1933.160000
1934.404000
1946.042000
1947.286000
1949.773000
1951.000000
1952.243000
1953.487000
1954.730000
1959.687000
1960.931000
1962.174000
1963.401000
1964.644000
1968.375000
1969.602000
1970.845000
1972.088000
1974.575000
1975.802000
1977.046000
1980.776000
1982.003000
1983.246000
1984.490000
1986.960000
1988.203000
1989.447000
1991.934000
1993.161000
1994.404000
2007.286000
2008.529000
2009.773000
2011.000000
2013.487000
2017.200000
2018.444000
2023.401000
2024.644000
2025.888000
2027.131000
2028.375000
2030.845000
2032.089000
2033.332000
2034.575000
2035.802000
2040.759000
2043.246000
2046.960000
2048.203000
2049.447000
2050.690000
2051.934000
2066.043000
2068.530000
2071.000000
2072.243000
2073.487000
2074.730000
2077.201000
2078.444000
2079.687000
2080.931000
2082.174000
2083.401000
2084.645000
2085.888000
2087.131000
2089.602000
2093.332000
2094.576000
2095.802000
2097.046000
2098.289000
2100.760000
2104.490000
2105.733000
2108.204000
2110.691000
2114.404000
2126.043000
2128.530000
2129.773000
2131.000000
2133.487000
2134.730000
2135.974000
2137.201000
2138.444000
2140.931000
2142.174000
2144.645000
2145.888000
2147.132000
2148.375000
2149.602000
2150.845000
2158.289000
2159.533000
2162.003000
2163.247000
2165.733000
2166.960000
2170.691000
2173.161000
2174.404000
2186.043000
2188.513000
2193.487000
2195.957000
2199.688000
2200.915000
2202.158000
2205.872000
2207.115000
2208.359000
2209.602000
2210.845000
2212.072000
2213.316000
2217.046000
2218.273000
2219.516000
2220.760000
2222.003000
2223.247000
2224.474000
2226.960000
2229.447000
2230.674000
2233.161000
2246.043000
2247.287000
2248.513000
2249.757000
2251.000000
2252.244000
2253.487000
2255.958000
2257.201000
2259.688000
2260.915000
2262.158000
2263.402000
2264.645000
2265.872000
2267.115000
2268.359000
2270.846000
2272.072000
2273.316000
2274.559000
2275.803000
2277.046000
2278.273000
2279.517000
2280.760000
2282.003000
2283.247000
2284.474000
2290.674000
2291.918000
2293.161000
2306.043000
2308.514000
2309.757000
2312.244000
2313.487000
2314.714000
2315.958000
2317.201000
2318.445000
2319.688000
2324.645000
2325.872000
2328.359000
2330.846000
2332.073000
2333.316000
2335.803000
2338.273000
2339.517000
2340.760000
2343.247000
2344.474000
2345.717000
2346.961000
2348.204000
2350.674000
2351.918000
2354.405000
2371.001000
2372.244000
2375.958000
2378.445000
2379.672000
2380.915000
2382.158000
2385.872000
2387.116000
2389.602000
2390.846000
2392.073000
2393.316000
2394.560000
2395.803000
2398.273000
2399.517000
2400.760000
2403.247000
2404.474000
2405.717000
2406.961000
2409.448000
2411.918000
2414.405000
2426.044000
2432.244000
2433.488000
2435.958000
2439.672000
2440.915000
2442.159000
2445.872000
2447.116000
2448.359000
2449.603000
2453.316000
2454.560000
2455.803000
2457.047000
2458.273000
2459.517000
2460.760000
2462.004000
2463.247000
2464.474000
2465.718000
2466.961000
2468.204000
2469.448000
2471.918000
