1034.327000
1034.957000
1035.571000
1036.201000
1036.814000
1037.428000
1038.058000
1038.671000
1039.301000
1039.914000
1040.528000
1041.158000
1041.771000
1042.401000
1043.015000
1043.628000
1044.258000
1044.872000
1045.502000
1046.115000
1046.728000
1047.358000
1047.972000
1048.602000
1049.215000
1049.829000
1050.459000
1051.072000
1051.702000
1052.316000
1052.929000
1053.559000
1054.173000
1054.803000
1055.416000
1056.029000
1056.659000
1057.273000
1057.903000
1058.516000
1059.130000
1059.760000
1060.373000
1060.987000
1061.617000
1062.230000
1062.860000
1063.473000
1064.087000
1064.717000
1065.330000
1065.960000
1066.574000
1067.187000
1067.817000
1068.431000
1069.061000
1069.674000
1070.288000
1070.918000
1071.531000
1072.161000
1072.774000
1073.388000
1074.018000
1074.631000
1075.261000
1075.875000
1076.488000
1077.118000
1077.732000
1078.362000
1078.975000
1079.588000
1080.219000
1080.832000
1081.462000
1082.075000
1082.689000
1083.319000
1083.932000
1084.562000
1085.176000
1085.789000
1086.419000
1094.344000
1094.957000
1095.571000
1096.201000
1096.814000
1097.428000
1098.058000
1098.671000
1099.301000
1099.915000
1100.528000
1101.158000
1101.771000
1102.401000
1103.015000
1103.628000
1104.258000
1104.872000
1105.502000
1106.115000
1106.729000
1107.359000
1107.972000
1108.602000
1109.215000
1109.829000
1110.459000
1111.072000
1111.702000
1112.316000
1112.929000
1113.559000
1114.173000
1114.803000
1115.416000
1116.030000
1116.660000
1117.273000
1117.903000
1118.516000
1119.130000
1119.760000
1120.373000
1121.003000
1121.617000
1122.230000
1122.860000
1123.474000
1124.104000
1124.717000
1125.330000
1125.960000
1126.574000
1127.204000
1127.817000
1128.431000
1129.061000
1129.674000
1130.288000
1130.918000
1131.531000
1132.161000
1132.775000
1133.388000
1134.018000
1134.631000
1135.261000
1135.875000
1136.488000
1137.118000
1137.732000
1138.362000
1138.975000
1139.589000
1140.219000
1140.832000
1141.462000
1142.075000
1142.689000
1143.319000
1143.932000
1144.562000
1145.176000
1145.789000
1146.419000
1154.327000
1154.958000
1155.571000
1156.201000
1156.814000
1157.428000
1158.058000
1158.671000
1159.301000
1159.915000
1160.528000
1161.158000
1161.772000
1162.402000
1163.015000
1163.628000
1164.258000
1164.872000
1165.502000
1166.115000
1166.729000
1167.359000
1167.972000
1168.602000
1169.216000
1169.829000
1170.459000
1171.072000
1171.702000
1172.316000
1172.929000
1173.559000
1174.173000
1174.803000
1175.416000
1176.030000
1176.660000
1177.273000
1177.903000
1178.517000
1179.130000
1179.760000
1180.373000
1181.003000
1181.617000
1182.230000
1182.860000
1183.474000
1184.104000
1184.717000
1185.331000
1185.961000
1186.574000
1187.204000
1187.817000
1188.431000
1189.061000
1189.674000
1190.288000
1190.918000
1191.531000
1192.161000
1192.775000
1193.388000
1194.018000
1194.632000
1195.262000
1195.875000
1196.488000
1197.118000
1197.732000
1198.362000
1198.975000
1199.589000
1200.219000
1200.832000
1201.462000
1202.076000
1202.689000
1203.319000
1203.932000
1204.562000
1205.176000
1205.789000
1206.419000
1214.328000
1214.958000
1215.571000
1216.201000
1216.815000
1217.428000
1218.058000
1218.671000
1219.301000
1219.915000
1220.528000
1221.158000
1221.772000
1222.402000
1223.015000
1223.629000
1224.259000
1224.872000
1225.502000
1226.115000
1226.729000
1227.359000
1227.972000
1228.602000
1229.216000
1229.829000
1230.459000
1231.073000
1231.703000
1232.316000
1232.930000
1233.559000
1234.173000
1234.803000
1235.416000
1236.030000
1236.660000
1237.273000
1237.903000
1238.517000
1239.130000
1239.760000
1240.374000
1241.004000
1241.617000
1242.230000
1242.860000
1243.474000
1244.104000
1244.717000
1245.331000
1245.961000
1246.574000
1247.188000
1247.818000
1248.431000
1249.061000
1249.674000
1250.288000
1250.918000
1251.531000
1252.161000
1252.775000
1253.388000
1254.018000
1254.632000
1255.262000
1255.875000
1256.489000
1257.119000
1257.732000
1258.362000
1258.975000
1259.589000
1260.219000
1260.832000
1261.462000
1262.076000
1262.689000
1263.319000
1263.933000
1264.563000
1265.176000
1265.789000
1266.419000
1274.328000
1274.941000
1275.571000
1276.185000
1276.815000
1277.428000
1278.042000
1278.672000
1279.285000
1279.915000
1280.528000
1281.142000
1281.772000
1282.385000
1283.015000
1283.629000
1284.242000
1284.872000
1285.486000
1286.116000
1286.729000
1287.342000
1287.972000
1288.586000
1289.216000
1289.829000
1290.443000
1291.073000
1291.686000
1292.300000
1292.930000
1293.543000
1294.173000
1294.786000
1295.400000
1296.030000
1296.643000
1297.273000
1297.887000
1298.500000
1299.130000
1299.744000
1300.374000
1300.987000
1301.601000
1302.231000
1302.844000
1303.474000
1304.087000
1304.701000
1305.331000
1305.944000
1306.574000
1307.188000
1307.801000
1308.431000
1309.045000
1309.675000
1310.288000
1310.901000
1311.531000
1312.145000
1312.775000
1313.388000
1314.002000
1314.632000
1315.245000
1315.875000
1316.489000
1317.102000
1317.732000
1318.346000
1318.976000
1319.589000
1320.203000
1320.832000
1321.446000
1322.076000
1322.689000
1323.303000
1323.933000
1324.546000
1325.160000
1325.790000
1326.403000
1334.328000
1334.941000
1335.571000
1336.185000
1336.815000
1337.428000
1338.042000
1338.672000
1339.285000
1339.915000
1340.529000
1341.142000
1341.772000
1342.385000
1343.015000
1343.629000
1344.242000
1344.872000
1345.486000
1346.116000
1346.729000
1347.343000
1347.973000
1348.586000
1349.216000
1349.829000
1350.443000
1351.073000
1351.686000
1352.300000
1352.930000
1353.543000
1354.173000
1354.787000
1355.400000
1356.030000
1356.644000
1357.274000
1357.887000
1358.500000
1359.130000
1359.744000
1360.374000
1360.987000
1361.601000
1362.231000
1362.844000
1363.474000
1364.088000
1364.701000
1365.331000
1365.944000
1366.574000
1367.188000
1367.801000
1368.431000
1369.045000
1369.675000
1370.288000
1370.902000
1371.532000
1372.145000
1372.775000
1373.388000
1374.002000
1374.632000
1375.245000
1375.875000
1376.489000
1377.102000
1377.732000
1378.346000
1378.976000
1379.589000
1380.203000
1380.833000
1381.446000
1382.076000
1382.689000
1383.303000
1383.933000
1384.546000
1385.160000
1385.790000
1386.403000
1394.328000
1394.941000
1395.571000
1396.185000
1396.815000
1397.428000
1398.042000
1398.672000
1399.285000
1399.915000
1400.529000
1401.142000
1401.772000
1402.386000
1403.016000
1403.629000
1404.242000
1404.872000
1405.486000
1406.116000
1406.729000
1407.343000
1407.973000
1408.586000
1409.200000
1409.830000
1410.443000
1411.073000
1411.686000
1412.300000
1412.930000
1413.543000
1414.173000
1414.787000
1415.400000
1416.030000
1416.644000
1417.274000
1417.887000
1418.501000
1419.131000
1419.744000
1420.374000
1420.987000
1421.601000
1422.231000
1422.844000
1423.474000
1424.088000
1424.701000
1425.331000
1425.945000
1426.575000
1427.188000
1427.801000
1428.431000
1429.045000
1429.675000
1430.288000
1430.902000
1431.532000
1432.145000
1432.775000
1433.389000
1434.002000
1434.632000
1435.245000
1435.876000
1436.489000
1437.102000
1437.732000
1438.346000
1438.976000
1439.589000
1440.203000
1440.833000
1441.446000
1442.060000
1442.690000
1443.303000
1443.933000
1444.546000
1445.160000
1445.790000
1446.403000
1454.328000
1454.942000
1455.572000
1456.185000
1456.815000
1457.428000
1458.042000
1458.672000
1459.285000
1459.915000
1460.529000
1461.142000
1461.772000
1462.386000
1463.016000
1463.629000
1464.243000
1464.873000
1465.486000
1466.116000
1466.729000
1467.343000
1467.973000
1468.586000
1469.200000
1469.830000
1470.443000
1471.073000
1471.687000
1472.300000
1472.930000
1473.543000
1474.173000
1474.787000
1475.400000
1476.030000
1476.644000
1477.274000
1477.887000
1478.501000
1479.131000
1479.744000
1480.374000
1480.988000
1481.601000
1482.231000
1482.844000
1483.474000
1484.088000
1484.701000
1485.331000
1485.945000
1486.575000
1487.188000
1487.802000
1488.432000
1489.045000
1489.675000
1490.288000
1490.902000
1491.532000
1492.145000
1492.775000
1493.389000
1494.002000
1494.632000
1495.246000
1495.876000
1496.489000
1497.103000
1497.733000
1498.346000
1498.976000
1499.589000
1500.203000
1500.833000
1501.446000
1502.060000
1502.690000
1503.303000
1503.933000
1504.547000
1505.160000
1505.790000
1506.403000
1514.328000
1514.942000
1515.572000
1516.185000
1516.815000
1517.429000
1518.042000
1518.672000
1519.285000
1519.915000
1520.529000
1521.142000
1521.772000
1522.386000
1523.016000
1523.629000
1524.243000
1524.873000
1525.486000
1526.100000
1526.730000
1527.343000
1527.973000
1528.586000
1529.200000
1529.830000
1530.443000
1531.073000
1531.687000
1532.300000
1532.930000
1533.544000
1534.174000
1534.787000
1535.400000
1536.030000
1536.644000
1537.274000
1537.887000
1538.501000
1539.131000
1539.744000
1540.374000
1540.988000
1541.601000
1542.231000
1542.845000
1543.475000
1544.088000
1544.701000
1545.331000
1545.945000
1546.575000
1547.188000
1547.802000
1548.432000
1549.045000
1549.675000
1550.289000
1550.902000
1551.532000
1552.145000
1552.775000
1553.389000
1554.002000
1554.632000
1555.246000
1555.876000
1556.489000
1557.103000
1557.733000
1558.346000
1558.959000
1559.590000
1560.203000
1560.833000
1561.446000
1562.060000
1562.690000
1563.303000
1563.933000
1564.547000
1565.160000
1565.790000
1566.404000
1574.328000
1574.942000
1575.572000
1576.185000
1576.815000
1577.429000
1578.042000
1578.672000
1579.286000
1579.916000
1580.529000
1581.142000
1581.772000
1582.386000
1583.016000
1583.629000
1584.243000
1584.873000
1585.486000
1586.100000
1586.730000
1587.343000
1587.973000
1588.587000
1589.200000
1589.830000
1590.443000
1591.073000
1591.687000
1592.300000
1592.930000
1593.544000
1594.174000
1594.787000
1595.401000
1596.031000
1596.644000
1597.274000
1597.887000
1598.501000
1599.131000
1599.744000
1600.374000
1600.988000
1601.601000
1602.231000
1602.845000
1603.475000
1604.088000
1604.702000
1605.332000
1605.945000
1606.575000
1607.188000
1607.802000
1608.432000
1609.045000
1609.675000
1610.289000
1610.902000
1611.532000
1612.146000
1612.776000
1613.389000
1614.002000
1614.632000
1615.246000
1615.876000
1616.489000
1617.103000
1617.733000
1618.346000
1618.960000
1619.590000
1620.203000
1620.833000
1621.447000
1622.060000
1622.690000
1623.303000
1623.933000
1624.547000
1625.160000
1625.790000
1626.404000
1634.329000
1634.942000
1635.572000
1636.185000
1636.815000
1637.429000
1638.042000
1638.672000
1639.286000
1639.916000
1640.529000
1641.143000
1641.773000
1642.386000
1642.999000
1643.629000
1644.243000
1644.873000
1645.486000
1646.100000
1646.730000
1647.343000
1647.973000
1648.587000
1649.200000
1649.830000
1650.444000
1651.074000
1651.687000
1652.300000
1652.930000
1653.544000
1654.174000
1654.787000
1655.401000
1656.031000
1656.644000
1657.274000
1657.888000
1658.501000
1659.131000
1659.744000
1660.374000
1660.988000
1661.601000
1662.231000
1662.845000
1663.475000
1664.088000
1664.702000
1665.332000
1665.945000
1666.575000
1667.189000
1667.802000
1668.432000
1669.045000
1669.675000
1670.289000
1670.902000
1671.532000
1672.146000
1672.776000
1673.389000
1674.003000
1674.633000
1675.246000
1675.876000
1676.489000
1677.103000
1677.733000
1678.346000
1678.960000
1679.590000
1680.203000
1680.833000
1681.447000
1682.060000
1682.690000
1683.304000
1683.934000
1684.547000
1685.160000
1685.790000
1686.404000
1694.329000
1694.942000
1695.572000
1696.186000
1696.816000
1697.429000
1698.042000
1698.672000
1699.286000
1699.916000
1700.529000
1701.143000
1701.773000
1702.386000
1703.000000
1703.630000
1704.243000
1704.873000
1705.487000
1706.100000
1706.730000
1707.343000
1707.973000
1708.587000
1709.200000
1709.830000
1710.444000
1711.074000
1711.687000
1712.301000
1712.931000
1713.544000
1714.174000
1714.787000
1715.401000
1716.031000
1716.644000
1717.274000
1717.888000
1718.501000
1719.131000
1719.745000
1720.375000
1720.988000
1721.602000
1722.231000
1722.845000
1723.475000
1724.088000
1724.702000
1725.332000
1725.945000
1726.575000
1727.189000
1727.802000
1728.432000
1729.046000
1729.676000
1730.289000
1730.902000
1731.532000
1732.146000
1732.776000
1733.389000
1734.003000
1734.633000
1735.246000
1735.860000
1736.490000
1737.103000
1737.733000
1738.346000
1738.960000
1739.590000
1740.203000
1740.833000
1741.447000
1742.060000
1742.690000
1743.304000
1743.934000
1744.547000
1745.161000
1745.791000
1746.404000
