1044.258000
1047.972000
1052.929000
1054.173000
1055.416000
1060.373000
1061.617000
1065.330000
1069.061000
1070.288000
1082.689000
1100.528000
1103.015000
1117.903000
1130.288000
1132.775000
1145.176000
1158.058000
1164.258000
1166.729000
1171.702000
1174.173000
1177.903000
1179.130000
1180.373000
1182.860000
1187.817000
1190.288000
1195.262000
1203.932000
1205.176000
1218.058000
1219.301000
1223.015000
1224.259000
1225.502000
1230.459000
1232.930000
1234.173000
1236.660000
1241.617000
1245.331000
1246.574000
1251.531000
1252.775000
1256.489000
1260.219000
1262.689000
1279.285000
1340.529000
1360.374000
1364.088000
1366.574000
1374.002000
1398.042000
1400.529000
1401.772000
1405.486000
1419.131000
1424.088000
1429.045000
1435.245000
1436.489000
1441.446000
1445.160000
1458.042000
1467.973000
1469.200000
1470.443000
1474.173000
1476.644000
1481.601000
1482.844000
1484.088000
1485.331000
1501.446000
1503.933000
1505.160000
1520.529000
1523.016000
1524.243000
1532.930000
1534.174000
1539.131000
1545.331000
1557.733000
1558.959000
1566.404000
1581.772000
1585.486000
1590.443000
1594.174000
1599.131000
1601.601000
1609.045000
1610.289000
1614.002000
1618.960000
1620.203000
1640.529000
1641.773000
1646.730000
1647.973000
1649.200000
1650.444000
1654.174000
1655.401000
1660.374000
1667.802000
1669.045000
1674.003000
1676.489000
1677.733000
1683.934000
1686.404000
1698.042000
1701.773000
1712.931000
1714.174000
1716.644000
1721.602000
1729.046000
1732.776000
