1767.285000
1771.016000
1782.174000
1784.644000
1787.131000
1792.088000
1828.529000
1829.773000
1831.016000
1840.930000
1843.401000
1845.887000
1847.131000
1850.845000
1853.332000
1854.575000
1864.489000
1869.447000
1871.933000
1874.404000
1887.286000
1893.486000
1895.973000
1900.930000
1904.644000
1912.088000
1913.332000
1915.802000
1917.045000
1918.289000
1920.776000
1923.246000
1925.733000
1928.203000
1955.973000
1958.444000
1965.888000
1967.131000
1978.289000
1979.532000
1985.733000
2006.043000
2015.974000
2019.687000
2022.174000
2037.046000
2039.533000
2045.733000
2053.161000
2067.286000
2069.773000
2075.974000
2088.375000
2090.845000
2092.089000
2099.533000
2102.003000
2106.960000
2109.447000
2111.934000
2113.161000
2132.243000
2139.688000
2155.803000
2157.046000
2160.760000
2164.490000
2169.447000
2171.934000
2187.286000
2189.757000
2191.000000
2194.714000
2198.444000
2203.401000
2214.559000
2225.717000
2228.204000
2231.918000
2234.405000
2254.714000
2288.204000
2289.447000
2294.405000
2311.000000
2320.915000
2327.115000
2329.602000
2334.559000
2337.046000
2353.161000
2366.043000
2367.287000
2368.514000
2369.757000
2373.487000
2374.714000
2377.201000
2388.359000
2397.047000
2402.004000
2408.204000
2410.675000
2427.287000
2428.514000
2429.757000
2437.201000
2438.445000
2443.402000
2452.073000
2473.162000
