6.324000
6.954000
7.567000
8.180000
8.810000
9.424000
10.054000
10.667000
11.281000
11.911000
12.524000
13.154000
13.768000
14.381000
15.011000
15.624000
16.254000
16.868000
17.481000
18.111000
18.725000
19.355000
19.968000
20.582000
21.212000
21.825000
22.455000
23.069000
23.682000
24.312000
24.925000
25.555000
26.169000
26.782000
27.412000
28.026000
28.656000
29.269000
29.883000
30.513000
31.126000
31.756000
32.369000
32.983000
33.613000
34.226000
34.840000
35.470000
36.083000
36.713000
37.327000
37.940000
38.570000
39.183000
39.814000
40.427000
41.040000
41.670000
42.284000
42.914000
43.527000
44.141000
44.771000
45.384000
46.014000
46.628000
47.241000
47.871000
48.484000
49.114000
49.728000
50.341000
50.971000
51.585000
52.215000
52.828000
53.442000
54.072000
54.685000
55.315000
55.928000
56.542000
57.172000
57.785000
58.415000
66.324000
66.954000
67.567000
68.181000
68.811000
69.424000
70.054000
70.667000
71.281000
71.911000
72.524000
73.154000
73.768000
74.381000
75.011000
75.625000
76.255000
76.868000
77.481000
78.111000
78.725000
79.355000
79.968000
80.582000
81.212000
81.825000
82.455000
83.069000
83.682000
84.312000
84.926000
85.556000
86.169000
86.782000
87.412000
88.026000
88.656000
89.269000
89.883000
90.513000
91.126000
91.740000
92.370000
92.983000
93.613000
94.227000
94.840000
95.470000
96.083000
96.713000
97.327000
97.940000
98.570000
99.184000
99.814000
100.427000
101.040000
101.671000
102.284000
102.914000
103.527000
104.141000
104.771000
105.384000
106.014000
106.628000
107.241000
107.871000
108.485000
109.115000
109.728000
110.341000
110.971000
111.585000
112.215000
112.828000
113.442000
114.072000
114.685000
115.315000
115.929000
116.542000
117.172000
117.785000
118.416000
126.324000
126.954000
127.567000
128.181000
128.811000
129.424000
130.054000
130.668000
131.281000
131.911000
132.524000
133.154000
133.768000
134.381000
135.011000
135.625000
136.255000
136.868000
137.482000
138.112000
138.725000
139.355000
139.968000
140.582000
141.212000
141.825000
142.455000
143.069000
143.682000
144.312000
144.926000
145.556000
146.169000
146.783000
147.413000
148.026000
148.656000
149.269000
149.883000
150.513000
151.126000
151.740000
152.370000
152.983000
153.613000
154.227000
154.840000
155.470000
156.083000
156.713000
157.327000
157.940000
158.570000
159.184000
159.814000
160.427000
161.041000
161.671000
162.284000
162.914000
163.528000
164.141000
164.771000
165.384000
166.014000
166.628000
167.241000
167.871000
168.485000
169.115000
169.728000
170.342000
170.972000
171.585000
172.215000
172.828000
173.442000
174.072000
174.685000
175.315000
175.929000
176.542000
177.172000
177.786000
178.416000
186.324000
186.954000
187.567000
188.181000
188.811000
189.424000
190.054000
190.668000
191.281000
191.911000
192.525000
193.155000
193.768000
194.381000
195.011000
195.625000
196.255000
196.868000
197.482000
198.112000
198.725000
199.355000
199.969000
200.582000
201.212000
201.825000
202.455000
203.069000
203.682000
204.312000
204.926000
205.556000
206.169000
206.783000
207.413000
208.026000
208.640000
209.270000
209.883000
210.513000
211.126000
211.740000
212.370000
212.983000
213.613000
214.227000
214.840000
215.470000
216.084000
216.714000
217.327000
217.940000
218.570000
219.184000
219.814000
220.427000
221.041000
221.671000
222.284000
222.914000
223.528000
224.141000
224.771000
225.385000
226.015000
226.628000
227.241000
227.871000
228.485000
229.115000
229.728000
230.342000
230.972000
231.585000
232.215000
232.829000
233.442000
234.072000
234.685000
235.315000
235.929000
236.542000
237.172000
237.786000
238.416000
246.324000
246.937000
247.568000
248.181000
248.794000
249.424000
250.038000
250.668000
251.281000
251.895000
252.525000
253.138000
253.752000
254.382000
254.995000
255.625000
256.238000
256.852000
257.482000
258.095000
258.725000
259.339000
259.952000
260.582000
261.196000
261.826000
262.439000
263.052000
263.682000
264.296000
264.926000
265.539000
266.153000
266.783000
267.396000
268.026000
268.640000
269.253000
269.883000
270.497000
271.127000
271.740000
272.353000
272.983000
273.597000
274.227000
274.840000
275.454000
276.084000
276.697000
277.327000
277.941000
278.554000
279.184000
279.797000
280.427000
281.041000
281.654000
282.284000
282.898000
283.528000
284.141000
284.755000
285.385000
285.998000
286.612000
287.242000
287.855000
288.485000
289.098000
289.712000
290.342000
290.955000
291.585000
292.199000
292.812000
293.442000
294.056000
294.686000
295.299000
295.912000
296.542000
297.156000
297.786000
298.399000
306.324000
306.938000
307.568000
308.181000
308.795000
309.425000
310.038000
310.668000
311.281000
311.895000
312.525000
313.138000
313.752000
314.382000
314.995000
315.625000
316.239000
316.852000
317.482000
318.095000
318.725000
319.339000
319.952000
320.582000
321.196000
321.826000
322.439000
323.053000
323.683000
324.296000
324.926000
325.539000
326.153000
326.783000
327.396000
328.026000
328.640000
329.253000
329.883000
330.497000
331.127000
331.740000
332.354000
332.984000
333.597000
334.227000
334.840000
335.454000
336.084000
336.697000
337.327000
337.941000
338.554000
339.184000
339.798000
340.428000
341.041000
341.654000
342.284000
342.898000
343.528000
344.141000
344.755000
345.385000
345.998000
346.612000
347.242000
347.855000
348.485000
349.099000
349.712000
350.342000
350.955000
351.585000
352.199000
352.812000
353.442000
354.056000
354.686000
355.299000
355.913000
356.543000
357.156000
357.786000
358.400000
366.324000
366.938000
367.568000
368.181000
368.795000
369.425000
370.038000
370.651000
371.282000
371.895000
372.525000
373.138000
373.752000
374.382000
374.995000
375.625000
376.239000
376.852000
377.482000
378.096000
378.726000
379.339000
379.952000
380.582000
381.196000
381.826000
382.439000
383.053000
383.683000
384.296000
384.926000
385.540000
386.153000
386.783000
387.396000
388.027000
388.640000
389.253000
389.883000
390.497000
391.127000
391.740000
392.354000
392.984000
393.597000
394.227000
394.841000
395.454000
396.084000
396.697000
397.328000
397.941000
398.554000
399.184000
399.798000
400.428000
401.041000
401.655000
402.285000
402.898000
403.528000
404.141000
404.755000
405.385000
405.998000
406.612000
407.242000
407.855000
408.485000
409.099000
409.712000
410.342000
410.956000
411.586000
412.199000
412.812000
413.442000
414.056000
414.686000
415.299000
415.913000
416.543000
417.156000
417.786000
418.400000
426.324000
426.938000
427.568000
428.181000
428.795000
429.425000
430.038000
430.652000
431.282000
431.895000
432.525000
433.139000
433.752000
434.382000
434.995000
435.625000
436.239000
436.852000
437.482000
438.096000
438.726000
439.339000
439.953000
440.583000
441.196000
441.826000
442.439000
443.053000
443.683000
444.296000
444.926000
445.540000
446.153000
446.783000
447.397000
448.027000
448.640000
449.253000
449.884000
450.497000
451.127000
451.740000
452.354000
452.984000
453.597000
454.227000
454.841000
455.454000
456.084000
456.698000
457.328000
457.941000
458.554000
459.184000
459.798000
460.428000
461.041000
461.655000
462.285000
462.898000
463.512000
464.142000
464.755000
465.385000
465.998000
466.612000
467.242000
467.855000
468.485000
469.099000
469.712000
470.342000
470.956000
471.586000
472.199000
472.813000
473.443000
474.056000
474.686000
475.299000
475.913000
476.543000
477.156000
477.786000
478.400000
486.325000
486.938000
487.568000
488.181000
488.795000
489.425000
490.038000
490.652000
491.282000
491.895000
492.525000
493.139000
493.752000
494.382000
494.996000
495.626000
496.239000
496.852000
497.482000
498.096000
498.726000
499.339000
499.953000
500.583000
501.196000
501.826000
502.440000
503.053000
503.683000
504.296000
504.926000
505.540000
506.153000
506.783000
507.397000
508.027000
508.640000
509.254000
509.884000
510.497000
511.127000
511.740000
512.354000
512.984000
513.597000
514.227000
514.841000
515.454000
516.084000
516.698000
517.328000
517.941000
518.555000
519.185000
519.798000
520.428000
521.041000
521.655000
522.285000
522.898000
523.512000
524.142000
524.755000
525.385000
525.999000
526.612000
527.242000
527.855000
528.486000
529.099000
529.712000
530.342000
530.956000
531.586000
532.199000
532.813000
533.443000
534.056000
534.686000
535.300000
535.913000
536.543000
537.156000
537.786000
538.400000
546.325000
546.938000
547.552000
548.182000
548.795000
549.425000
550.038000
550.652000
551.282000
551.895000
552.525000
553.139000
553.752000
554.382000
554.996000
555.626000
556.239000
556.853000
557.483000
558.096000
558.726000
559.339000
559.953000
560.583000
561.196000
561.826000
562.440000
563.053000
563.683000
564.297000
564.927000
565.540000
566.153000
566.783000
567.397000
568.027000
568.640000
569.254000
569.884000
570.497000
571.127000
571.741000
572.354000
572.984000
573.598000
574.228000
574.841000
575.454000
576.084000
576.698000
577.328000
577.941000
578.555000
579.185000
579.798000
580.412000
581.042000
581.655000
582.285000
582.898000
583.512000
584.142000
584.755000
585.385000
585.999000
586.612000
587.242000
587.856000
588.486000
589.099000
589.713000
590.343000
590.956000
591.586000
592.199000
592.813000
593.443000
594.056000
594.686000
595.300000
595.913000
596.543000
597.157000
597.787000
598.400000
606.325000
606.955000
607.568000
608.182000
608.812000
609.425000
610.055000
610.669000
611.282000
611.912000
612.525000
613.156000
613.769000
614.382000
615.012000
615.626000
616.256000
616.869000
617.483000
618.113000
618.726000
619.340000
619.970000
620.583000
621.213000
621.826000
622.440000
623.070000
623.683000
624.313000
624.927000
625.540000
626.170000
626.784000
627.414000
628.027000
628.640000
629.271000
629.884000
630.514000
631.127000
631.741000
632.371000
632.984000
633.614000
634.228000
634.841000
635.471000
636.085000
636.715000
637.328000
637.941000
638.571000
639.185000
639.815000
640.428000
641.042000
641.672000
642.285000
642.915000
643.529000
644.142000
644.772000
645.385000
646.015000
646.629000
647.242000
647.872000
648.486000
649.116000
649.729000
650.343000
650.973000
651.586000
652.200000
652.830000
653.443000
654.073000
654.686000
655.300000
655.930000
656.543000
657.173000
657.787000
658.400000
666.325000
666.938000
667.552000
668.182000
668.795000
669.425000
670.039000
670.652000
671.282000
671.896000
672.526000
673.139000
673.752000
674.383000
674.996000
675.626000
676.239000
676.853000
677.483000
678.096000
678.726000
679.340000
679.953000
680.583000
681.197000
681.827000
682.440000
683.053000
683.683000
684.297000
684.927000
685.540000
686.154000
686.784000
687.397000
688.027000
688.641000
689.254000
689.884000
690.497000
691.128000
691.741000
692.354000
692.984000
693.598000
694.228000
694.841000
695.455000
696.085000
696.698000
697.312000
697.942000
698.555000
699.185000
699.798000
700.412000
701.042000
701.655000
702.285000
702.899000
703.512000
704.142000
704.756000
705.386000
705.999000
706.612000
707.242000
707.856000
708.486000
709.099000
709.713000
710.343000
710.956000
711.586000
712.200000
712.813000
713.443000
714.057000
714.687000
715.300000
715.913000
716.543000
717.157000
717.787000
718.400000
726.325000
726.939000
727.552000
728.182000
728.795000
729.425000
730.039000
730.652000
731.282000
731.896000
732.526000
733.139000
733.753000
734.383000
734.996000
735.626000
736.239000
736.853000
737.483000
738.096000
738.726000
739.340000
739.953000
740.583000
741.197000
741.827000
742.440000
743.054000
743.684000
744.297000
744.927000
745.540000
746.154000
746.784000
747.397000
748.027000
748.641000
749.254000
749.884000
750.498000
751.128000
751.741000
752.354000
752.984000
753.598000
754.228000
754.841000
755.455000
756.085000
756.698000
757.312000
757.942000
758.555000
759.185000
759.799000
760.412000
761.042000
761.655000
762.285000
762.899000
763.512000
764.142000
764.756000
765.386000
765.999000
766.613000
767.243000
767.856000
768.486000
769.099000
769.713000
770.343000
770.956000
771.586000
772.200000
772.813000
773.443000
774.057000
774.687000
775.300000
775.914000
776.544000
777.157000
777.787000
778.400000
786.325000
786.939000
787.552000
788.182000
788.796000
789.426000
790.039000
790.652000
791.282000
791.896000
792.526000
793.139000
793.753000
794.383000
794.996000
795.626000
796.240000
796.853000
797.483000
798.096000
798.727000
799.340000
799.953000
800.583000
801.197000
801.827000
802.440000
803.054000
803.684000
804.297000
804.927000
805.541000
806.154000
806.784000
807.397000
808.027000
808.641000
809.254000
809.884000
810.498000
811.128000
811.741000
812.355000
812.985000
813.598000
814.211000
814.841000
815.455000
816.085000
816.698000
817.312000
817.942000
818.555000
819.185000
819.799000
820.412000
821.042000
821.656000
822.286000
822.899000
823.512000
824.142000
824.756000
825.386000
825.999000
826.613000
827.243000
827.856000
828.486000
829.100000
829.713000
830.343000
830.956000
831.586000
832.200000
832.813000
833.443000
834.057000
834.687000
835.300000
835.914000
836.544000
837.157000
837.787000
838.401000
846.325000
846.939000
847.552000
848.182000
848.796000
849.426000
850.039000
850.653000
851.283000
851.896000
852.526000
853.139000
853.753000
854.383000
854.996000
855.626000
856.240000
856.853000
857.483000
858.097000
858.727000
859.340000
859.954000
860.583000
861.197000
861.827000
862.440000
863.054000
863.684000
864.297000
864.927000
865.541000
866.154000
866.784000
867.398000
868.028000
868.641000
869.254000
869.884000
870.498000
871.128000
871.741000
872.355000
872.985000
873.598000
874.212000
874.842000
875.455000
876.085000
876.698000
877.312000
877.942000
878.555000
879.185000
879.799000
880.412000
881.042000
881.656000
882.286000
882.899000
883.513000
884.143000
884.756000
885.386000
885.999000
886.613000
887.243000
887.856000
888.486000
889.100000
889.713000
890.343000
890.957000
891.587000
892.200000
892.813000
893.443000
894.057000
894.687000
895.300000
895.914000
896.544000
897.157000
897.787000
898.401000
906.326000
906.939000
907.552000
908.182000
908.796000
909.426000
910.039000
910.653000
911.283000
911.896000
912.526000
913.140000
913.753000
914.383000
914.997000
915.626000
916.240000
916.853000
917.483000
918.097000
918.727000
919.340000
919.954000
920.584000
921.197000
921.827000
922.441000
923.054000
923.684000
924.297000
924.927000
925.541000
926.154000
926.784000
927.398000
928.028000
928.641000
929.255000
929.885000
930.498000
931.128000
931.741000
932.355000
932.985000
933.598000
934.212000
934.842000
935.455000
936.085000
936.699000
937.312000
937.942000
938.556000
939.186000
939.799000
940.412000
941.042000
941.656000
942.286000
942.899000
943.513000
944.143000
944.756000
945.386000
946.000000
946.613000
947.243000
947.856000
948.486000
949.100000
949.713000
950.343000
950.957000
951.587000
952.200000
952.814000
953.444000
954.057000
954.687000
955.300000
955.914000
956.544000
957.157000
957.787000
958.401000
966.326000
966.939000
967.553000
968.183000
968.796000
969.426000
970.039000
970.653000
971.283000
971.896000
972.526000
973.140000
973.753000
974.383000
974.997000
975.627000
976.240000
976.853000
977.483000
978.097000
978.727000
979.340000
979.954000
980.584000
981.197000
981.827000
982.441000
983.054000
983.684000
984.298000
984.928000
985.541000
986.154000
986.784000
987.398000
988.028000
988.641000
989.255000
989.885000
990.498000
991.112000
991.742000
992.355000
992.985000
993.598000
994.212000
994.842000
995.455000
996.085000
996.699000
997.312000
997.942000
998.556000
999.186000
999.799000
1000.413000
1001.043000
1001.656000
1002.286000
1002.899000
1003.513000
1004.143000
1004.756000
1005.386000
1006.000000
1006.613000
1007.243000
1007.857000
1008.487000
1009.100000
1009.713000
1010.343000
1010.957000
1011.587000
1012.200000
1012.814000
1013.444000
1014.057000
1014.687000
1015.301000
1015.914000
1016.544000
1017.158000
1017.788000
1018.401000
