9.424000
10.054000
10.667000
11.281000
11.911000
12.524000
13.768000
14.381000
15.011000
15.624000
16.254000
16.868000
17.481000
18.111000
18.725000
19.968000
20.582000
21.212000
22.455000
23.069000
23.682000
24.312000
24.925000
25.555000
26.169000
26.782000
27.412000
28.026000
28.656000
29.883000
30.513000
31.126000
32.369000
32.983000
33.613000
34.226000
34.840000
36.713000
37.327000
37.940000
38.570000
39.183000
39.814000
40.427000
41.670000
42.284000
42.914000
43.527000
44.771000
45.384000
46.014000
46.628000
47.241000
47.871000
48.484000
49.114000
49.728000
50.341000
50.971000
51.585000
52.215000
52.828000
53.442000
54.072000
54.685000
55.315000
55.928000
56.542000
57.785000
58.415000
69.424000
70.054000
70.667000
71.281000
71.911000
72.524000
73.154000
76.255000
76.868000
77.481000
78.111000
78.725000
79.355000
79.968000
80.582000
81.825000
83.069000
84.312000
84.926000
85.556000
86.169000
86.782000
88.026000
88.656000
89.269000
89.883000
90.513000
91.126000
91.740000
92.370000
92.983000
93.613000
94.227000
94.840000
95.470000
96.083000
97.327000
97.940000
98.570000
99.184000
99.814000
100.427000
102.284000
102.914000
103.527000
104.141000
105.384000
106.014000
106.628000
107.241000
107.871000
108.485000
109.115000
109.728000
110.341000
110.971000
111.585000
112.215000
112.828000
113.442000
115.315000
115.929000
116.542000
117.172000
117.785000
118.416000
129.424000
130.054000
131.281000
131.911000
132.524000
133.154000
133.768000
135.625000
136.868000
137.482000
138.112000
138.725000
139.355000
139.968000
141.212000
141.825000
143.069000
143.682000
144.312000
144.926000
145.556000
146.169000
146.783000
147.413000
148.026000
148.656000
149.269000
150.513000
151.126000
151.740000
152.370000
153.613000
154.227000
154.840000
155.470000
156.083000
156.713000
157.327000
157.940000
158.570000
159.814000
160.427000
161.041000
161.671000
162.284000
162.914000
163.528000
164.141000
164.771000
165.384000
166.014000
166.628000
167.871000
169.115000
169.728000
170.342000
171.585000
172.215000
172.828000
173.442000
174.072000
174.685000
175.315000
175.929000
176.542000
177.172000
177.786000
189.424000
190.054000
190.668000
191.281000
192.525000
193.155000
193.768000
194.381000
195.011000
195.625000
196.255000
196.868000
197.482000
198.112000
198.725000
199.355000
199.969000
200.582000
201.212000
201.825000
202.455000
203.069000
203.682000
204.312000
207.413000
208.640000
209.883000
210.513000
211.126000
211.740000
212.370000
212.983000
214.227000
214.840000
215.470000
216.084000
216.714000
217.327000
218.570000
219.184000
219.814000
220.427000
221.041000
221.671000
222.284000
222.914000
223.528000
224.141000
224.771000
225.385000
226.628000
227.241000
227.871000
228.485000
229.115000
229.728000
230.342000
230.972000
231.585000
232.215000
232.829000
233.442000
234.072000
234.685000
235.315000
235.929000
236.542000
237.172000
237.786000
238.416000
249.424000
250.038000
250.668000
251.281000
251.895000
252.525000
253.138000
254.382000
255.625000
256.238000
256.852000
257.482000
258.095000
258.725000
259.339000
259.952000
260.582000
261.196000
261.826000
262.439000
263.052000
263.682000
264.296000
266.153000
266.783000
268.026000
268.640000
269.253000
269.883000
270.497000
271.127000
271.740000
272.353000
273.597000
274.227000
274.840000
275.454000
276.697000
277.327000
277.941000
279.797000
280.427000
281.041000
281.654000
282.898000
283.528000
284.141000
284.755000
285.385000
285.998000
286.612000
287.242000
287.855000
289.098000
289.712000
290.342000
290.955000
291.585000
292.199000
292.812000
293.442000
294.056000
294.686000
295.299000
295.912000
296.542000
297.156000
297.786000
298.399000
