310.668000
311.895000
313.138000
314.382000
315.625000
316.852000
318.095000
320.582000
321.826000
324.296000
325.539000
328.026000
329.253000
330.497000
331.740000
332.984000
334.227000
335.454000
336.697000
337.941000
339.184000
340.428000
341.654000
342.898000
344.141000
346.612000
347.855000
349.099000
350.342000
351.585000
352.812000
354.056000
355.299000
356.543000
357.786000
370.651000
371.895000
373.138000
375.625000
376.852000
378.096000
379.339000
380.582000
381.826000
384.296000
385.540000
389.253000
391.740000
392.984000
394.227000
395.454000
396.697000
397.941000
399.184000
400.428000
401.655000
402.898000
404.141000
405.385000
406.612000
407.855000
409.099000
410.342000
411.586000
412.812000
414.056000
415.299000
416.543000
417.786000
429.425000
431.895000
433.139000
434.382000
435.625000
436.852000
438.096000
439.339000
441.826000
443.053000
444.296000
445.540000
446.783000
448.027000
449.253000
450.497000
451.740000
452.984000
454.227000
455.454000
456.698000
457.941000
459.184000
461.655000
462.898000
464.142000
465.385000
466.612000
467.855000
469.099000
470.342000
471.586000
472.813000
474.056000
475.299000
476.543000
477.786000
489.425000
490.652000
491.895000
493.139000
494.382000
495.626000
496.852000
498.096000
499.339000
500.583000
501.826000
503.053000
504.296000
505.540000
506.783000
508.027000
509.254000
510.497000
511.740000
512.984000
514.227000
515.454000
516.698000
517.941000
519.185000
520.428000
521.655000
522.898000
524.142000
525.385000
526.612000
527.855000
529.099000
530.342000
531.586000
532.813000
534.056000
535.300000
536.543000
537.786000
549.425000
551.895000
553.139000
554.382000
556.853000
558.096000
560.583000
561.826000
563.053000
564.297000
565.540000
566.783000
568.027000
569.254000
570.497000
571.741000
572.984000
574.228000
575.454000
576.698000
577.941000
579.185000
580.412000
581.655000
582.898000
584.142000
585.385000
586.612000
587.856000
589.099000
591.586000
592.813000
594.056000
595.300000
596.543000
597.787000
609.425000
610.669000
611.912000
615.626000
616.869000
618.113000
619.340000
620.583000
621.826000
623.070000
624.313000
625.540000
626.784000
628.027000
629.271000
630.514000
631.741000
632.984000
634.228000
635.471000
636.715000
637.941000
640.428000
641.672000
642.915000
644.142000
645.385000
646.629000
649.116000
651.586000
652.830000
654.073000
655.300000
656.543000
657.787000
669.425000
671.896000
673.139000
674.383000
675.626000
676.853000
678.096000
679.340000
680.583000
681.827000
683.053000
684.297000
686.784000
688.027000
689.254000
690.497000
691.741000
694.228000
695.455000
696.698000
697.942000
699.185000
700.412000
701.655000
702.899000
704.142000
705.386000
706.612000
707.856000
709.099000
710.343000
711.586000
712.813000
714.057000
715.300000
716.543000
729.425000
731.896000
733.139000
734.383000
736.853000
738.096000
739.340000
740.583000
741.827000
743.054000
744.297000
745.540000
746.784000
748.027000
749.254000
750.498000
751.741000
752.984000
754.228000
755.455000
756.698000
757.942000
759.185000
760.412000
761.655000
762.899000
764.142000
765.386000
766.613000
767.856000
769.099000
771.586000
772.813000
774.057000
776.544000
777.787000
789.426000
790.652000
791.896000
793.139000
794.383000
795.626000
796.853000
798.096000
799.340000
800.583000
801.827000
804.297000
805.541000
808.027000
809.254000
810.498000
811.741000
814.211000
815.455000
816.698000
817.942000
819.185000
820.412000
821.656000
822.899000
824.142000
825.386000
826.613000
827.856000
829.100000
831.586000
832.813000
834.057000
835.300000
836.544000
837.787000
850.653000
851.896000
853.139000
854.383000
855.626000
856.853000
858.097000
859.340000
860.583000
861.827000
863.054000
865.541000
866.784000
868.028000
869.254000
870.498000
871.741000
874.212000
876.698000
877.942000
879.185000
880.412000
882.899000
884.143000
885.386000
886.613000
887.856000
889.100000
890.343000
892.813000
894.057000
895.300000
896.544000
897.787000
910.653000
911.896000
913.140000
914.383000
916.853000
918.097000
919.340000
920.584000
921.827000
923.054000
926.784000
928.028000
929.255000
934.212000
935.455000
936.699000
937.942000
939.186000
940.412000
941.656000
942.899000
944.143000
945.386000
946.613000
949.100000
950.343000
951.587000
952.814000
954.057000
955.300000
956.544000
957.787000
969.426000
970.653000
971.896000
973.140000
974.383000
975.627000
976.853000
978.097000
979.340000
980.584000
981.827000
983.054000
984.298000
985.541000
986.784000
989.255000
990.498000
991.742000
992.985000
994.212000
995.455000
997.942000
999.186000
1000.413000
1001.656000
1002.899000
1004.143000
1005.386000
1006.613000
1007.857000
1009.100000
1010.343000
1011.587000
1012.814000
1014.057000
1015.301000
1016.544000
1017.788000
