1041.771000
1043.015000
1045.502000
1046.728000
1049.215000
1050.459000
1056.659000
1057.903000
1059.130000
1062.860000
1064.087000
1066.574000
1067.817000
1071.531000
1074.018000
1075.261000
1076.488000
1077.732000
1078.975000
1080.219000
1081.462000
1083.932000
1085.176000
1086.419000
1099.301000
1101.771000
1104.258000
1105.502000
1106.729000
1107.972000
1110.459000
1111.702000
1112.929000
1114.173000
1115.416000
1116.660000
1119.130000
1120.373000
1121.617000
1122.860000
1124.104000
1125.330000
1126.574000
1127.817000
1129.061000
1131.531000
1135.261000
1136.488000
1137.732000
1138.975000
1140.219000
1141.462000
1142.689000
1143.932000
1146.419000
1160.528000
1161.772000
1163.015000
1165.502000
1167.972000
1169.216000
1170.459000
1172.929000
1175.416000
1176.660000
1181.617000
1184.104000
1185.331000
1186.574000
1189.061000
1191.531000
1196.488000
1197.732000
1198.975000
1200.219000
1201.462000
1202.689000
1206.419000
1221.772000
1226.729000
1227.972000
1235.416000
1237.903000
1239.130000
1240.374000
1242.860000
1244.104000
1247.818000
1249.061000
1250.288000
1254.018000
1255.262000
1257.732000
1258.975000
1261.462000
1265.176000
1266.419000
1278.042000
1280.528000
1281.772000
1283.015000
1284.242000
1285.486000
1286.729000
1287.972000
1289.216000
1290.443000
1291.686000
1292.930000
1294.173000
1295.400000
1296.643000
1297.887000
1299.130000
1300.374000
1301.601000
1302.844000
1304.087000
1305.331000
1306.574000
1307.801000
1309.045000
1310.288000
1311.531000
1312.775000
1314.002000
1315.245000
1316.489000
1317.732000
1318.976000
1321.446000
1322.689000
1323.933000
1325.160000
1326.403000
1338.042000
1341.772000
1343.015000
1344.242000
1345.486000
1346.729000
1350.443000
1351.686000
1352.930000
1354.173000
1355.400000
1357.887000
1359.130000
1361.601000
1365.331000
1367.801000
1370.288000
1371.532000
1372.775000
1375.245000
1377.732000
1378.976000
1380.203000
1381.446000
1383.933000
1385.160000
1399.285000
1403.016000
1404.242000
1406.729000
1407.973000
1409.200000
1410.443000
1411.686000
1412.930000
1415.400000
1416.644000
1417.887000
1420.374000
1421.601000
1425.331000
1426.575000
1427.801000
1430.288000
1431.532000
1432.775000
1434.002000
1437.732000
1438.976000
1440.203000
1442.690000
1443.933000
1461.772000
1463.016000
1464.243000
1465.486000
1466.729000
1471.687000
1472.930000
1475.400000
1477.887000
1479.131000
1480.374000
1489.045000
1490.288000
1491.532000
1492.775000
1494.002000
1495.246000
1496.489000
1497.733000
1498.976000
1500.203000
1502.690000
1506.403000
1518.042000
1519.285000
1521.772000
1525.486000
1526.730000
1527.973000
1529.200000
1530.443000
1531.687000
1535.400000
1536.644000
1537.887000
1540.374000
1541.601000
1542.845000
1544.088000
1546.575000
1547.802000
1549.045000
1552.775000
1554.002000
1555.246000
1556.489000
1560.203000
1561.446000
1563.933000
1565.160000
1578.042000
1579.286000
1580.529000
1583.016000
1584.243000
1586.730000
1587.973000
1589.200000
1591.687000
1592.930000
1595.401000
1596.644000
1597.887000
1600.374000
1602.845000
1604.088000
1605.332000
1606.575000
1607.802000
1611.532000
1612.776000
1615.246000
1616.489000
1617.733000
1622.690000
1623.933000
1625.160000
1626.404000
1638.042000
1639.286000
1642.999000
1644.243000
1645.486000
1652.930000
1656.644000
1657.888000
1659.131000
1661.601000
1662.845000
1664.088000
1665.332000
1666.575000
1671.532000
1672.776000
1675.246000
1678.960000
1680.203000
1681.447000
1682.690000
1685.160000
1699.286000
1700.529000
1703.000000
1704.243000
1705.487000
1709.200000
1710.444000
1711.687000
1715.401000
1717.888000
1719.131000
1720.375000
1722.845000
1724.088000
1725.332000
1726.575000
1730.289000
1731.532000
1734.003000
1737.733000
1738.960000
1740.203000
1741.447000
1742.690000
1743.934000
1745.161000
1746.404000
