316.239000
318.725000
327.396000
338.554000
343.528000
347.242000
349.712000
350.955000
371.282000
377.482000
387.396000
398.554000
407.242000
418.400000
441.196000
444.926000
454.841000
491.282000
493.752000
494.996000
504.926000
509.884000
513.597000
518.555000
524.755000
529.712000
533.443000
537.156000
551.282000
552.525000
557.483000
566.153000
569.884000
578.555000
582.285000
593.443000
594.686000
595.913000
612.525000
619.970000
623.683000
624.927000
629.884000
634.841000
636.085000
641.042000
642.285000
650.973000
654.686000
671.282000
673.752000
674.996000
679.953000
686.154000
707.242000
709.713000
710.956000
751.128000
759.799000
762.285000
763.512000
764.756000
765.999000
773.443000
777.157000
790.039000
793.753000
797.483000
804.927000
808.641000
812.355000
814.841000
816.085000
825.999000
827.243000
834.687000
837.157000
851.283000
854.996000
859.954000
871.128000
878.555000
887.243000
892.200000
894.687000
911.283000
912.526000
913.753000
917.483000
918.727000
924.927000
927.398000
933.598000
934.842000
936.085000
942.286000
947.243000
948.486000
954.687000
955.914000
958.401000
974.997000
976.240000
978.727000
983.684000
996.085000
1001.043000
