310.668000
311.281000
311.895000
312.525000
313.138000
314.382000
314.995000
315.625000
316.239000
316.852000
317.482000
318.095000
318.725000
319.952000
320.582000
321.826000
322.439000
323.683000
324.296000
325.539000
326.153000
327.396000
328.026000
328.640000
329.253000
330.497000
331.127000
331.740000
332.354000
332.984000
333.597000
334.227000
334.840000
335.454000
336.084000
336.697000
337.327000
337.941000
338.554000
339.184000
339.798000
340.428000
341.041000
341.654000
342.284000
342.898000
343.528000
344.141000
344.755000
345.998000
346.612000
347.242000
347.855000
348.485000
349.099000
349.712000
350.342000
350.955000
351.585000
352.199000
352.812000
353.442000
354.056000
354.686000
355.299000
355.913000
356.543000
357.156000
357.786000
358.400000
370.038000
370.651000
371.282000
371.895000
372.525000
373.138000
373.752000
374.995000
375.625000
376.239000
376.852000
377.482000
378.096000
378.726000
379.339000
379.952000
380.582000
381.196000
381.826000
382.439000
383.683000
384.296000
384.926000
385.540000
386.153000
387.396000
388.640000
389.253000
389.883000
391.127000
391.740000
392.354000
392.984000
393.597000
394.227000
394.841000
395.454000
396.084000
396.697000
397.328000
397.941000
398.554000
399.184000
399.798000
400.428000
401.655000
402.285000
402.898000
403.528000
404.141000
404.755000
405.385000
405.998000
406.612000
407.242000
407.855000
408.485000
409.099000
409.712000
410.342000
410.956000
411.586000
412.199000
412.812000
413.442000
414.056000
414.686000
415.299000
415.913000
416.543000
417.156000
417.786000
418.400000
429.425000
430.038000
431.282000
431.895000
433.139000
433.752000
434.382000
434.995000
435.625000
436.239000
436.852000
437.482000
438.096000
439.339000
441.196000
441.826000
442.439000
443.053000
443.683000
444.296000
444.926000
445.540000
446.153000
446.783000
447.397000
448.027000
448.640000
449.253000
449.884000
450.497000
451.127000
451.740000
452.354000
452.984000
453.597000
454.227000
454.841000
455.454000
456.084000
456.698000
457.328000
457.941000
458.554000
459.184000
459.798000
461.041000
461.655000
462.285000
462.898000
464.142000
464.755000
465.385000
466.612000
467.242000
467.855000
468.485000
469.099000
469.712000
470.342000
470.956000
471.586000
472.199000
472.813000
473.443000
474.056000
474.686000
475.299000
475.913000
476.543000
477.786000
478.400000
489.425000
490.038000
490.652000
491.282000
491.895000
492.525000
493.139000
493.752000
494.382000
494.996000
495.626000
496.239000
496.852000
498.096000
499.339000
499.953000
500.583000
501.826000
502.440000
503.053000
503.683000
504.296000
504.926000
505.540000
506.783000
507.397000
508.027000
508.640000
509.254000
509.884000
510.497000
511.127000
511.740000
512.354000
512.984000
513.597000
514.227000
514.841000
515.454000
516.084000
516.698000
517.941000
518.555000
519.185000
519.798000
520.428000
521.041000
521.655000
522.285000
522.898000
523.512000
524.142000
524.755000
525.385000
525.999000
526.612000
527.242000
527.855000
528.486000
529.099000
529.712000
530.342000
530.956000
531.586000
532.199000
532.813000
533.443000
534.056000
534.686000
535.300000
536.543000
537.156000
537.786000
538.400000
549.425000
550.038000
551.282000
551.895000
552.525000
553.139000
553.752000
554.382000
554.996000
556.239000
556.853000
557.483000
558.096000
558.726000
559.953000
560.583000
561.196000
561.826000
562.440000
563.053000
563.683000
564.297000
564.927000
565.540000
566.153000
566.783000
567.397000
568.027000
568.640000
569.254000
569.884000
570.497000
571.127000
571.741000
572.354000
572.984000
573.598000
574.228000
574.841000
575.454000
576.084000
576.698000
577.941000
578.555000
579.185000
579.798000
580.412000
581.655000
582.285000
582.898000
583.512000
584.142000
584.755000
585.385000
585.999000
586.612000
587.242000
587.856000
588.486000
589.099000
589.713000
590.956000
591.586000
592.199000
592.813000
593.443000
594.056000
594.686000
595.300000
595.913000
596.543000
597.787000
598.400000
609.425000
610.055000
610.669000
611.282000
611.912000
612.525000
613.769000
615.012000
615.626000
616.256000
616.869000
617.483000
618.113000
619.340000
619.970000
620.583000
621.213000
621.826000
622.440000
623.070000
623.683000
624.313000
624.927000
625.540000
626.784000
627.414000
628.027000
629.271000
629.884000
630.514000
631.127000
631.741000
632.371000
632.984000
633.614000
634.228000
634.841000
635.471000
636.085000
636.715000
637.328000
637.941000
638.571000
639.815000
640.428000
641.042000
641.672000
642.285000
642.915000
643.529000
644.142000
644.772000
645.385000
646.015000
646.629000
647.242000
648.486000
649.116000
649.729000
650.973000
651.586000
652.830000
653.443000
654.073000
654.686000
655.300000
655.930000
656.543000
657.787000
658.400000
669.425000
670.039000
671.282000
671.896000
672.526000
673.139000
673.752000
674.383000
674.996000
675.626000
676.239000
676.853000
677.483000
678.096000
678.726000
679.340000
679.953000
680.583000
681.197000
681.827000
682.440000
683.053000
683.683000
684.297000
684.927000
686.154000
686.784000
687.397000
688.027000
688.641000
689.254000
689.884000
690.497000
691.128000
691.741000
692.354000
694.228000
694.841000
695.455000
696.085000
696.698000
697.312000
697.942000
698.555000
699.185000
699.798000
700.412000
701.042000
701.655000
702.285000
702.899000
704.142000
704.756000
705.386000
705.999000
706.612000
707.242000
707.856000
708.486000
709.099000
709.713000
710.343000
710.956000
711.586000
712.200000
712.813000
713.443000
714.057000
714.687000
715.300000
715.913000
716.543000
717.157000
718.400000
729.425000
731.282000
731.896000
732.526000
733.139000
733.753000
734.383000
734.996000
736.239000
736.853000
737.483000
738.096000
738.726000
739.340000
739.953000
740.583000
741.197000
741.827000
742.440000
743.054000
743.684000
744.297000
744.927000
745.540000
746.154000
746.784000
747.397000
748.027000
748.641000
749.254000
749.884000
750.498000
751.128000
751.741000
752.354000
752.984000
753.598000
754.228000
754.841000
755.455000
756.085000
756.698000
757.312000
757.942000
758.555000
759.185000
759.799000
760.412000
761.655000
762.285000
762.899000
763.512000
764.142000
764.756000
765.386000
765.999000
766.613000
767.243000
767.856000
768.486000
769.099000
770.956000
771.586000
772.200000
772.813000
773.443000
774.057000
774.687000
775.914000
776.544000
777.157000
777.787000
778.400000
789.426000
790.039000
790.652000
791.282000
791.896000
793.139000
793.753000
794.383000
795.626000
796.240000
796.853000
797.483000
798.096000
798.727000
799.340000
799.953000
800.583000
801.197000
801.827000
802.440000
803.684000
804.297000
804.927000
805.541000
806.154000
807.397000
808.027000
808.641000
809.254000
809.884000
810.498000
811.128000
811.741000
812.355000
814.211000
814.841000
815.455000
816.085000
816.698000
817.312000
817.942000
818.555000
819.185000
819.799000
820.412000
821.042000
821.656000
822.286000
822.899000
823.512000
824.142000
824.756000
825.386000
825.999000
826.613000
827.243000
827.856000
828.486000
829.100000
829.713000
830.956000
831.586000
832.200000
832.813000
833.443000
834.057000
834.687000
835.300000
836.544000
837.157000
837.787000
838.401000
850.039000
850.653000
851.283000
851.896000
852.526000
853.139000
854.383000
854.996000
855.626000
856.240000
856.853000
857.483000
858.097000
858.727000
859.340000
859.954000
860.583000
861.197000
861.827000
862.440000
863.054000
864.927000
865.541000
866.154000
866.784000
867.398000
868.028000
869.254000
869.884000
870.498000
871.128000
871.741000
873.598000
874.212000
874.842000
876.085000
876.698000
877.312000
877.942000
878.555000
879.185000
879.799000
880.412000
881.042000
882.286000
882.899000
883.513000
884.143000
884.756000
885.386000
886.613000
887.243000
887.856000
888.486000
889.100000
889.713000
890.343000
890.957000
892.200000
892.813000
893.443000
894.057000
894.687000
895.300000
895.914000
896.544000
897.157000
897.787000
898.401000
910.039000
910.653000
911.283000
911.896000
912.526000
913.140000
913.753000
914.383000
914.997000
916.240000
916.853000
917.483000
918.097000
918.727000
919.340000
919.954000
920.584000
921.197000
921.827000
922.441000
923.054000
924.927000
926.154000
926.784000
927.398000
928.028000
928.641000
929.255000
929.885000
931.128000
932.355000
933.598000
934.212000
934.842000
935.455000
936.085000
936.699000
937.312000
937.942000
938.556000
939.186000
939.799000
940.412000
941.042000
941.656000
942.286000
942.899000
943.513000
944.143000
944.756000
945.386000
946.000000
946.613000
947.243000
948.486000
949.100000
950.343000
950.957000
951.587000
952.200000
952.814000
953.444000
954.057000
954.687000
955.300000
955.914000
956.544000
957.157000
957.787000
958.401000
969.426000
970.039000
970.653000
971.896000
972.526000
973.140000
973.753000
974.383000
974.997000
975.627000
976.240000
976.853000
977.483000
978.097000
978.727000
979.340000
979.954000
980.584000
981.197000
981.827000
982.441000
983.054000
983.684000
984.298000
984.928000
985.541000
986.154000
986.784000
987.398000
988.641000
989.255000
989.885000
990.498000
991.112000
991.742000
992.355000
992.985000
993.598000
994.212000
995.455000
996.085000
997.942000
998.556000
999.186000
999.799000
1000.413000
1001.043000
1001.656000
1002.286000
1002.899000
1003.513000
1004.143000
1004.756000
1005.386000
1006.000000
1006.613000
1007.243000
1007.857000
1009.100000
1009.713000
1010.343000
1010.957000
1011.587000
1012.200000
1012.814000
1014.057000
1014.687000
1015.301000
1015.914000
1016.544000
1017.158000
1017.788000
1018.401000
