311.281000
312.525000
314.995000
317.482000
319.952000
322.439000
323.683000
326.153000
328.640000
331.127000
332.354000
333.597000
334.840000
336.084000
337.327000
339.798000
341.041000
342.284000
344.755000
345.998000
348.485000
352.199000
353.442000
354.686000
355.913000
357.156000
358.400000
370.038000
372.525000
373.752000
374.995000
376.239000
378.726000
379.952000
381.196000
382.439000
383.683000
384.926000
386.153000
388.640000
389.883000
391.127000
392.354000
393.597000
394.841000
396.084000
397.328000
399.798000
402.285000
403.528000
404.755000
405.998000
408.485000
409.712000
410.956000
412.199000
413.442000
414.686000
415.913000
417.156000
430.038000
431.282000
433.752000
434.995000
436.239000
437.482000
442.439000
443.683000
446.153000
447.397000
448.640000
449.884000
451.127000
452.354000
453.597000
456.084000
457.328000
458.554000
459.798000
461.041000
462.285000
464.755000
467.242000
468.485000
469.712000
470.956000
472.199000
473.443000
474.686000
475.913000
478.400000
490.038000
492.525000
496.239000
499.953000
502.440000
503.683000
507.397000
508.640000
511.127000
512.354000
514.841000
516.084000
519.798000
521.041000
522.285000
523.512000
525.999000
527.242000
528.486000
530.956000
532.199000
534.686000
538.400000
550.038000
553.752000
554.996000
556.239000
558.726000
559.953000
561.196000
562.440000
563.683000
564.927000
567.397000
568.640000
571.127000
572.354000
573.598000
574.841000
576.084000
579.798000
583.512000
584.755000
585.999000
587.242000
588.486000
589.713000
590.956000
592.199000
598.400000
610.055000
611.282000
613.769000
615.012000
616.256000
617.483000
621.213000
622.440000
627.414000
631.127000
632.371000
633.614000
637.328000
638.571000
639.815000
643.529000
644.772000
646.015000
647.242000
648.486000
649.729000
653.443000
655.930000
658.400000
670.039000
672.526000
676.239000
677.483000
678.726000
681.197000
682.440000
683.683000
684.927000
687.397000
688.641000
689.884000
691.128000
692.354000
694.841000
696.085000
697.312000
698.555000
699.798000
701.042000
702.285000
704.756000
705.999000
708.486000
712.200000
713.443000
714.687000
715.913000
717.157000
718.400000
731.282000
732.526000
733.753000
734.996000
736.239000
737.483000
738.726000
739.953000
741.197000
742.440000
743.684000
744.927000
746.154000
747.397000
748.641000
749.884000
752.354000
753.598000
754.841000
756.085000
757.312000
758.555000
767.243000
768.486000
770.956000
772.200000
774.687000
775.914000
778.400000
791.282000
796.240000
798.727000
799.953000
801.197000
802.440000
803.684000
806.154000
807.397000
809.884000
811.128000
817.312000
818.555000
819.799000
821.042000
822.286000
823.512000
824.756000
828.486000
829.713000
830.956000
832.200000
833.443000
838.401000
850.039000
852.526000
856.240000
857.483000
858.727000
861.197000
862.440000
864.927000
866.154000
867.398000
869.884000
873.598000
874.842000
876.085000
877.312000
879.799000
881.042000
882.286000
883.513000
884.756000
888.486000
889.713000
890.957000
893.443000
895.914000
897.157000
898.401000
910.039000
914.997000
916.240000
919.954000
921.197000
922.441000
926.154000
928.641000
929.885000
931.128000
932.355000
937.312000
938.556000
939.799000
941.042000
943.513000
944.756000
946.000000
950.957000
952.200000
953.444000
957.157000
970.039000
972.526000
973.753000
977.483000
979.954000
981.197000
982.441000
984.928000
986.154000
987.398000
988.641000
989.885000
991.112000
992.355000
993.598000
998.556000
999.799000
1002.286000
1003.513000
1004.756000
1006.000000
1007.243000
1009.713000
1010.957000
1012.200000
1014.687000
1015.914000
1017.158000
1018.401000
