1038.671000
1041.158000
1042.401000
1044.872000
1046.115000
1048.602000
1049.829000
1051.072000
1052.316000
1053.559000
1054.803000
1056.029000
1057.273000
1058.516000
1059.760000
1060.987000
1062.230000
1063.473000
1064.717000
1065.960000
1067.187000
1068.431000
1069.674000
1070.918000
1072.161000
1073.388000
1074.631000
1075.875000
1077.118000
1078.362000
1079.588000
1080.832000
1082.075000
1083.319000
1084.562000
1085.789000
1097.428000
1098.671000
1099.915000
1101.158000
1102.401000
1103.628000
1104.872000
1106.115000
1107.359000
1108.602000
1111.072000
1112.316000
1113.559000
1114.803000
1116.030000
1117.273000
1119.760000
1121.003000
1122.230000
1123.474000
1124.717000
1127.204000
1128.431000
1129.674000
1130.918000
1132.161000
1133.388000
1134.631000
1135.875000
1137.118000
1138.362000
1139.589000
1140.832000
1142.075000
1143.319000
1144.562000
1145.789000
1157.428000
1158.671000
1159.915000
1161.158000
1162.402000
1163.628000
1164.872000
1166.115000
1168.602000
1169.829000
1171.072000
1172.316000
1173.559000
1174.803000
1176.030000
1177.273000
1178.517000
1179.760000
1181.003000
1182.230000
1183.474000
1184.717000
1185.961000
1187.204000
1188.431000
1190.918000
1194.632000
1195.875000
1197.118000
1198.362000
1199.589000
1200.832000
1202.076000
1203.319000
1204.562000
1205.789000
1217.428000
1219.915000
1221.158000
1222.402000
1223.629000
1224.872000
1226.115000
1227.359000
1228.602000
1229.829000
1231.073000
1232.316000
1233.559000
1234.803000
1236.030000
1237.273000
1238.517000
1239.760000
1241.004000
1242.230000
1243.474000
1244.717000
1245.961000
1247.188000
1248.431000
1249.674000
1250.918000
1252.161000
1253.388000
1254.632000
1255.875000
1257.119000
1258.362000
1260.832000
1262.076000
1263.319000
1264.563000
1265.789000
1277.428000
1279.915000
1281.142000
1282.385000
1283.629000
1286.116000
1287.342000
1289.829000
1291.073000
1292.300000
1293.543000
1294.786000
1296.030000
1297.273000
1298.500000
1299.744000
1300.987000
1302.231000
1303.474000
1305.944000
1307.188000
1310.901000
1312.145000
1313.388000
1314.632000
1315.875000
1317.102000
1318.346000
1320.832000
1322.076000
1323.303000
1324.546000
1325.790000
1337.428000
1338.672000
1339.915000
1341.142000
1342.385000
1343.629000
1344.872000
1346.116000
1347.343000
1348.586000
1349.829000
1351.073000
1352.300000
1353.543000
1354.787000
1356.030000
1357.274000
1358.500000
1359.744000
1362.231000
1363.474000
1364.701000
1365.944000
1368.431000
1370.902000
1373.388000
1374.632000
1375.875000
1377.102000
1378.346000
1379.589000
1380.833000
1382.076000
1384.546000
1397.428000
1399.915000
1401.142000
1402.386000
1403.629000
1404.872000
1406.116000
1407.343000
1408.586000
1409.830000
1411.073000
1412.300000
1413.543000
1414.787000
1416.030000
1417.274000
1418.501000
1419.744000
1420.987000
1422.231000
1423.474000
1424.701000
1425.945000
1427.188000
1428.431000
1429.675000
1430.902000
1432.145000
1433.389000
1434.632000
1435.876000
1438.346000
1439.589000
1440.833000
1442.060000
1443.303000
1444.546000
1445.790000
1457.428000
1458.672000
1459.915000
1461.142000
1462.386000
1463.629000
1464.873000
1466.116000
1467.343000
1469.830000
1471.073000
1472.300000
1473.543000
1474.787000
1476.030000
1477.274000
1478.501000
1479.744000
1482.231000
1483.474000
1484.701000
1485.945000
1487.188000
1488.432000
1490.902000
1492.145000
1493.389000
1494.632000
1495.876000
1498.346000
1499.589000
1500.833000
1502.060000
1503.303000
1504.547000
1505.790000
1517.429000
1518.672000
1519.915000
1522.386000
1523.629000
1524.873000
1526.100000
1527.343000
1528.586000
1529.830000
1531.073000
1533.544000
1534.787000
1536.030000
1537.274000
1538.501000
1539.744000
1540.988000
1542.231000
1543.475000
1544.701000
1545.945000
1547.188000
1549.675000
1550.902000
1552.145000
1553.389000
1554.632000
1555.876000
1557.103000
1558.346000
1559.590000
1560.833000
1562.060000
1563.303000
1564.547000
1565.790000
1577.429000
1579.916000
1581.142000
1583.629000
1584.873000
1586.100000
1587.343000
1588.587000
1589.830000
1591.073000
1592.300000
1593.544000
1594.787000
1596.031000
1597.274000
1598.501000
1599.744000
1600.988000
1602.231000
1603.475000
1604.702000
1605.945000
1607.188000
1608.432000
1609.675000
1610.902000
1612.146000
1613.389000
1614.632000
1615.876000
1617.103000
1618.346000
1619.590000
1620.833000
1622.060000
1623.303000
1624.547000
1625.790000
1637.429000
1639.916000
1641.143000
1642.386000
1643.629000
1646.100000
1648.587000
1649.830000
1651.074000
1652.300000
1653.544000
1654.787000
1656.031000
1657.274000
1658.501000
1659.744000
1660.988000
1662.231000
1663.475000
1664.702000
1665.945000
1667.189000
1668.432000
1669.675000
1670.902000
1672.146000
1673.389000
1674.633000
1675.876000
1677.103000
1678.346000
1679.590000
1680.833000
1682.060000
1683.304000
1684.547000
1685.790000
1697.429000
1699.916000
1701.143000
1702.386000
1703.630000
1704.873000
1707.343000
1708.587000
1709.830000
1711.074000
1713.544000
1714.787000
1716.031000
1717.274000
1719.745000
1720.988000
1722.231000
1723.475000
1724.702000
1725.945000
1727.189000
1728.432000
1729.676000
1730.902000
1732.146000
1733.389000
1734.633000
1735.860000
1737.103000
1738.346000
1739.590000
1740.833000
1742.060000
1744.547000
1745.791000
