1767.285000
1767.916000
1768.529000
1769.142000
1769.772000
1770.386000
1771.016000
1771.629000
1772.243000
1773.486000
1774.100000
1774.730000
1775.343000
1775.973000
1776.586000
1777.200000
1777.830000
1778.443000
1779.073000
1779.687000
1780.300000
1780.930000
1781.544000
1782.174000
1782.787000
1783.400000
1784.030000
1784.644000
1785.274000
1785.887000
1786.501000
1787.131000
1787.744000
1788.374000
1788.988000
1789.601000
1790.231000
1790.845000
1791.475000
1792.088000
1792.701000
1793.331000
1793.945000
1794.575000
1795.188000
1795.802000
1796.432000
1797.045000
1797.675000
1798.289000
1798.902000
1799.532000
1800.145000
1800.775000
1801.389000
1802.002000
1802.632000
1803.246000
1803.876000
1804.489000
1805.103000
1805.733000
1806.346000
1807.590000
1808.203000
1808.833000
1809.446000
1810.060000
1810.690000
1811.303000
1811.933000
1812.547000
1813.160000
1813.790000
1814.404000
1826.042000
1826.672000
1827.286000
1827.916000
1828.529000
1829.142000
1829.773000
1830.386000
1831.016000
1831.629000
1832.873000
1833.486000
1834.100000
1834.730000
1835.343000
1835.973000
1836.587000
1837.200000
1838.443000
1839.073000
1839.687000
1840.300000
1840.930000
1841.544000
1842.174000
1842.787000
1843.401000
1844.031000
1844.644000
1845.274000
1845.887000
1846.501000
1847.131000
1847.744000
1848.374000
1848.988000
1849.601000
1850.231000
1850.845000
1851.475000
1852.088000
1852.702000
1853.332000
1853.945000
1854.575000
1855.188000
1855.802000
1856.432000
1857.045000
1857.675000
1858.289000
1858.902000
1859.532000
1860.146000
1861.389000
1862.632000
1863.246000
1863.876000
1864.489000
1865.103000
1866.346000
1866.960000
1867.590000
1868.203000
1868.833000
1869.447000
1870.060000
1870.690000
1871.303000
1871.933000
1872.547000
1873.160000
1873.790000
1874.404000
1885.429000
1886.042000
1887.286000
1887.916000
1888.529000
1889.143000
1889.773000
1890.386000
1890.999000
1891.629000
1892.243000
1892.873000
1893.486000
1894.100000
1895.343000
1895.973000
1896.587000
1897.200000
1897.830000
1898.444000
1899.074000
1899.687000
1900.300000
1900.930000
1901.544000
1902.174000
1902.787000
1903.401000
1904.031000
1904.644000
1905.274000
1905.888000
1906.501000
1907.131000
1907.744000
1908.374000
1908.988000
1909.601000
1910.845000
1911.475000
1912.088000
1912.702000
1913.332000
1913.945000
1914.575000
1915.189000
1915.802000
1916.432000
1917.045000
1917.675000
1918.289000
1918.902000
1919.532000
1920.146000
1920.776000
1921.389000
1922.003000
1922.633000
1923.246000
1923.859000
1924.489000
1925.103000
1925.733000
1926.346000
1926.960000
1927.590000
1928.203000
1928.833000
1929.447000
1930.060000
1930.690000
1931.934000
1932.547000
1933.160000
1933.790000
1934.404000
1945.429000
1946.042000
1946.672000
1947.286000
1947.916000
1949.143000
1949.773000
1950.386000
1951.000000
1951.630000
1952.243000
1952.873000
1953.487000
1954.100000
1954.730000
1955.343000
1955.973000
1956.587000
1957.830000
1958.444000
1959.074000
1959.687000
1960.301000
1960.931000
1961.544000
1962.174000
1962.787000
1963.401000
1964.031000
1964.644000
1965.274000
1965.888000
1966.501000
1967.131000
1967.745000
1968.375000
1968.988000
1969.602000
1970.231000
1970.845000
1971.475000
1972.088000
1973.945000
1974.575000
1975.802000
1977.046000
1977.676000
1978.289000
1978.902000
1979.532000
1980.146000
1980.776000
1981.389000
1982.003000
1982.633000
1983.246000
1983.860000
1984.490000
1985.103000
1985.733000
1986.347000
1986.960000
1987.590000
1988.203000
1988.833000
1989.447000
1990.060000
1991.304000
1991.934000
1992.547000
1993.161000
1993.791000
1994.404000
2005.429000
2006.043000
2007.286000
2007.916000
2008.529000
2009.143000
2009.773000
2010.386000
2011.000000
2011.630000
2012.873000
2013.487000
2014.100000
2015.344000
2015.974000
2016.587000
2017.200000
2017.830000
2018.444000
2019.074000
2019.687000
2020.301000
2021.544000
2022.174000
2022.788000
2023.401000
2024.031000
2024.644000
2025.274000
2025.888000
2026.501000
2027.131000
2027.745000
2028.375000
2028.988000
2030.232000
2030.845000
2031.475000
2032.089000
2032.702000
2033.332000
2033.945000
2034.575000
2035.189000
2035.802000
2036.432000
2037.046000
2038.903000
2039.533000
2040.146000
2040.759000
2041.389000
2042.633000
2043.246000
2043.860000
2045.103000
2045.733000
2046.347000
2046.960000
2048.203000
2048.834000
2049.447000
2050.690000
2051.934000
2052.547000
2053.161000
2053.791000
2065.429000
2066.043000
2066.673000
2067.286000
2067.900000
2068.530000
2069.143000
2069.773000
2070.386000
2071.000000
2071.630000
2072.243000
2072.873000
2073.487000
2074.100000
2074.730000
2075.344000
2075.974000
2076.587000
2077.201000
2077.831000
2078.444000
2079.074000
2079.687000
2080.301000
2080.931000
2081.544000
2082.174000
2082.788000
2083.401000
2084.031000
2084.645000
2085.275000
2085.888000
2086.501000
2087.131000
2087.745000
2088.375000
2088.988000
2089.602000
2090.232000
2090.845000
2091.475000
2092.089000
2092.702000
2093.332000
2093.946000
2094.576000
2095.189000
2095.802000
2096.432000
2097.046000
2098.289000
2098.903000
2099.533000
2100.146000
2100.760000
2101.390000
2102.003000
2102.633000
2103.860000
2104.490000
2105.103000
2105.733000
2106.347000
2106.960000
2107.590000
2108.204000
2108.834000
2109.447000
2110.061000
2110.691000
2111.304000
2111.934000
2112.547000
2113.161000
2113.791000
2114.404000
2125.429000
2126.043000
2128.530000
2129.143000
2129.773000
2130.387000
2131.000000
2131.630000
2132.243000
2132.873000
2133.487000
2134.100000
2134.730000
2135.974000
2136.587000
2137.201000
2137.831000
2138.444000
2139.074000
2139.688000
2140.301000
2140.931000
2141.544000
2142.174000
2142.788000
2144.031000
2144.645000
2145.888000
2146.502000
2147.132000
2147.745000
2148.375000
2148.988000
2149.602000
2150.232000
2150.845000
2151.475000
2152.702000
2153.946000
2155.189000
2155.803000
2156.433000
2157.046000
2157.676000
2158.289000
2158.903000
2159.533000
2160.146000
2160.760000
2161.390000
2162.003000
2162.633000
2163.247000
2163.860000
2164.490000
2165.103000
2165.733000
2166.347000
2166.960000
2167.590000
2168.834000
2169.447000
2170.061000
2170.691000
2171.934000
2172.548000
2173.161000
2173.791000
2174.404000
2185.413000
2186.043000
2187.286000
2187.900000
2188.513000
2189.757000
2190.387000
2191.000000
2191.614000
2192.857000
2193.487000
2194.100000
2194.714000
2195.344000
2195.957000
2196.587000
2197.814000
2198.444000
2199.058000
2199.688000
2200.301000
2200.915000
2201.545000
2202.158000
2202.788000
2203.401000
2204.015000
2205.258000
2205.872000
2206.502000
2207.115000
2207.745000
2208.359000
2208.972000
2209.602000
2210.215000
2210.845000
2211.459000
2212.072000
2212.702000
2213.316000
2213.946000
2214.559000
2215.173000
2216.416000
2217.046000
2217.660000
2218.273000
2218.903000
2219.516000
2220.146000
2220.760000
2221.373000
2222.003000
2222.617000
2223.247000
2223.860000
2224.474000
2225.104000
2225.717000
2226.347000
2226.960000
2227.574000
2228.204000
2228.817000
2229.447000
2230.061000
2230.674000
2231.304000
2231.918000
2232.548000
2233.161000
2233.775000
2234.405000
2245.413000
2246.043000
2247.287000
2247.900000
2248.513000
2249.143000
2249.757000
2251.000000
2251.614000
2252.244000
2252.857000
2253.487000
2254.101000
2254.714000
2255.344000
2255.958000
2256.588000
2257.201000
2257.814000
2259.058000
2259.688000
2260.301000
2260.915000
2262.158000
2262.772000
2263.402000
2264.015000
2264.645000
2265.258000
2265.872000
2266.502000
2267.115000
2267.745000
2268.359000
2268.972000
2270.216000
2270.846000
2271.459000
2272.072000
2272.702000
2273.316000
2273.946000
2274.559000
2275.173000
2275.803000
2276.416000
2277.046000
2277.660000
2278.273000
2278.903000
2279.517000
2280.147000
2280.760000
2281.373000
2282.003000
2282.617000
2283.247000
2283.860000
2284.474000
2287.574000
2288.204000
2288.817000
2289.447000
2290.061000
2290.674000
2291.304000
2291.918000
2292.548000
2293.161000
2293.775000
2294.405000
2306.043000
2306.657000
2307.900000
2308.514000
2309.144000
2309.757000
2310.387000
2311.000000
2311.614000
2312.244000
2312.857000
2313.487000
2314.101000
2314.714000
2315.344000
2315.958000
2316.588000
2317.201000
2317.814000
2318.445000
2319.688000
2320.301000
2320.915000
2322.772000
2324.015000
2324.645000
2325.259000
2325.872000
2326.502000
2327.115000
2327.745000
2328.359000
2328.972000
2329.602000
2330.216000
2330.846000
2331.459000
2332.073000
2332.703000
2333.316000
2333.946000
2334.559000
2335.173000
2335.803000
2336.416000
2337.046000
2337.660000
2338.273000
2338.903000
2339.517000
2340.147000
2340.760000
2341.374000
2342.617000
2343.247000
2343.860000
2344.474000
2345.104000
2345.717000
2346.347000
2346.961000
2347.574000
2348.204000
2350.061000
2350.674000
2351.918000
2352.548000
2353.161000
2354.405000
2365.413000
2366.043000
2366.657000
2367.287000
2367.900000
2368.514000
2369.144000
2369.757000
2370.387000
2371.001000
2371.614000
2372.244000
2372.857000
2373.487000
2374.101000
2374.714000
2375.344000
2375.958000
2376.588000
2377.201000
2377.815000
2378.445000
2379.058000
2379.672000
2380.302000
2380.915000
2381.545000
2382.158000
2382.772000
2385.259000
2385.872000
2386.502000
2387.116000
2387.746000
2388.359000
2388.972000
2389.602000
2390.216000
2390.846000
2391.459000
2392.073000
2392.703000
2393.316000
2393.946000
2394.560000
2395.173000
2395.803000
2397.047000
2397.660000
2398.273000
2398.903000
2399.517000
2400.147000
2400.760000
2401.374000
2402.004000
2402.617000
2403.247000
2403.861000
2404.474000
2405.104000
2405.717000
2406.347000
2406.961000
2407.574000
2408.204000
2408.818000
2409.448000
2410.061000
2410.675000
2411.305000
2411.918000
2412.548000
2413.775000
2414.405000
2425.414000
2426.044000
2426.657000
2427.287000
2427.900000
2428.514000
2429.144000
2429.757000
2431.614000
2432.244000
2432.858000
2433.488000
2434.101000
2435.344000
2435.958000
2436.588000
2437.201000
2437.815000
2438.445000
2439.058000
2439.672000
2440.302000
2440.915000
2441.545000
2442.159000
2442.772000
2443.402000
2444.015000
2445.872000
2446.502000
2447.116000
2447.746000
2448.359000
2448.973000
2449.603000
2450.216000
2452.073000
2452.703000
2453.316000
2453.946000
2454.560000
2455.173000
2455.803000
2456.417000
2457.047000
2457.660000
2458.273000
2458.903000
2459.517000
2460.147000
2460.760000
2461.374000
2462.004000
2462.617000
2463.247000
2463.861000
2464.474000
2465.104000
2465.718000
2466.348000
2466.961000
2467.574000
2468.204000
2468.818000
2469.448000
2471.305000
2471.918000
2472.532000
2473.162000
2473.775000
