1767.916000
1769.142000
1770.386000
1771.629000
1774.100000
1775.343000
1776.586000
1777.830000
1779.073000
1780.300000
1781.544000
1782.787000
1784.030000
1785.274000
1786.501000
1787.744000
1788.988000
1790.231000
1791.475000
1792.701000
1793.945000
1795.188000
1796.432000
1797.675000
1798.902000
1800.145000
1801.389000
1802.632000
1803.876000
1805.103000
1806.346000
1807.590000
1808.833000
1810.060000
1811.303000
1812.547000
1813.790000
1826.672000
1827.916000
1829.142000
1830.386000
1831.629000
1832.873000
1834.100000
1835.343000
1836.587000
1839.073000
1840.300000
1841.544000
1842.787000
1844.031000
1845.274000
1846.501000
1847.744000
1848.988000
1850.231000
1851.475000
1852.702000
1853.945000
1855.188000
1856.432000
1857.675000
1858.902000
1860.146000
1861.389000
1862.632000
1863.876000
1865.103000
1866.346000
1867.590000
1868.833000
1870.060000
1871.303000
1872.547000
1873.790000
1885.429000
1887.916000
1889.143000
1890.386000
1891.629000
1892.873000
1894.100000
1895.343000
1896.587000
1897.830000
1899.074000
1900.300000
1901.544000
1902.787000
1904.031000
1905.274000
1906.501000
1907.744000
1908.988000
1911.475000
1912.702000
1913.945000
1915.189000
1916.432000
1917.675000
1918.902000
1920.146000
1921.389000
1922.633000
1923.859000
1925.103000
1926.346000
1927.590000
1928.833000
1930.060000
1932.547000
1933.790000
1945.429000
1946.672000
1947.916000
1949.143000
1950.386000
1951.630000
1952.873000
1954.100000
1955.343000
1956.587000
1957.830000
1959.074000
1960.301000
1961.544000
1962.787000
1964.031000
1965.274000
1966.501000
1967.745000
1968.988000
1970.231000
1971.475000
1973.945000
1977.676000
1978.902000
1980.146000
1981.389000
1982.633000
1983.860000
1985.103000
1986.347000
1987.590000
1988.833000
1990.060000
1991.304000
1992.547000
1993.791000
2005.429000
2007.916000
2009.143000
2010.386000
2011.630000
2012.873000
2014.100000
2015.344000
2016.587000
2017.830000
2019.074000
2020.301000
2021.544000
2022.788000
2024.031000
2025.274000
2026.501000
2027.745000
2028.988000
2030.232000
2031.475000
2032.702000
2033.945000
2035.189000
2036.432000
2038.903000
2040.146000
2041.389000
2042.633000
2043.860000
2045.103000
2046.347000
2048.834000
2052.547000
2053.791000
2065.429000
2066.673000
2067.900000
2069.143000
2070.386000
2071.630000
2072.873000
2074.100000
2075.344000
2076.587000
2077.831000
2079.074000
2080.301000
2081.544000
2082.788000
2084.031000
2085.275000
2086.501000
2087.745000
2088.988000
2090.232000
2091.475000
2092.702000
2093.946000
2095.189000
2096.432000
2098.903000
2100.146000
2101.390000
2102.633000
2103.860000
2105.103000
2106.347000
2107.590000
2108.834000
2110.061000
2111.304000
2112.547000
2113.791000
2125.429000
2129.143000
2130.387000
2131.630000
2132.873000
2134.100000
2136.587000
2137.831000
2139.074000
2140.301000
2141.544000
2142.788000
2144.031000
2146.502000
2147.745000
2148.988000
2150.232000
2151.475000
2152.702000
2153.946000
2155.189000
2156.433000
2157.676000
2158.903000
2160.146000
2161.390000
2162.633000
2163.860000
2165.103000
2166.347000
2167.590000
2168.834000
2170.061000
2172.548000
2173.791000
2185.413000
2187.900000
2190.387000
2191.614000
2192.857000
2194.100000
2195.344000
2196.587000
2197.814000
2199.058000
2200.301000
2201.545000
2202.788000
2204.015000
2205.258000
2206.502000
2207.745000
2208.972000
2210.215000
2211.459000
2212.702000
2213.946000
2215.173000
2216.416000
2217.660000
2218.903000
2220.146000
2221.373000
2222.617000
2223.860000
2225.104000
2226.347000
2227.574000
2228.817000
2230.061000
2231.304000
2232.548000
2233.775000
2245.413000
2247.900000
2249.143000
2251.614000
2252.857000
2254.101000
2255.344000
2256.588000
2257.814000
2259.058000
2260.301000
2262.772000
2264.015000
2265.258000
2266.502000
2267.745000
2268.972000
2270.216000
2271.459000
2272.702000
2273.946000
2275.173000
2276.416000
2277.660000
2278.903000
2280.147000
2281.373000
2282.617000
2283.860000
2287.574000
2288.817000
2290.061000
2291.304000
2292.548000
2293.775000
2306.657000
2307.900000
2309.144000
2310.387000
2311.614000
2312.857000
2314.101000
2315.344000
2316.588000
2317.814000
2320.301000
2322.772000
2324.015000
2325.259000
2326.502000
2327.745000
2328.972000
2330.216000
2331.459000
2332.703000
2333.946000
2335.173000
2336.416000
2337.660000
2338.903000
2340.147000
2341.374000
2342.617000
2343.860000
2345.104000
2346.347000
2347.574000
2350.061000
2352.548000
2365.413000
2366.657000
2367.900000
2369.144000
2370.387000
2371.614000
2372.857000
2374.101000
2375.344000
2376.588000
2377.815000
2379.058000
2380.302000
2381.545000
2382.772000
2385.259000
2386.502000
2387.746000
2388.972000
2390.216000
2391.459000
2392.703000
2393.946000
2395.173000
2397.660000
2398.903000
2400.147000
2401.374000
2402.617000
2403.861000
2405.104000
2406.347000
2407.574000
2408.818000
2410.061000
2411.305000
2412.548000
2413.775000
2425.414000
2426.657000
2427.900000
2429.144000
2431.614000
2432.858000
2434.101000
2435.344000
2436.588000
2437.815000
2439.058000
2440.302000
2441.545000
2442.772000
2444.015000
2446.502000
2447.746000
2448.973000
2450.216000
2452.703000
2453.946000
2455.173000
2456.417000
2457.660000
2458.903000
2460.147000
2461.374000
2462.617000
2463.861000
2465.104000
2466.348000
2467.574000
2468.818000
2471.305000
2472.532000
2473.775000
