1051.703000
1061.617000
1062.860000
1066.574000
1069.061000
1080.219000
1082.689000
1085.176000
1101.772000
1138.976000
1141.462000
1142.689000
1146.420000
1158.042000
1159.285000
1165.486000
1166.729000
1181.601000
1186.574000
1196.489000
1200.203000
1206.403000
1219.285000
1226.729000
1229.200000
1250.288000
1255.245000
1261.446000
1262.690000
1283.016000
1296.644000
1297.887000
1299.131000
1302.844000
1309.045000
1312.775000
1320.203000
1322.690000
1339.285000
1344.243000
1351.687000
1359.131000
1360.374000
1364.088000
1370.289000
1420.374000
1422.845000
1431.532000
1438.960000
1440.203000
1446.404000
1461.773000
1466.730000
1476.644000
1480.374000
1489.045000
1492.759000
1494.003000
1503.934000
1506.404000
1518.042000
1520.529000
1526.730000
1534.174000
1550.289000
1558.960000
1560.203000
1565.161000
1580.529000
1594.174000
1595.401000
1597.888000
1610.289000
1615.246000
1618.960000
1621.447000
1622.690000
1639.286000
1650.444000
1651.687000
1652.931000
1672.760000
1674.003000
1683.934000
1686.404000
1707.974000
1716.645000
1726.576000
1732.760000
1734.003000
1736.490000
1742.691000
1746.404000
