1767.281000
1784.656000
1809.442000
1845.883000
1849.613000
1852.083000
1860.771000
1865.728000
1871.929000
1889.768000
1891.011000
1895.968000
1898.455000
1903.413000
1904.656000
1914.570000
1948.525000
1954.725000
1958.455000
1964.640000
1970.840000
1974.570000
1975.814000
1978.284000
1982.015000
1983.241000
1986.972000
1991.929000
2007.281000
2022.169000
2028.370000
2039.528000
2051.929000
2053.172000
2073.482000
2077.212000
2080.926000
2088.370000
2089.614000
2111.929000
2127.282000
2131.012000
2137.212000
2139.683000
2145.883000
2154.571000
2174.400000
2199.683000
2200.926000
2203.397000
2204.640000
2207.127000
2225.712000
2226.956000
2228.199000
2231.913000
2233.156000
2246.038000
2249.752000
2252.239000
2254.726000
2263.397000
2265.884000
2268.354000
2270.841000
2272.084000
2293.156000
2294.400000
2307.282000
2312.239000
2315.953000
2320.927000
2329.598000
2330.841000
2338.285000
2340.755000
2344.486000
2349.443000
2350.686000
2351.913000
2354.400000
2377.196000
2379.683000
2435.953000
2438.440000
2442.154000
2448.354000
2453.312000
2459.512000
2465.713000
2466.956000
2471.913000
2473.157000
