1769.768000
1772.254000
1777.212000
1778.455000
1779.682000
1780.925000
1782.169000
1783.412000
1785.883000
1789.613000
1790.840000
1792.083000
1793.327000
1794.570000
1795.814000
1797.040000
1799.527000
1802.014000
1803.241000
1804.484000
1805.728000
1806.971000
1808.215000
1810.685000
1813.172000
1814.415000
1826.054000
1828.524000
1831.011000
1832.255000
1833.481000
1834.725000
1838.455000
1839.682000
1840.926000
1843.412000
1844.656000
1848.370000
1850.840000
1853.327000
1854.570000
1855.814000
1857.041000
1859.527000
1863.241000
1868.215000
1869.442000
1874.416000
1888.524000
1892.255000
1894.725000
1897.212000
1900.926000
1902.169000
1905.883000
1907.126000
1908.370000
1909.613000
1910.840000
1912.083000
1913.327000
1917.041000
1919.528000
1920.771000
1922.014000
1926.972000
1929.442000
1931.929000
1933.172000
1934.416000
1946.054000
1947.281000
1949.768000
1952.255000
1957.212000
1959.682000
1960.926000
1962.169000
1963.413000
1965.883000
1968.370000
1969.613000
1977.041000
1979.528000
1980.771000
1984.485000
1988.215000
1989.442000
1993.172000
2006.054000
2009.768000
2011.012000
2012.255000
2013.482000
2014.725000
2015.969000
2019.683000
2020.926000
2025.883000
2027.127000
2032.084000
2033.327000
2034.571000
2035.814000
2038.284000
2040.771000
2044.485000
2045.728000
2046.972000
2049.442000
2050.686000
2054.416000
2066.055000
2067.281000
2068.525000
2069.768000
2075.969000
2082.170000
2083.413000
2084.640000
2085.883000
2087.127000
2090.840000
2092.084000
2093.327000
2094.571000
2095.814000
2097.041000
2098.284000
2099.528000
2100.771000
2102.015000
2104.485000
2105.729000
2106.972000
2108.215000
2109.442000
2114.416000
2126.055000
2128.525000
2129.768000
2133.482000
2134.726000
2135.969000
2138.456000
2140.926000
2142.170000
2143.413000
2144.640000
2147.127000
2148.370000
2150.841000
2152.084000
2153.327000
2155.814000
2157.041000
2158.285000
2159.528000
2160.772000
2162.015000
2164.485000
2166.972000
2169.442000
2170.686000
2171.929000
2173.173000
2186.038000
2187.282000
2190.995000
2192.239000
2193.482000
2194.726000
2195.953000
2198.439000
2202.153000
2205.884000
2208.354000
2209.597000
2210.841000
2212.084000
2213.328000
2214.554000
2215.798000
2217.041000
2219.512000
2220.755000
2221.998000
2223.242000
2224.485000
2229.443000
2230.686000
2247.282000
2248.525000
2253.482000
2255.953000
2257.196000
2259.683000
2260.926000
2262.153000
2264.640000
2269.597000
2273.328000
2274.555000
2277.041000
2279.512000
2280.755000
2281.999000
2283.242000
2284.486000
2285.712000
2286.956000
2288.199000
2289.443000
2290.686000
2291.913000
2306.038000
2308.525000
2309.752000
2313.483000
2314.726000
2317.196000
2318.440000
2323.397000
2324.640000
2325.884000
2327.127000
2328.354000
2333.328000
2335.798000
2339.512000
2343.242000
2348.199000
2353.157000
2366.039000
2367.282000
2368.525000
2369.752000
2370.996000
2373.483000
2374.726000
2378.440000
2380.927000
2382.154000
2384.640000
2388.354000
2389.598000
2390.841000
2392.085000
2393.328000
2394.555000
2395.798000
2397.042000
2399.512000
2400.755000
2401.999000
2403.242000
2404.486000
2405.713000
2406.956000
2408.200000
2409.443000
2410.686000
2411.913000
2413.157000
2414.400000
2426.039000
2427.282000
2428.526000
2429.752000
2432.239000
2434.726000
2437.197000
2439.683000
2440.927000
2443.397000
2445.884000
2447.128000
2449.598000
2450.841000
2452.085000
2454.555000
2455.798000
2460.756000
2463.242000
2464.486000
2468.200000
2470.687000
2474.400000
