310.663000
311.906000
313.150000
314.393000
315.620000
319.350000
320.594000
321.821000
325.551000
328.021000
329.265000
330.508000
331.751000
332.995000
334.222000
335.465000
337.952000
339.196000
340.422000
341.666000
342.909000
344.153000
346.623000
347.866000
349.110000
350.353000
351.580000
352.824000
355.311000
356.554000
357.781000
369.436000
370.663000
371.906000
373.150000
375.620000
376.864000
378.107000
379.350000
380.594000
381.821000
385.551000
390.508000
391.752000
392.995000
394.222000
395.465000
396.709000
397.952000
399.196000
401.666000
404.153000
405.380000
406.623000
409.110000
410.353000
411.580000
412.824000
414.067000
415.311000
416.554000
429.420000
430.663000
431.906000
434.393000
435.620000
436.864000
439.351000
440.594000
441.821000
443.064000
444.308000
445.551000
446.795000
448.021000
449.265000
451.752000
452.995000
455.466000
456.709000
457.952000
459.196000
460.423000
461.666000
462.910000
464.153000
465.380000
469.110000
471.580000
474.067000
475.311000
476.554000
477.781000
489.420000
490.663000
493.133000
494.377000
495.620000
496.864000
498.107000
500.577000
504.308000
505.535000
508.022000
509.265000
510.492000
512.979000
514.222000
515.466000
516.692000
517.936000
520.423000
521.666000
524.137000
525.380000
527.867000
530.337000
531.581000
532.824000
534.067000
535.294000
536.538000
537.781000
549.420000
550.663000
553.134000
554.377000
556.864000
558.107000
559.334000
560.578000
561.821000
563.065000
564.308000
565.535000
566.778000
568.022000
570.492000
572.979000
575.466000
576.693000
579.180000
580.423000
581.666000
582.893000
586.624000
587.867000
589.094000
590.337000
591.581000
596.538000
597.781000
610.663000
611.907000
613.134000
618.107000
621.821000
623.065000
624.292000
625.535000
626.778000
628.022000
630.492000
631.736000
632.979000
634.222000
635.466000
636.693000
637.936000
639.180000
640.423000
641.667000
642.893000
644.137000
645.380000
646.624000
650.337000
651.581000
652.824000
654.068000
657.782000
669.420000
671.907000
673.134000
674.377000
675.621000
676.864000
679.334000
680.578000
685.535000
686.779000
688.022000
689.265000
690.492000
694.223000
695.466000
696.693000
699.180000
702.894000
705.380000
706.624000
707.867000
710.338000
711.581000
712.824000
714.068000
716.538000
717.782000
731.907000
733.134000
734.377000
735.621000
736.864000
739.335000
740.578000
741.821000
744.292000
746.779000
749.266000
750.492000
751.736000
752.979000
754.223000
755.466000
756.693000
759.180000
761.667000
762.894000
764.137000
766.624000
767.867000
770.338000
774.068000
775.295000
789.420000
790.664000
793.134000
795.621000
796.864000
798.108000
799.335000
800.578000
803.065000
805.535000
809.266000
810.493000
814.223000
815.466000
816.693000
817.937000
819.180000
820.423000
821.667000
824.137000
826.624000
835.295000
836.538000
849.420000
850.664000
851.907000
853.134000
854.378000
855.621000
856.865000
858.091000
860.578000
861.822000
863.065000
865.535000
866.779000
868.022000
870.493000
871.736000
872.980000
874.223000
875.466000
879.180000
881.667000
882.894000
884.137000
885.381000
886.624000
890.338000
891.581000
892.825000
894.052000
895.295000
896.539000
897.782000
909.421000
910.664000
911.908000
913.134000
914.378000
915.621000
916.865000
918.092000
920.578000
921.822000
923.065000
924.292000
925.536000
928.023000
929.266000
930.493000
931.736000
934.223000
935.467000
936.693000
939.180000
940.424000
941.667000
942.894000
944.137000
946.624000
947.868000
949.095000
950.338000
951.582000
955.295000
956.539000
969.421000
970.664000
971.908000
975.621000
978.092000
979.335000
981.822000
985.536000
986.779000
988.023000
989.266000
990.493000
992.980000
994.223000
995.467000
996.694000
997.937000
999.180000
1000.424000
1001.667000
1002.894000
1004.138000
1006.625000
1007.868000
1009.095000
1014.052000
1015.295000
1016.539000
