1038.671000
1039.915000
1043.629000
1044.872000
1047.359000
1048.602000
1049.829000
1051.073000
1052.316000
1053.559000
1054.803000
1056.030000
1058.517000
1059.760000
1061.004000
1062.230000
1063.474000
1064.717000
1065.961000
1067.188000
1068.431000
1069.674000
1070.918000
1072.161000
1073.388000
1074.632000
1077.119000
1078.362000
1079.589000
1080.832000
1082.076000
1083.319000
1084.563000
1085.789000
1098.671000
1099.915000
1103.629000
1104.872000
1106.116000
1107.359000
1108.602000
1109.829000
1111.073000
1112.316000
1113.560000
1116.030000
1117.273000
1118.517000
1119.760000
1123.474000
1124.717000
1125.961000
1127.188000
1128.431000
1133.388000
1134.632000
1135.875000
1137.119000
1138.362000
1139.589000
1140.832000
1142.076000
1143.319000
1144.563000
1145.790000
1158.672000
1161.142000
1163.629000
1164.872000
1168.586000
1169.829000
1171.073000
1173.543000
1174.787000
1176.030000
1178.500000
1180.987000
1182.231000
1183.474000
1188.431000
1189.675000
1190.902000
1192.145000
1193.388000
1194.632000
1195.875000
1197.102000
1198.346000
1202.076000
1203.303000
1204.546000
1205.790000
1217.428000
1218.672000
1219.915000
1221.142000
1222.386000
1223.629000
1224.872000
1228.586000
1229.830000
1231.073000
1232.300000
1233.543000
1234.787000
1236.030000
1237.274000
1238.500000
1239.744000
1240.987000
1243.474000
1245.945000
1248.431000
1249.675000
1253.389000
1255.875000
1257.102000
1258.346000
1260.833000
1262.060000
1263.303000
1264.546000
1265.790000
1277.428000
1278.672000
1279.915000
1282.386000
1283.629000
1287.343000
1288.586000
1291.073000
1292.300000
1294.787000
1296.030000
1297.274000
1298.501000
1300.988000
1302.231000
1303.474000
1304.701000
1305.945000
1308.432000
1309.675000
1310.902000
1312.145000
1313.389000
1314.632000
1315.876000
1317.102000
1320.833000
1322.060000
1323.303000
1324.547000
1325.790000
1337.429000
1338.672000
1339.915000
1343.629000
1344.873000
1346.100000
1347.343000
1348.586000
1349.830000
1351.073000
1352.300000
1353.544000
1354.787000
1357.274000
1358.501000
1362.231000
1363.475000
1364.701000
1365.945000
1367.188000
1369.675000
1370.902000
1372.145000
1373.389000
1375.876000
1377.103000
1378.346000
1379.590000
1380.833000
1382.060000
1383.303000
1384.547000
1397.429000
1398.672000
1399.916000
1401.142000
1402.386000
1403.629000
1406.100000
1407.343000
1409.830000
1412.300000
1413.544000
1418.501000
1419.744000
1422.231000
1423.475000
1424.702000
1425.945000
1428.432000
1429.675000
1432.146000
1433.389000
1434.632000
1435.876000
1437.103000
1438.346000
1439.590000
1440.833000
1442.060000
1443.303000
1444.547000
1459.916000
1462.386000
1463.629000
1464.873000
1466.100000
1467.343000
1468.587000
1469.830000
1471.074000
1472.300000
1473.544000
1474.787000
1476.031000
1477.274000
1478.501000
1479.744000
1480.988000
1482.231000
1483.475000
1484.702000
1485.945000
1488.432000
1489.675000
1490.902000
1492.146000
1494.633000
1495.876000
1497.103000
1498.346000
1499.590000
1500.833000
1502.060000
1504.547000
1505.790000
1517.429000
1518.672000
1521.143000
1522.386000
1523.630000
1524.873000
1526.100000
1528.587000
1531.074000
1532.301000
1533.544000
1536.031000
1537.274000
1538.501000
1539.745000
1543.475000
1544.702000
1545.945000
1547.189000
1549.676000
1550.902000
1552.146000
1553.389000
1554.633000
1557.103000
1558.346000
1562.060000
1563.304000
1578.673000
1579.916000
1581.143000
1582.386000
1583.630000
1584.873000
1586.100000
1588.587000
1589.830000
1591.074000
1592.301000
1593.544000
1594.788000
1598.501000
1599.745000
1600.988000
1602.232000
1603.475000
1604.702000
1608.432000
1609.676000
1610.903000
1612.146000
1613.389000
1614.633000
1615.860000
1618.347000
1619.590000
1622.060000
1623.304000
1624.547000
1625.791000
1637.429000
1638.673000
1639.900000
1641.143000
1642.386000
1643.630000
1644.873000
1646.100000
1647.344000
1648.587000
1649.831000
1652.301000
1653.544000
1654.788000
1657.275000
1658.501000
1660.988000
1662.232000
1663.475000
1664.702000
1665.945000
1667.189000
1668.432000
1669.676000
1670.903000
1672.146000
1673.390000
1674.633000
1675.860000
1678.347000
1679.590000
1680.834000
1682.060000
1683.304000
1684.547000
1685.791000
1697.429000
1698.673000
1701.143000
1702.387000
1703.630000
1704.873000
1706.100000
1707.344000
1709.831000
1713.544000
1714.788000
1716.031000
1717.275000
1718.502000
1720.988000
1724.702000
1728.433000
1729.676000
1730.903000
1733.390000
1734.633000
1735.860000
1737.103000
1738.347000
1740.834000
1742.061000
1743.304000
