1034.328000
1034.958000
1035.571000
1036.201000
1036.814000
1037.428000
1038.058000
1038.671000
1039.301000
1039.915000
1040.528000
1041.158000
1041.772000
1042.402000
1043.015000
1043.629000
1044.259000
1044.872000
1045.502000
1046.115000
1046.729000
1047.359000
1047.972000
1048.602000
1049.216000
1049.829000
1050.459000
1051.073000
1051.703000
1052.316000
1052.929000
1053.559000
1054.173000
1054.803000
1055.416000
1056.030000
1056.660000
1057.273000
1057.903000
1058.517000
1059.130000
1059.760000
1060.374000
1061.004000
1061.617000
1062.230000
1062.860000
1063.474000
1064.104000
1064.717000
1065.331000
1065.961000
1066.574000
1067.188000
1067.818000
1068.431000
1069.061000
1069.674000
1070.288000
1070.918000
1071.531000
1072.161000
1072.775000
1073.388000
1074.018000
1074.632000
1075.262000
1075.875000
1076.489000
1077.119000
1077.732000
1078.362000
1078.975000
1079.589000
1080.219000
1080.832000
1081.462000
1082.076000
1082.689000
1083.319000
1083.933000
1084.563000
1085.176000
1085.789000
1086.419000
1094.328000
1094.958000
1095.571000
1096.201000
1096.815000
1097.428000
1098.058000
1098.671000
1099.302000
1099.915000
1100.528000
1101.158000
1101.772000
1102.402000
1103.015000
1103.629000
1104.259000
1104.872000
1105.502000
1106.116000
1106.729000
1107.359000
1107.972000
1108.602000
1109.216000
1109.829000
1110.459000
1111.073000
1111.703000
1112.316000
1112.930000
1113.560000
1114.173000
1114.803000
1115.416000
1116.030000
1116.660000
1117.273000
1117.903000
1118.517000
1119.130000
1119.760000
1120.374000
1121.004000
1121.617000
1122.231000
1122.861000
1123.474000
1124.104000
1124.717000
1125.331000
1125.961000
1126.574000
1127.188000
1127.818000
1128.431000
1129.061000
1129.675000
1130.288000
1130.918000
1131.531000
1132.161000
1132.775000
1133.388000
1134.018000
1134.632000
1135.262000
1135.875000
1136.489000
1137.119000
1137.732000
1138.362000
1138.976000
1139.589000
1140.219000
1140.832000
1141.462000
1142.076000
1142.689000
1143.319000
1143.933000
1144.563000
1145.176000
1145.790000
1146.420000
1154.328000
1154.941000
1155.571000
1156.185000
1156.815000
1157.428000
1158.042000
1158.672000
1159.285000
1159.915000
1160.529000
1161.142000
1161.772000
1162.385000
1163.015000
1163.629000
1164.242000
1164.872000
1165.486000
1166.116000
1166.729000
1167.343000
1167.973000
1168.586000
1169.216000
1169.829000
1170.443000
1171.073000
1171.686000
1172.300000
1172.930000
1173.543000
1174.173000
1174.787000
1175.400000
1176.030000
1176.643000
1177.274000
1177.887000
1178.500000
1179.130000
1179.744000
1180.374000
1180.987000
1181.601000
1182.231000
1182.844000
1183.474000
1184.088000
1184.701000
1185.331000
1185.944000
1186.574000
1187.188000
1187.801000
1188.431000
1189.045000
1189.675000
1190.288000
1190.902000
1191.532000
1192.145000
1192.775000
1193.388000
1194.002000
1194.632000
1195.245000
1195.875000
1196.489000
1197.102000
1197.732000
1198.346000
1198.976000
1199.589000
1200.203000
1200.833000
1201.446000
1202.076000
1202.689000
1203.303000
1203.933000
1204.546000
1205.160000
1205.790000
1206.403000
1214.328000
1214.941000
1215.571000
1216.185000
1216.815000
1217.428000
1218.042000
1218.672000
1219.285000
1219.915000
1220.529000
1221.142000
1221.772000
1222.386000
1223.016000
1223.629000
1224.242000
1224.872000
1225.486000
1226.116000
1226.729000
1227.343000
1227.973000
1228.586000
1229.200000
1229.830000
1230.443000
1231.073000
1231.686000
1232.300000
1232.930000
1233.543000
1234.173000
1234.787000
1235.400000
1236.030000
1236.644000
1237.274000
1237.887000
1238.500000
1239.131000
1239.744000
1240.374000
1240.987000
1241.601000
1242.231000
1242.844000
1243.474000
1244.088000
1244.701000
1245.331000
1245.945000
1246.575000
1247.188000
1247.801000
1248.431000
1249.045000
1249.675000
1250.288000
1250.902000
1251.532000
1252.145000
1252.775000
1253.389000
1254.002000
1254.632000
1255.245000
1255.875000
1256.489000
1257.102000
1257.732000
1258.346000
1258.976000
1259.589000
1260.203000
1260.833000
1261.446000
1262.060000
1262.690000
1263.303000
1263.933000
1264.546000
1265.160000
1265.790000
1266.403000
1274.328000
1274.942000
1275.572000
1276.185000
1276.815000
1277.428000
1278.042000
1278.672000
1279.285000
1279.915000
1280.529000
1281.142000
1281.772000
1282.386000
1283.016000
1283.629000
1284.243000
1284.873000
1285.486000
1286.116000
1286.729000
1287.343000
1287.973000
1288.586000
1289.200000
1289.830000
1290.443000
1291.073000
1291.687000
1292.300000
1292.930000
1293.543000
1294.173000
1294.787000
1295.400000
1296.030000
1296.644000
1297.274000
1297.887000
1298.501000
1299.131000
1299.744000
1300.374000
1300.988000
1301.601000
1302.231000
1302.844000
1303.474000
1304.088000
1304.701000
1305.331000
1305.945000
1306.575000
1307.188000
1307.802000
1308.432000
1309.045000
1309.675000
1310.288000
1310.902000
1311.532000
1312.145000
1312.775000
1313.389000
1314.002000
1314.632000
1315.246000
1315.876000
1316.489000
1317.102000
1317.733000
1318.346000
1318.976000
1319.589000
1320.203000
1320.833000
1321.446000
1322.060000
1322.690000
1323.303000
1323.933000
1324.547000
1325.160000
1325.790000
1326.403000
1334.328000
1334.942000
1335.572000
1336.185000
1336.815000
1337.429000
1338.042000
1338.672000
1339.285000
1339.915000
1340.529000
1341.142000
1341.772000
1342.386000
1343.016000
1343.629000
1344.243000
1344.873000
1345.486000
1346.100000
1346.730000
1347.343000
1347.973000
1348.586000
1349.200000
1349.830000
1350.443000
1351.073000
1351.687000
1352.300000
1352.930000
1353.544000
1354.174000
1354.787000
1355.400000
1356.030000
1356.644000
1357.274000
1357.887000
1358.501000
1359.131000
1359.744000
1360.374000
1360.988000
1361.601000
1362.231000
1362.845000
1363.475000
1364.088000
1364.701000
1365.331000
1365.945000
1366.575000
1367.188000
1367.802000
1368.432000
1369.045000
1369.675000
1370.289000
1370.902000
1371.532000
1372.145000
1372.775000
1373.389000
1374.002000
1374.632000
1375.246000
1375.876000
1376.489000
1377.103000
1377.733000
1378.346000
1378.960000
1379.590000
1380.203000
1380.833000
1381.446000
1382.060000
1382.690000
1383.303000
1383.933000
1384.547000
1385.160000
1385.790000
1386.404000
1394.328000
1394.942000
1395.572000
1396.185000
1396.815000
1397.429000
1398.042000
1398.672000
1399.286000
1399.916000
1400.529000
1401.142000
1401.772000
1402.386000
1403.016000
1403.629000
1404.243000
1404.873000
1405.486000
1406.100000
1406.730000
1407.343000
1407.973000
1408.587000
1409.200000
1409.830000
1410.443000
1411.073000
1411.687000
1412.300000
1412.930000
1413.544000
1414.174000
1414.787000
1415.401000
1416.031000
1416.644000
1417.274000
1417.887000
1418.501000
1419.131000
1419.744000
1420.374000
1420.988000
1421.601000
1422.231000
1422.845000
1423.475000
1424.088000
1424.702000
1425.332000
1425.945000
1426.575000
1427.188000
1427.802000
1428.432000
1429.045000
1429.675000
1430.289000
1430.902000
1431.532000
1432.146000
1432.776000
1433.389000
1434.002000
1434.632000
1435.246000
1435.876000
1436.489000
1437.103000
1437.733000
1438.346000
1438.960000
1439.590000
1440.203000
1440.833000
1441.446000
1442.060000
1442.690000
1443.303000
1443.933000
1444.547000
1445.160000
1445.790000
1446.404000
1454.329000
1454.942000
1455.572000
1456.185000
1456.815000
1457.429000
1458.042000
1458.672000
1459.286000
1459.916000
1460.529000
1461.143000
1461.773000
1462.386000
1463.016000
1463.629000
1464.243000
1464.873000
1465.486000
1466.100000
1466.730000
1467.343000
1467.973000
1468.587000
1469.200000
1469.830000
1470.444000
1471.074000
1471.687000
1472.300000
1472.930000
1473.544000
1474.174000
1474.787000
1475.401000
1476.031000
1476.644000
1477.274000
1477.888000
1478.501000
1479.131000
1479.744000
1480.374000
1480.988000
1481.601000
1482.231000
1482.845000
1483.475000
1484.088000
1484.702000
1485.332000
1485.945000
1486.575000
1487.189000
1487.802000
1488.432000
1489.045000
1489.675000
1490.289000
1490.902000
1491.532000
1492.146000
1492.759000
1493.389000
1494.003000
1494.633000
1495.246000
1495.876000
1496.489000
1497.103000
1497.733000
1498.346000
1498.960000
1499.590000
1500.203000
1500.833000
1501.447000
1502.060000
1502.690000
1503.304000
1503.934000
1504.547000
1505.160000
1505.790000
1506.404000
1514.329000
1514.942000
1515.572000
1516.186000
1516.816000
1517.429000
1518.042000
1518.672000
1519.286000
1519.916000
1520.529000
1521.143000
1521.773000
1522.386000
1523.000000
1523.630000
1524.243000
1524.873000
1525.486000
1526.100000
1526.730000
1527.343000
1527.973000
1528.587000
1529.200000
1529.830000
1530.444000
1531.074000
1531.687000
1532.301000
1532.931000
1533.544000
1534.174000
1534.787000
1535.401000
1536.031000
1536.644000
1537.274000
1537.888000
1538.501000
1539.131000
1539.745000
1540.375000
1540.988000
1541.601000
1542.231000
1542.845000
1543.475000
1544.088000
1544.702000
1545.332000
1545.945000
1546.575000
1547.189000
1547.802000
1548.432000
1549.046000
1549.676000
1550.289000
1550.902000
1551.532000
1552.146000
1552.776000
1553.389000
1554.003000
1554.633000
1555.246000
1555.860000
1556.490000
1557.103000
1557.733000
1558.346000
1558.960000
1559.590000
1560.203000
1560.833000
1561.447000
1562.060000
1562.690000
1563.304000
1563.934000
1564.547000
1565.161000
1565.791000
1566.404000
1574.329000
1574.942000
1575.572000
1576.186000
1576.816000
1577.429000
1578.043000
1578.673000
1579.286000
1579.916000
1580.529000
1581.143000
1581.773000
1582.386000
1583.000000
1583.630000
1584.243000
1584.873000
1585.487000
1586.100000
1586.730000
1587.344000
1587.974000
1588.587000
1589.200000
1589.830000
1590.444000
1591.074000
1591.687000
1592.301000
1592.931000
1593.544000
1594.174000
1594.788000
1595.401000
1596.031000
1596.644000
1597.274000
1597.888000
1598.501000
1599.131000
1599.745000
1600.375000
1600.988000
1601.602000
1602.232000
1602.845000
1603.475000
1604.088000
1604.702000
1605.332000
1605.945000
1606.575000
1607.189000
1607.802000
1608.432000
1609.046000
1609.676000
1610.289000
1610.903000
1611.533000
1612.146000
1612.759000
1613.389000
1614.003000
1614.633000
1615.246000
1615.860000
1616.490000
1617.103000
1617.733000
1618.347000
1618.960000
1619.590000
1620.203000
1620.833000
1621.447000
1622.060000
1622.690000
1623.304000
1623.934000
1624.547000
1625.161000
1625.791000
1626.404000
1634.329000
1634.942000
1635.572000
1636.186000
1636.816000
1637.429000
1638.043000
1638.673000
1639.286000
1639.900000
1640.530000
1641.143000
1641.773000
1642.386000
1643.000000
1643.630000
1644.243000
1644.873000
1645.487000
1646.100000
1646.730000
1647.344000
1647.974000
1648.587000
1649.200000
1649.831000
1650.444000
1651.074000
1651.687000
1652.301000
1652.931000
1653.544000
1654.174000
1654.788000
1655.401000
1656.031000
1656.645000
1657.275000
1657.888000
1658.501000
1659.131000
1659.745000
1660.375000
1660.988000
1661.602000
1662.232000
1662.845000
1663.475000
1664.089000
1664.702000
1665.332000
1665.945000
1666.576000
1667.189000
1667.802000
1668.432000
1669.046000
1669.676000
1670.289000
1670.903000
1671.533000
1672.146000
1672.760000
1673.390000
1674.003000
1674.633000
1675.246000
1675.860000
1676.490000
1677.103000
1677.733000
1678.347000
1678.960000
1679.590000
1680.204000
1680.834000
1681.447000
1682.060000
1682.690000
1683.304000
1683.934000
1684.547000
1685.161000
1685.791000
1686.404000
1694.329000
1694.943000
1695.573000
1696.186000
1696.816000
1697.429000
1698.043000
1698.673000
1699.286000
1699.900000
1700.530000
1701.143000
1701.773000
1702.387000
1703.000000
1703.630000
1704.243000
1704.873000
1705.487000
1706.100000
1706.730000
1707.344000
1707.974000
1708.587000
1709.201000
1709.831000
1710.444000
1711.074000
1711.688000
1712.301000
1712.931000
1713.544000
1714.174000
1714.788000
1715.401000
1716.031000
1716.645000
1717.275000
1717.888000
1718.502000
1719.132000
1719.745000
1720.375000
1720.988000
1721.602000
1722.232000
1722.845000
1723.475000
1724.089000
1724.702000
1725.332000
1725.946000
1726.576000
1727.189000
1727.803000
1728.433000
1729.046000
1729.676000
1730.289000
1730.903000
1731.533000
1732.146000
1732.760000
1733.390000
1734.003000
1734.633000
1735.247000
1735.860000
1736.490000
1737.103000
1737.733000
1738.347000
1738.960000
1739.590000
1740.204000
1740.834000
1741.447000
1742.061000
1742.691000
1743.304000
1743.934000
1744.548000
1745.161000
1745.791000
1746.404000
