310.663000
311.906000
312.520000
313.150000
313.763000
314.393000
315.006000
315.620000
317.493000
318.720000
319.350000
319.964000
320.594000
321.207000
321.821000
322.451000
323.694000
324.921000
325.551000
326.164000
327.408000
328.021000
328.651000
329.265000
329.895000
330.508000
331.121000
331.751000
332.365000
332.995000
333.608000
334.222000
334.852000
335.465000
337.322000
337.952000
339.196000
339.809000
340.422000
341.666000
342.909000
343.523000
344.153000
346.010000
346.623000
347.253000
347.866000
348.480000
349.110000
349.723000
350.353000
350.967000
351.580000
352.824000
353.454000
355.311000
356.554000
357.167000
357.781000
358.411000
369.436000
370.049000
370.663000
371.906000
372.520000
373.150000
373.763000
375.620000
376.250000
376.864000
377.494000
378.107000
378.720000
379.350000
379.964000
380.594000
381.207000
381.821000
382.451000
384.921000
385.551000
386.164000
387.408000
388.651000
389.895000
390.508000
391.122000
391.752000
392.365000
392.995000
393.609000
394.222000
395.465000
396.709000
397.952000
398.566000
399.196000
399.809000
401.666000
402.296000
403.523000
404.153000
404.766000
405.380000
406.010000
406.623000
407.253000
409.110000
409.723000
410.353000
411.580000
412.210000
412.824000
413.454000
414.067000
415.311000
415.924000
416.554000
417.168000
429.420000
430.663000
431.293000
431.906000
432.520000
434.393000
435.007000
435.620000
436.250000
436.864000
437.494000
438.721000
439.351000
440.594000
441.207000
441.821000
442.451000
443.064000
443.694000
444.308000
445.551000
446.165000
446.795000
447.408000
448.021000
448.651000
449.265000
451.122000
451.752000
452.365000
452.995000
453.609000
454.852000
455.466000
456.096000
456.709000
457.322000
457.952000
459.196000
459.809000
460.423000
461.053000
461.666000
462.280000
462.910000
463.523000
464.153000
464.766000
465.380000
466.010000
467.253000
468.480000
469.110000
469.724000
470.967000
471.580000
472.210000
473.454000
474.067000
474.681000
475.311000
476.554000
477.781000
478.411000
489.420000
490.663000
491.277000
492.520000
493.133000
493.763000
494.377000
495.007000
495.620000
496.864000
497.477000
498.107000
498.721000
499.964000
500.577000
501.208000
502.434000
503.678000
504.308000
505.535000
506.165000
508.022000
508.635000
509.265000
509.878000
510.492000
511.122000
512.365000
512.979000
513.592000
514.222000
514.836000
515.466000
516.079000
516.692000
517.323000
517.936000
519.793000
520.423000
521.036000
521.666000
522.280000
523.523000
524.137000
524.767000
525.380000
525.993000
527.237000
527.867000
528.480000
529.724000
530.337000
530.967000
531.581000
532.824000
533.437000
534.067000
535.294000
535.924000
536.538000
537.781000
549.420000
550.033000
550.663000
551.277000
552.520000
553.134000
554.377000
555.007000
556.864000
558.107000
559.334000
560.578000
561.208000
561.821000
562.434000
563.065000
563.678000
564.308000
565.535000
566.165000
566.778000
568.022000
568.635000
569.879000
570.492000
571.122000
572.365000
572.979000
573.592000
575.466000
576.079000
576.693000
577.323000
579.180000
580.423000
581.666000
582.893000
583.523000
584.767000
585.994000
586.624000
587.237000
587.867000
588.480000
589.094000
590.337000
590.967000
591.581000
592.194000
593.438000
594.681000
595.925000
596.538000
597.781000
610.033000
610.663000
611.907000
613.134000
613.764000
616.234000
618.107000
618.721000
619.964000
621.208000
621.821000
623.065000
623.678000
624.292000
624.922000
625.535000
626.778000
627.392000
628.022000
628.635000
630.492000
631.122000
631.736000
632.979000
634.222000
634.836000
635.466000
636.079000
636.693000
637.323000
637.936000
638.566000
639.180000
639.793000
640.423000
641.037000
641.667000
642.280000
642.893000
643.523000
644.137000
644.767000
645.380000
646.624000
647.237000
648.481000
649.724000
650.337000
650.967000
651.581000
652.824000
653.438000
654.068000
654.681000
655.925000
657.168000
657.782000
658.395000
669.420000
670.034000
671.277000
671.907000
672.520000
673.134000
673.764000
674.377000
675.007000
675.621000
676.234000
676.864000
677.478000
678.721000
679.334000
680.578000
681.208000
682.435000
683.678000
684.922000
685.535000
686.165000
686.779000
687.392000
688.022000
688.635000
689.265000
689.879000
690.492000
691.122000
692.366000
693.593000
694.223000
695.466000
696.693000
697.323000
698.566000
699.180000
699.793000
702.894000
705.380000
705.994000
706.624000
707.237000
707.867000
708.481000
709.724000
710.338000
710.968000
711.581000
712.194000
712.824000
714.068000
714.681000
716.538000
717.782000
718.395000
730.034000
731.907000
733.134000
734.377000
735.621000
736.234000
736.864000
737.478000
738.721000
739.335000
739.965000
740.578000
741.821000
742.435000
743.678000
744.292000
744.922000
746.165000
746.779000
747.392000
749.266000
749.879000
750.492000
751.736000
752.366000
752.979000
753.593000
754.223000
754.836000
755.466000
756.693000
757.323000
758.566000
759.180000
759.793000
761.667000
762.894000
764.137000
764.767000
765.994000
766.624000
767.237000
767.867000
768.481000
769.724000
770.338000
770.968000
772.195000
773.438000
774.068000
775.295000
777.152000
778.395000
789.420000
790.034000
790.664000
791.277000
793.134000
793.764000
795.008000
795.621000
796.234000
796.864000
798.108000
798.721000
799.335000
799.965000
800.578000
803.065000
803.678000
805.535000
806.165000
807.392000
808.636000
809.266000
810.493000
813.593000
814.223000
814.836000
815.466000
816.080000
816.693000
817.323000
817.937000
818.567000
819.180000
819.793000
820.423000
821.667000
823.524000
824.137000
824.767000
826.624000
827.238000
828.481000
830.968000
832.195000
835.295000
836.538000
838.395000
849.420000
850.664000
851.277000
851.907000
852.521000
853.134000
853.764000
854.378000
855.621000
856.235000
856.865000
857.478000
858.091000
859.965000
860.578000
861.192000
861.822000
862.435000
863.065000
863.679000
864.922000
865.535000
866.779000
867.392000
868.022000
868.636000
869.879000
870.493000
871.123000
871.736000
872.980000
873.593000
874.223000
875.466000
876.080000
877.323000
878.567000
879.180000
879.794000
881.667000
882.894000
883.524000
884.137000
884.767000
885.381000
885.994000
886.624000
888.481000
889.725000
890.338000
891.581000
892.825000
893.438000
894.052000
894.682000
895.295000
896.539000
897.782000
898.395000
909.421000
910.664000
911.278000
911.908000
912.521000
913.134000
913.764000
914.378000
915.008000
915.621000
916.235000
916.865000
917.478000
918.092000
918.722000
919.965000
920.578000
921.192000
921.822000
922.435000
923.065000
923.679000
924.292000
924.922000
925.536000
927.392000
928.023000
928.636000
929.266000
929.879000
930.493000
931.123000
931.736000
932.366000
933.593000
934.223000
934.837000
935.467000
936.080000
936.693000
937.323000
938.567000
939.180000
939.794000
940.424000
941.037000
941.667000
942.281000
942.894000
944.137000
945.994000
946.624000
947.868000
949.095000
949.725000
950.338000
951.582000
952.195000
953.438000
954.682000
955.295000
955.925000
956.539000
957.152000
969.421000
970.664000
971.908000
972.521000
975.008000
975.621000
976.235000
977.478000
978.092000
978.722000
979.335000
979.965000
981.192000
981.822000
982.435000
983.679000
984.922000
985.536000
986.779000
988.023000
988.636000
989.266000
989.880000
990.493000
991.123000
992.980000
993.593000
994.223000
994.837000
995.467000
996.080000
996.694000
997.324000
997.937000
998.567000
999.180000
999.794000
1000.424000
1001.037000
1001.667000
1002.894000
1003.524000
1004.138000
1004.768000
1006.625000
1007.868000
1008.481000
1009.095000
1009.725000
1010.952000
1012.195000
1013.439000
1014.052000
1014.682000
1015.295000
1016.539000
1017.152000
1018.396000
