323.694000
332.365000
334.852000
337.322000
339.809000
346.010000
350.967000
358.411000
373.763000
376.250000
378.720000
387.408000
388.651000
404.766000
409.723000
436.250000
437.494000
441.207000
443.694000
446.165000
453.609000
457.322000
459.809000
461.053000
473.454000
497.477000
502.434000
508.635000
509.878000
516.079000
517.323000
525.993000
530.967000
550.033000
552.520000
555.007000
563.678000
584.767000
592.194000
593.438000
594.681000
595.925000
619.964000
628.635000
631.122000
634.836000
637.323000
644.767000
648.481000
653.438000
655.925000
670.034000
683.678000
692.366000
698.566000
699.793000
705.994000
712.194000
743.678000
744.922000
754.836000
764.767000
770.968000
777.152000
790.034000
796.234000
813.593000
824.767000
828.481000
832.195000
852.521000
861.192000
867.392000
873.593000
885.994000
894.682000
898.395000
911.278000
915.008000
916.235000
917.478000
919.965000
922.435000
927.392000
928.636000
938.567000
939.794000
945.994000
949.725000
977.478000
979.965000
981.192000
983.679000
998.567000
1001.037000
1010.952000
