1040.528000
1041.772000
1045.502000
1046.729000
1056.660000
1057.903000
1059.130000
1060.374000
1064.104000
1065.331000
1067.818000
1070.288000
1071.531000
1072.775000
1074.018000
1075.262000
1077.732000
1078.975000
1081.462000
1083.933000
1098.058000
1099.302000
1103.015000
1104.259000
1106.729000
1112.930000
1114.173000
1116.660000
1117.903000
1120.374000
1121.617000
1125.331000
1129.061000
1130.288000
1131.531000
1132.775000
1135.262000
1136.489000
1137.732000
1145.176000
1161.772000
1163.015000
1171.686000
1172.930000
1174.173000
1175.400000
1176.643000
1177.887000
1179.130000
1180.374000
1182.844000
1184.088000
1185.331000
1187.801000
1191.532000
1194.002000
1195.245000
1197.732000
1198.976000
1201.446000
1202.689000
1205.160000
1218.042000
1220.529000
1221.772000
1223.016000
1224.242000
1225.486000
1227.973000
1230.443000
1231.686000
1234.173000
1236.644000
1237.887000
1239.131000
1240.374000
1241.601000
1242.844000
1244.088000
1245.331000
1246.575000
1247.801000
1249.045000
1251.532000
1252.775000
1254.002000
1256.489000
1257.732000
1258.976000
1263.933000
1266.403000
1278.042000
1279.285000
1280.529000
1281.772000
1285.486000
1286.729000
1290.443000
1291.687000
1295.400000
1300.374000
1301.601000
1304.088000
1306.575000
1307.802000
1311.532000
1314.002000
1316.489000
1317.733000
1318.976000
1323.933000
1326.403000
1338.042000
1340.529000
1341.772000
1343.016000
1346.730000
1347.973000
1349.200000
1350.443000
1352.930000
1354.174000
1355.400000
1357.887000
1361.601000
1362.845000
1371.532000
1372.775000
1374.002000
1375.246000
1376.489000
1378.960000
1380.203000
1381.446000
1382.690000
1383.933000
1385.160000
1386.404000
1398.042000
1399.286000
1400.529000
1404.243000
1405.486000
1406.730000
1407.973000
1409.200000
1410.443000
1411.687000
1414.174000
1415.401000
1416.644000
1417.887000
1425.332000
1426.575000
1427.802000
1429.045000
1430.289000
1432.776000
1434.002000
1435.246000
1436.489000
1441.446000
1445.160000
1458.042000
1460.529000
1463.016000
1467.973000
1470.444000
1471.687000
1474.174000
1475.401000
1477.888000
1479.131000
1481.601000
1482.845000
1484.088000
1485.332000
1490.289000
1491.532000
1495.246000
1496.489000
1498.960000
1505.160000
1519.286000
1523.000000
1524.243000
1525.486000
1527.973000
1529.200000
1531.687000
1532.931000
1537.888000
1540.375000
1541.601000
1542.845000
1544.088000
1547.802000
1549.046000
1552.776000
1555.246000
1556.490000
1557.733000
1562.690000
1566.404000
1578.043000
1579.286000
1581.773000
1583.000000
1584.243000
1587.974000
1591.687000
1599.131000
1602.845000
1605.332000
1606.575000
1607.802000
1609.046000
1611.533000
1616.490000
1617.733000
1620.203000
1623.934000
1626.404000
1638.043000
1641.773000
1644.243000
1645.487000
1647.974000
1654.174000
1655.401000
1656.645000
1657.888000
1659.131000
1662.845000
1665.332000
1666.576000
1667.802000
1670.289000
1671.533000
1677.733000
1678.960000
1680.204000
1681.447000
1682.690000
1685.161000
1699.286000
1700.530000
1703.000000
1704.243000
1706.730000
1709.201000
1710.444000
1711.688000
1712.931000
1714.174000
1717.888000
1719.132000
1721.602000
1722.845000
1725.332000
1731.533000
1737.733000
1738.960000
1740.204000
1745.161000
