312.520000
313.763000
315.006000
317.493000
318.720000
319.964000
321.207000
322.451000
324.921000
326.164000
327.408000
328.651000
329.895000
331.121000
333.608000
343.523000
347.253000
348.480000
349.723000
353.454000
357.167000
370.049000
372.520000
377.494000
379.964000
381.207000
382.451000
384.921000
386.164000
389.895000
391.122000
392.365000
393.609000
398.566000
399.809000
402.296000
403.523000
406.010000
407.253000
412.210000
413.454000
415.924000
417.168000
431.293000
432.520000
435.007000
438.721000
442.451000
447.408000
448.651000
451.122000
452.365000
454.852000
456.096000
462.280000
463.523000
464.766000
466.010000
467.253000
468.480000
469.724000
470.967000
472.210000
474.681000
478.411000
491.277000
492.520000
493.763000
495.007000
498.721000
499.964000
501.208000
503.678000
506.165000
511.122000
512.365000
513.592000
514.836000
519.793000
521.036000
522.280000
523.523000
524.767000
527.237000
528.480000
529.724000
533.437000
535.924000
551.277000
561.208000
562.434000
566.165000
568.635000
569.879000
571.122000
572.365000
573.592000
576.079000
577.323000
583.523000
585.994000
587.237000
588.480000
590.967000
610.033000
613.764000
616.234000
618.721000
621.208000
623.678000
624.922000
627.392000
636.079000
638.566000
639.793000
641.037000
642.280000
643.523000
647.237000
649.724000
650.967000
654.681000
657.168000
658.395000
671.277000
672.520000
673.764000
675.007000
676.234000
677.478000
678.721000
681.208000
682.435000
684.922000
686.165000
687.392000
688.635000
689.879000
691.122000
693.593000
697.323000
707.237000
708.481000
709.724000
710.968000
714.681000
718.395000
730.034000
736.234000
737.478000
738.721000
739.965000
742.435000
746.165000
747.392000
749.879000
752.366000
753.593000
757.323000
758.566000
759.793000
765.994000
767.237000
768.481000
769.724000
772.195000
773.438000
778.395000
791.277000
793.764000
795.008000
798.721000
799.965000
803.678000
806.165000
807.392000
808.636000
814.836000
816.080000
817.323000
818.567000
819.793000
823.524000
827.238000
830.968000
838.395000
851.277000
853.764000
856.235000
857.478000
859.965000
862.435000
863.679000
864.922000
868.636000
869.879000
871.123000
876.080000
877.323000
878.567000
879.794000
883.524000
884.767000
888.481000
889.725000
893.438000
912.521000
913.764000
918.722000
921.192000
923.679000
924.922000
929.879000
931.123000
932.366000
933.593000
934.837000
936.080000
937.323000
941.037000
942.281000
952.195000
953.438000
954.682000
955.925000
957.152000
972.521000
975.008000
976.235000
978.722000
982.435000
984.922000
988.636000
989.880000
991.123000
993.593000
994.837000
996.080000
997.324000
999.794000
1003.524000
1004.768000
1008.481000
1009.725000
1012.195000
1013.439000
1014.682000
1017.152000
1018.396000
