1038.671000
1039.915000
1040.528000
1041.772000
1043.629000
1044.872000
1045.502000
1046.729000
1047.359000
1048.602000
1049.829000
1051.073000
1051.703000
1052.316000
1053.559000
1054.803000
1056.030000
1056.660000
1057.903000
1058.517000
1059.130000
1059.760000
1060.374000
1061.004000
1061.617000
1062.230000
1062.860000
1063.474000
1064.104000
1064.717000
1065.331000
1065.961000
1066.574000
1067.188000
1067.818000
1068.431000
1069.061000
1069.674000
1070.288000
1070.918000
1071.531000
1072.161000
1072.775000
1073.388000
1074.018000
1074.632000
1075.262000
1077.119000
1077.732000
1078.362000
1078.975000
1079.589000
1080.219000
1080.832000
1081.462000
1082.076000
1082.689000
1083.319000
1083.933000
1084.563000
1085.176000
1085.789000
1098.058000
1098.671000
1099.302000
1099.915000
1101.772000
1103.015000
1103.629000
1104.259000
1104.872000
1106.116000
1106.729000
1107.359000
1108.602000
1109.829000
1111.073000
1112.316000
1112.930000
1113.560000
1114.173000
1116.030000
1116.660000
1117.273000
1117.903000
1118.517000
1119.760000
1120.374000
1121.617000
1123.474000
1124.717000
1125.331000
1125.961000
1127.188000
1128.431000
1129.061000
1130.288000
1131.531000
1132.775000
1133.388000
1134.632000
1135.262000
1135.875000
1136.489000
1137.119000
1137.732000
1138.362000
1138.976000
1139.589000
1140.832000
1141.462000
1142.076000
1142.689000
1143.319000
1144.563000
1145.176000
1145.790000
1146.420000
1158.042000
1158.672000
1159.285000
1161.142000
1161.772000
1163.015000
1163.629000
1164.872000
1165.486000
1166.729000
1168.586000
1169.829000
1171.073000
1171.686000
1172.930000
1173.543000
1174.173000
1174.787000
1175.400000
1176.030000
1176.643000
1177.887000
1178.500000
1179.130000
1180.374000
1180.987000
1181.601000
1182.231000
1182.844000
1183.474000
1184.088000
1185.331000
1186.574000
1187.801000
1188.431000
1189.675000
1190.902000
1191.532000
1192.145000
1193.388000
1194.002000
1194.632000
1195.245000
1195.875000
1196.489000
1197.102000
1197.732000
1198.346000
1198.976000
1200.203000
1201.446000
1202.076000
1202.689000
1203.303000
1204.546000
1205.160000
1205.790000
1206.403000
1217.428000
1218.042000
1218.672000
1219.285000
1219.915000
1220.529000
1221.142000
1221.772000
1222.386000
1223.016000
1223.629000
1224.242000
1224.872000
1225.486000
1226.729000
1227.973000
1228.586000
1229.200000
1229.830000
1230.443000
1231.073000
1231.686000
1232.300000
1233.543000
1234.173000
1234.787000
1236.030000
1236.644000
1237.274000
1237.887000
1238.500000
1239.131000
1239.744000
1240.374000
1240.987000
1241.601000
1242.844000
1243.474000
1244.088000
1245.331000
1245.945000
1246.575000
1247.801000
1248.431000
1249.045000
1249.675000
1250.288000
1251.532000
1252.775000
1253.389000
1254.002000
1255.245000
1255.875000
1256.489000
1257.102000
1257.732000
1258.346000
1258.976000
1260.833000
1261.446000
1262.060000
1262.690000
1263.303000
1263.933000
1264.546000
1265.790000
1266.403000
1277.428000
1278.042000
1278.672000
1279.285000
1279.915000
1280.529000
1281.772000
1282.386000
1283.016000
1283.629000
1285.486000
1286.729000
1287.343000
1288.586000
1290.443000
1291.073000
1291.687000
1292.300000
1294.787000
1295.400000
1296.030000
1296.644000
1297.274000
1297.887000
1298.501000
1299.131000
1300.374000
1300.988000
1301.601000
1302.231000
1302.844000
1303.474000
1304.088000
1304.701000
1305.945000
1306.575000
1307.802000
1308.432000
1309.045000
1309.675000
1310.902000
1311.532000
1312.145000
1312.775000
1313.389000
1314.002000
1314.632000
1315.876000
1316.489000
1317.102000
1317.733000
1318.976000
1320.203000
1320.833000
1322.060000
1322.690000
1323.303000
1323.933000
1324.547000
1325.790000
1326.403000
1337.429000
1338.042000
1338.672000
1339.285000
1339.915000
1340.529000
1341.772000
1343.016000
1343.629000
1344.243000
1344.873000
1346.100000
1346.730000
1347.343000
1347.973000
1348.586000
1349.200000
1349.830000
1350.443000
1351.073000
1351.687000
1352.300000
1352.930000
1353.544000
1354.174000
1354.787000
1355.400000
1357.274000
1357.887000
1358.501000
1359.131000
1360.374000
1361.601000
1362.231000
1362.845000
1363.475000
1364.088000
1364.701000
1365.945000
1367.188000
1369.675000
1370.289000
1370.902000
1371.532000
1372.145000
1372.775000
1373.389000
1374.002000
1375.246000
1375.876000
1376.489000
1377.103000
1378.346000
1378.960000
1379.590000
1380.203000
1380.833000
1381.446000
1382.060000
1382.690000
1383.303000
1383.933000
1384.547000
1385.160000
1386.404000
1397.429000
1398.042000
1398.672000
1399.286000
1399.916000
1400.529000
1401.142000
1402.386000
1403.629000
1404.243000
1405.486000
1406.100000
1406.730000
1407.343000
1407.973000
1409.200000
1409.830000
1410.443000
1411.687000
1412.300000
1413.544000
1414.174000
1415.401000
1416.644000
1417.887000
1418.501000
1419.744000
1420.374000
1422.231000
1422.845000
1423.475000
1424.702000
1425.332000
1425.945000
1426.575000
1427.802000
1428.432000
1429.045000
1429.675000
1430.289000
1431.532000
1432.146000
1432.776000
1433.389000
1434.002000
1434.632000
1435.246000
1435.876000
1436.489000
1437.103000
1438.346000
1438.960000
1439.590000
1440.203000
1440.833000
1441.446000
1442.060000
1443.303000
1444.547000
1445.160000
1446.404000
1458.042000
1459.916000
1460.529000
1461.773000
1462.386000
1463.016000
1463.629000
1464.873000
1466.100000
1466.730000
1467.343000
1467.973000
1468.587000
1469.830000
1470.444000
1471.074000
1471.687000
1472.300000
1473.544000
1474.174000
1474.787000
1475.401000
1476.031000
1476.644000
1477.274000
1477.888000
1478.501000
1479.131000
1479.744000
1480.374000
1480.988000
1481.601000
1482.231000
1482.845000
1483.475000
1484.088000
1484.702000
1485.332000
1485.945000
1488.432000
1489.045000
1489.675000
1490.289000
1490.902000
1491.532000
1492.146000
1492.759000
1494.003000
1494.633000
1495.246000
1495.876000
1496.489000
1497.103000
1498.346000
1498.960000
1499.590000
1500.833000
1502.060000
1503.934000
1504.547000
1505.160000
1505.790000
1506.404000
1517.429000
1518.042000
1518.672000
1519.286000
1520.529000
1521.143000
1522.386000
1523.000000
1523.630000
1524.243000
1524.873000
1525.486000
1526.100000
1526.730000
1527.973000
1528.587000
1529.200000
1531.074000
1531.687000
1532.301000
1532.931000
1533.544000
1534.174000
1536.031000
1537.274000
1537.888000
1538.501000
1539.745000
1540.375000
1541.601000
1542.845000
1543.475000
1544.088000
1544.702000
1545.945000
1547.189000
1547.802000
1549.046000
1549.676000
1550.289000
1550.902000
1552.146000
1552.776000
1553.389000
1554.633000
1555.246000
1556.490000
1557.103000
1557.733000
1558.346000
1558.960000
1560.203000
1562.060000
1562.690000
1563.304000
1565.161000
1566.404000
1578.043000
1578.673000
1579.286000
1579.916000
1580.529000
1581.143000
1581.773000
1582.386000
1583.000000
1583.630000
1584.243000
1584.873000
1586.100000
1587.974000
1588.587000
1589.830000
1591.074000
1591.687000
1592.301000
1593.544000
1594.174000
1594.788000
1595.401000
1597.888000
1598.501000
1599.131000
1599.745000
1600.988000
1602.232000
1602.845000
1603.475000
1604.702000
1605.332000
1606.575000
1607.802000
1608.432000
1609.046000
1609.676000
1610.289000
1610.903000
1611.533000
1612.146000
1613.389000
1614.633000
1615.246000
1615.860000
1616.490000
1617.733000
1618.347000
1618.960000
1619.590000
1620.203000
1621.447000
1622.060000
1622.690000
1623.304000
1623.934000
1624.547000
1625.791000
1626.404000
1637.429000
1638.043000
1638.673000
1639.286000
1639.900000
1641.143000
1641.773000
1642.386000
1643.630000
1644.243000
1644.873000
1645.487000
1646.100000
1647.344000
1647.974000
1648.587000
1649.831000
1650.444000
1651.687000
1652.301000
1652.931000
1653.544000
1654.174000
1654.788000
1655.401000
1656.645000
1657.275000
1657.888000
1658.501000
1659.131000
1660.988000
1662.232000
1662.845000
1663.475000
1664.702000
1665.332000
1665.945000
1666.576000
1667.189000
1667.802000
1668.432000
1669.676000
1670.289000
1670.903000
1671.533000
1672.146000
1672.760000
1673.390000
1674.003000
1674.633000
1675.860000
1677.733000
1678.347000
1678.960000
1679.590000
1680.204000
1680.834000
1681.447000
1682.060000
1682.690000
1683.304000
1683.934000
1684.547000
1685.161000
1685.791000
1686.404000
1697.429000
1698.673000
1699.286000
1700.530000
1701.143000
1702.387000
1703.000000
1703.630000
1704.243000
1704.873000
1706.100000
1706.730000
1707.344000
1707.974000
1709.201000
1709.831000
1710.444000
1711.688000
1712.931000
1713.544000
1714.174000
1714.788000
1716.031000
1716.645000
1717.275000
1717.888000
1718.502000
1719.132000
1720.988000
1721.602000
1722.845000
1724.702000
1725.332000
1726.576000
1728.433000
1729.676000
1730.903000
1731.533000
1732.760000
1733.390000
1734.003000
1734.633000
1735.860000
1736.490000
1737.103000
1737.733000
1738.347000
1738.960000
1740.204000
1740.834000
1742.061000
1742.691000
1743.304000
1745.161000
1746.404000
