1767.281000
1769.154000
1769.768000
1771.624000
1772.254000
1776.582000
1777.212000
1778.455000
1779.069000
1779.682000
1780.312000
1780.925000
1781.555000
1782.169000
1782.782000
1783.412000
1784.656000
1785.269000
1785.883000
1786.513000
1787.756000
1788.983000
1789.613000
1790.226000
1790.840000
1791.470000
1792.083000
1793.327000
1793.940000
1794.570000
1795.184000
1795.814000
1796.427000
1797.040000
1797.670000
1798.914000
1799.527000
1800.141000
1802.014000
1802.628000
1803.241000
1804.484000
1805.728000
1806.341000
1806.971000
1808.215000
1808.828000
1809.442000
1810.072000
1810.685000
1811.315000
1812.542000
1813.172000
1813.785000
1814.415000
1825.424000
1826.054000
1826.667000
1828.524000
1829.154000
1830.381000
1831.011000
1831.625000
1832.255000
1832.868000
1833.481000
1834.111000
1834.725000
1837.825000
1838.455000
1839.069000
1839.682000
1840.312000
1840.926000
1842.782000
1843.412000
1844.026000
1844.656000
1845.269000
1845.883000
1846.513000
1847.740000
1848.370000
1848.983000
1849.613000
1850.226000
1850.840000
1851.470000
1852.083000
1852.713000
1853.327000
1853.940000
1854.570000
1855.184000
1855.814000
1856.427000
1857.041000
1857.671000
1858.914000
1859.527000
1860.141000
1860.771000
1861.384000
1862.628000
1863.241000
1865.115000
1865.728000
1866.341000
1867.585000
1868.215000
1868.828000
1869.442000
1870.072000
1871.929000
1872.542000
1873.786000
1874.416000
1885.424000
1886.668000
1887.911000
1888.524000
1889.768000
1891.011000
1891.625000
1892.255000
1892.868000
1894.112000
1894.725000
1895.355000
1895.968000
1896.582000
1897.212000
1897.825000
1898.455000
1899.069000
1900.926000
1901.556000
1902.169000
1902.783000
1903.413000
1904.656000
1905.269000
1905.883000
1906.513000
1907.126000
1907.740000
1908.370000
1908.983000
1909.613000
1910.227000
1910.840000
1911.470000
1912.083000
1912.713000
1913.327000
1913.940000
1914.570000
1915.184000
1916.427000
1917.041000
1918.914000
1919.528000
1920.771000
1921.384000
1922.014000
1923.871000
1925.115000
1926.972000
1928.828000
1929.442000
1930.072000
1931.315000
1931.929000
1932.542000
1933.172000
1933.786000
1934.416000
1945.424000
1946.054000
1946.668000
1947.281000
1948.525000
1949.768000
1950.381000
1951.625000
1952.255000
1952.868000
1954.112000
1954.725000
1955.355000
1956.582000
1957.212000
1958.455000
1959.069000
1959.682000
1960.312000
1960.926000
1961.556000
1962.169000
1962.783000
1963.413000
1964.026000
1964.640000
1965.270000
1965.883000
1966.513000
1968.370000
1968.983000
1969.613000
1970.227000
1970.840000
1973.940000
1974.570000
1975.184000
1975.814000
1976.427000
1977.041000
1977.671000
1978.284000
1978.914000
1979.528000
1980.141000
1980.771000
1981.385000
1982.015000
1982.628000
1983.241000
1984.485000
1986.342000
1986.972000
1987.585000
1988.215000
1988.829000
1989.442000
1991.929000
1992.542000
1993.172000
1993.786000
2005.424000
2006.054000
2006.668000
2007.281000
2007.911000
2009.155000
2009.768000
2010.382000
2011.012000
2011.625000
2012.255000
2012.868000
2013.482000
2014.112000
2014.725000
2015.355000
2015.969000
2016.582000
2017.826000
2019.069000
2019.683000
2020.313000
2020.926000
2021.556000
2022.169000
2022.783000
2024.026000
2025.270000
2025.883000
2027.127000
2027.740000
2028.370000
2031.470000
2032.084000
2033.327000
2034.571000
2035.184000
2035.814000
2036.427000
2037.671000
2038.284000
2039.528000
2040.141000
2040.771000
2041.385000
2044.485000
2045.115000
2045.728000
2046.342000
2046.972000
2047.585000
2048.829000
2049.442000
2050.072000
2050.686000
2051.316000
2051.929000
2052.542000
2053.172000
2053.786000
2054.416000
2065.425000
2066.055000
2066.668000
2067.281000
2067.911000
2068.525000
2069.155000
2069.768000
2070.382000
2071.625000
2073.482000
2074.112000
2075.355000
2075.969000
2076.582000
2077.212000
2077.826000
2079.069000
2080.313000
2080.926000
2081.540000
2082.170000
2082.783000
2083.413000
2084.026000
2084.640000
2085.270000
2085.883000
2086.513000
2087.127000
2087.740000
2088.370000
2088.984000
2089.614000
2090.227000
2090.840000
2091.470000
2092.084000
2092.714000
2093.327000
2093.941000
2094.571000
2095.814000
2096.428000
2097.041000
2097.671000
2098.284000
2098.914000
2099.528000
2100.141000
2100.771000
2101.385000
2102.015000
2102.628000
2103.872000
2104.485000
2105.115000
2105.729000
2106.342000
2106.972000
2107.585000
2108.215000
2108.829000
2109.442000
2111.316000
2111.929000
2112.543000
2113.786000
2114.416000
2125.425000
2126.055000
2127.282000
2127.912000
2128.525000
2129.155000
2129.768000
2130.382000
2131.012000
2131.625000
2132.869000
2133.482000
2134.112000
2134.726000
2135.356000
2135.969000
2136.582000
2137.212000
2137.826000
2138.456000
2139.069000
2139.683000
2140.313000
2140.926000
2141.540000
2142.170000
2142.783000
2143.413000
2144.027000
2144.640000
2145.270000
2145.883000
2146.513000
2147.127000
2147.740000
2148.370000
2150.227000
2150.841000
2151.471000
2152.084000
2153.327000
2153.941000
2154.571000
2155.184000
2155.814000
2156.428000
2157.041000
2157.671000
2158.285000
2158.915000
2159.528000
2160.772000
2161.385000
2162.015000
2162.628000
2163.872000
2164.485000
2165.115000
2166.342000
2166.972000
2168.829000
2169.442000
2170.072000
2170.686000
2171.316000
2171.929000
2172.543000
2173.173000
2174.400000
2185.425000
2186.038000
2186.652000
2187.282000
2187.895000
2189.139000
2190.382000
2190.995000
2191.625000
2192.239000
2192.852000
2193.482000
2194.096000
2194.726000
2195.339000
2195.953000
2196.583000
2197.826000
2198.439000
2199.053000
2199.683000
2200.296000
2200.926000
2201.540000
2202.153000
2202.783000
2203.397000
2204.027000
2204.640000
2205.253000
2205.884000
2206.497000
2207.127000
2208.354000
2208.984000
2209.597000
2210.227000
2210.841000
2211.454000
2212.084000
2213.328000
2213.941000
2214.554000
2215.184000
2215.798000
2217.041000
2217.655000
2218.898000
2219.512000
2220.142000
2220.755000
2221.385000
2221.998000
2222.612000
2223.242000
2223.855000
2224.485000
2225.099000
2225.712000
2226.956000
2227.586000
2228.199000
2228.813000
2229.443000
2230.056000
2230.686000
2231.299000
2231.913000
2232.543000
2233.156000
2246.038000
2246.652000
2247.282000
2247.895000
2248.525000
2249.139000
2249.752000
2250.382000
2251.626000
2252.239000
2252.852000
2253.482000
2254.096000
2254.726000
2255.953000
2257.196000
2259.053000
2259.683000
2260.296000
2260.926000
2261.540000
2262.153000
2263.397000
2264.027000
2264.640000
2265.254000
2265.884000
2267.741000
2268.354000
2268.984000
2269.597000
2270.227000
2270.841000
2271.454000
2272.084000
2272.698000
2273.328000
2273.941000
2274.555000
2276.428000
2277.041000
2277.655000
2278.898000
2279.512000
2280.142000
2280.755000
2281.385000
2281.999000
2282.612000
2283.242000
2283.856000
2284.486000
2285.712000
2286.956000
2287.586000
2288.199000
2288.813000
2289.443000
2290.056000
2290.686000
2291.300000
2291.913000
2292.543000
2293.156000
2293.786000
2294.400000
2306.038000
2306.652000
2307.282000
2307.895000
2308.525000
2309.139000
2309.752000
2310.382000
2311.626000
2312.239000
2312.853000
2313.483000
2314.726000
2315.339000
2315.953000
2316.583000
2317.196000
2317.826000
2318.440000
2319.053000
2320.297000
2320.927000
2321.540000
2322.783000
2323.397000
2324.640000
2325.254000
2325.884000
2327.127000
2327.741000
2328.354000
2328.984000
2329.598000
2330.841000
2331.454000
2332.698000
2333.328000
2335.185000
2335.798000
2336.412000
2338.285000
2338.898000
2339.512000
2340.142000
2340.755000
2342.612000
2343.242000
2343.856000
2344.486000
2345.099000
2347.586000
2348.199000
2348.813000
2349.443000
2350.056000
2350.686000
2351.300000
2351.913000
2352.543000
2353.157000
2353.787000
2354.400000
2365.425000
2366.039000
2366.652000
2367.282000
2368.525000
2369.139000
2369.752000
2370.382000
2370.996000
2371.626000
2372.853000
2373.483000
2374.726000
2375.340000
2376.583000
2377.196000
2377.826000
2378.440000
2379.683000
2380.297000
2380.927000
2382.154000
2382.784000
2384.640000
2385.254000
2386.497000
2387.741000
2388.354000
2388.984000
2389.598000
2390.228000
2390.841000
2391.455000
2392.085000
2392.698000
2393.328000
2393.941000
2394.555000
2395.185000
2395.798000
2396.412000
2397.042000
2397.655000
2398.899000
2399.512000
2400.142000
2400.755000
2401.386000
2401.999000
2402.612000
2403.242000
2403.856000
2404.486000
2405.099000
2405.713000
2406.343000
2406.956000
2407.586000
2408.200000
2409.443000
2410.686000
2411.300000
2411.913000
2413.157000
2414.400000
2425.425000
2426.039000
2426.652000
2427.282000
2427.896000
2428.526000
2429.139000
2429.752000
2430.382000
2431.626000
2432.239000
2432.853000
2434.096000
2434.726000
2435.953000
2436.583000
2437.197000
2437.827000
2438.440000
2439.053000
2439.683000
2440.297000
2440.927000
2441.540000
2442.154000
2442.784000
2443.397000
2444.027000
2445.254000
2445.884000
2447.128000
2447.741000
2448.354000
2448.984000
2449.598000
2450.228000
2450.841000
2451.455000
2452.085000
2452.698000
2453.312000
2453.942000
2454.555000
2455.185000
2455.798000
2456.412000
2457.655000
2458.899000
2459.512000
2460.142000
2460.756000
2461.386000
2462.612000
2463.242000
2463.856000
2464.486000
2465.099000
2465.713000
2466.343000
2466.956000
2467.586000
2468.200000
2470.687000
2471.913000
2472.543000
2473.157000
2474.400000
