6.335000
6.948000
7.562000
8.192000
8.805000
9.435000
10.049000
10.662000
11.292000
11.906000
12.536000
13.149000
13.762000
14.392000
15.006000
15.636000
16.249000
16.863000
17.493000
18.106000
18.720000
19.350000
19.963000
20.593000
21.206000
21.820000
22.450000
23.063000
23.693000
24.307000
24.920000
25.550000
26.164000
26.794000
27.407000
28.020000
28.650000
29.264000
29.894000
30.507000
31.121000
31.751000
32.364000
32.994000
33.608000
34.221000
34.851000
35.465000
36.095000
36.708000
37.321000
37.951000
38.565000
39.195000
39.808000
40.422000
41.052000
41.665000
42.295000
42.909000
43.522000
44.152000
44.765000
45.395000
46.009000
46.622000
47.252000
47.866000
48.496000
49.109000
49.723000
50.353000
50.966000
51.580000
52.210000
52.823000
53.453000
54.066000
54.680000
55.310000
55.923000
56.553000
57.167000
57.780000
58.410000
66.335000
66.948000
67.562000
68.192000
68.805000
69.435000
70.049000
70.662000
71.292000
71.906000
72.536000
73.149000
73.762000
74.393000
75.006000
75.636000
76.249000
76.863000
77.493000
78.106000
78.720000
79.350000
79.963000
80.593000
81.207000
81.820000
82.450000
83.063000
83.693000
84.307000
84.920000
85.550000
86.164000
86.794000
87.407000
88.021000
88.651000
89.264000
89.894000
90.508000
91.121000
91.751000
92.364000
92.994000
93.608000
94.221000
94.851000
95.465000
96.095000
96.708000
97.322000
97.952000
98.565000
99.195000
99.808000
100.422000
101.052000
101.665000
102.295000
102.909000
103.522000
104.152000
104.766000
105.396000
106.009000
106.622000
107.253000
107.866000
108.496000
109.109000
109.723000
110.353000
110.966000
111.580000
112.210000
112.823000
113.453000
114.067000
114.680000
115.310000
115.923000
116.553000
117.167000
117.780000
118.410000
126.335000
126.949000
127.562000
128.192000
128.805000
129.435000
130.049000
130.662000
131.292000
131.906000
132.536000
133.149000
133.763000
134.393000
135.006000
135.620000
136.250000
136.863000
137.493000
138.106000
138.720000
139.350000
139.963000
140.593000
141.207000
141.820000
142.450000
143.064000
143.694000
144.307000
144.920000
145.550000
146.164000
146.794000
147.407000
148.021000
148.651000
149.264000
149.894000
150.508000
151.121000
151.751000
152.365000
152.995000
153.608000
154.221000
154.851000
155.465000
156.095000
156.708000
157.322000
157.952000
158.565000
159.195000
159.809000
160.422000
161.052000
161.665000
162.295000
162.909000
163.522000
164.152000
164.766000
165.379000
166.009000
166.623000
167.253000
167.866000
168.496000
169.109000
169.723000
170.353000
170.966000
171.580000
172.210000
172.823000
173.453000
174.067000
174.680000
175.310000
175.924000
176.554000
177.167000
177.780000
178.410000
186.335000
186.949000
187.562000
188.192000
188.806000
189.436000
190.049000
190.662000
191.292000
191.906000
192.536000
193.149000
193.763000
194.393000
195.006000
195.620000
196.250000
196.863000
197.493000
198.107000
198.720000
199.350000
199.963000
200.593000
201.207000
201.820000
202.450000
203.064000
203.694000
204.307000
204.921000
205.551000
206.164000
206.794000
207.407000
208.021000
208.651000
209.264000
209.894000
210.508000
211.121000
211.751000
212.365000
212.995000
213.608000
214.222000
214.852000
215.465000
216.095000
216.708000
217.322000
217.952000
218.565000
219.195000
219.809000
220.422000
221.052000
221.666000
222.296000
222.909000
223.522000
224.152000
224.766000
225.396000
226.009000
226.623000
227.253000
227.866000
228.480000
229.110000
229.723000
230.353000
230.967000
231.580000
232.210000
232.823000
233.453000
234.067000
234.680000
235.310000
235.924000
236.554000
237.167000
237.781000
238.411000
246.335000
246.949000
247.562000
248.192000
248.806000
249.436000
250.049000
250.663000
251.293000
251.906000
252.536000
253.149000
253.763000
254.393000
255.006000
255.620000
256.250000
256.863000
257.493000
258.107000
258.720000
259.350000
259.964000
260.594000
261.207000
261.820000
262.450000
263.064000
263.694000
264.307000
264.921000
265.551000
266.164000
266.794000
267.408000
268.021000
268.651000
269.264000
269.894000
270.508000
271.121000
271.751000
272.365000
272.995000
273.608000
274.222000
274.852000
275.465000
276.095000
276.709000
277.322000
277.952000
278.565000
279.195000
279.809000
280.422000
281.052000
281.666000
282.296000
282.909000
283.523000
284.153000
284.766000
285.396000
286.009000
286.623000
287.253000
287.866000
288.480000
289.110000
289.723000
290.353000
290.967000
291.580000
292.210000
292.824000
293.454000
294.067000
294.680000
295.310000
295.924000
296.554000
297.167000
297.781000
298.411000
306.336000
306.949000
307.562000
308.192000
308.806000
309.436000
310.049000
310.663000
311.293000
311.906000
312.520000
313.150000
313.763000
314.393000
315.006000
315.620000
316.250000
316.863000
317.493000
318.107000
318.720000
319.350000
319.964000
320.594000
321.207000
321.821000
322.451000
323.064000
323.694000
324.307000
324.921000
325.551000
326.164000
326.794000
327.408000
328.021000
328.651000
329.265000
329.895000
330.508000
331.121000
331.751000
332.365000
332.995000
333.608000
334.222000
334.852000
335.465000
336.095000
336.709000
337.322000
337.952000
338.566000
339.196000
339.809000
340.422000
341.052000
341.666000
342.296000
342.909000
343.523000
344.153000
344.766000
345.380000
346.010000
346.623000
347.253000
347.866000
348.480000
349.110000
349.723000
350.353000
350.967000
351.580000
352.210000
352.824000
353.454000
354.067000
354.681000
355.311000
355.924000
356.554000
357.167000
357.781000
358.411000
366.336000
366.949000
367.563000
368.193000
368.806000
369.436000
370.049000
370.663000
371.293000
371.906000
372.520000
373.150000
373.763000
374.393000
375.007000
375.620000
376.250000
376.864000
377.494000
378.107000
378.720000
379.350000
379.964000
380.594000
381.207000
381.821000
382.451000
383.064000
383.694000
384.308000
384.921000
385.551000
386.164000
386.794000
387.408000
388.021000
388.651000
389.265000
389.895000
390.508000
391.122000
391.752000
392.365000
392.995000
393.609000
394.222000
394.852000
395.465000
396.095000
396.709000
397.322000
397.952000
398.566000
399.196000
399.809000
400.423000
401.053000
401.666000
402.296000
402.909000
403.523000
404.153000
404.766000
405.380000
406.010000
406.623000
407.253000
407.867000
408.480000
409.110000
409.723000
410.353000
410.967000
411.580000
412.210000
412.824000
413.454000
414.067000
414.681000
415.311000
415.924000
416.554000
417.168000
417.781000
418.411000
426.336000
426.949000
427.563000
428.193000
428.806000
429.420000
430.050000
430.663000
431.293000
431.906000
432.520000
433.150000
433.763000
434.393000
435.007000
435.620000
436.250000
436.864000
437.494000
438.107000
438.721000
439.351000
439.964000
440.594000
441.207000
441.821000
442.451000
443.064000
443.694000
444.308000
444.921000
445.551000
446.165000
446.795000
447.408000
448.021000
448.651000
449.265000
449.895000
450.508000
451.122000
451.752000
452.365000
452.995000
453.609000
454.222000
454.852000
455.466000
456.096000
456.709000
457.322000
457.952000
458.566000
459.196000
459.809000
460.423000
461.053000
461.666000
462.280000
462.910000
463.523000
464.153000
464.766000
465.380000
466.010000
466.623000
467.253000
467.867000
468.480000
469.110000
469.724000
470.354000
470.967000
471.580000
472.210000
472.824000
473.454000
474.067000
474.681000
475.311000
475.924000
476.554000
477.168000
477.781000
478.411000
486.319000
486.933000
487.563000
488.176000
488.806000
489.420000
490.033000
490.663000
491.277000
491.907000
492.520000
493.133000
493.763000
494.377000
495.007000
495.620000
496.234000
496.864000
497.477000
498.107000
498.721000
499.334000
499.964000
500.577000
501.208000
501.821000
502.434000
503.064000
503.678000
504.308000
504.921000
505.535000
506.165000
506.778000
507.392000
508.022000
508.635000
509.265000
509.878000
510.492000
511.122000
511.735000
512.365000
512.979000
513.592000
514.222000
514.836000
515.466000
516.079000
516.692000
517.323000
517.936000
518.566000
519.179000
519.793000
520.423000
521.036000
521.666000
522.280000
522.893000
523.523000
524.137000
524.767000
525.380000
525.993000
526.623000
527.237000
527.867000
528.480000
529.094000
529.724000
530.337000
530.967000
531.581000
532.194000
532.824000
533.437000
534.067000
534.681000
535.294000
535.924000
536.538000
537.168000
537.781000
538.395000
546.320000
546.933000
547.563000
548.176000
548.806000
549.420000
550.033000
550.663000
551.277000
551.907000
552.520000
553.134000
553.764000
554.377000
555.007000
555.620000
556.234000
556.864000
557.477000
558.107000
558.721000
559.334000
559.964000
560.578000
561.208000
561.821000
562.434000
563.065000
563.678000
564.308000
564.921000
565.535000
566.165000
566.778000
567.392000
568.022000
568.635000
569.265000
569.879000
570.492000
571.122000
571.735000
572.365000
572.979000
573.592000
574.222000
574.836000
575.466000
576.079000
576.693000
577.323000
577.936000
578.566000
579.180000
579.793000
580.423000
581.036000
581.666000
582.280000
582.893000
583.523000
584.137000
584.767000
585.380000
585.994000
586.624000
587.237000
587.867000
588.480000
589.094000
589.724000
590.337000
590.967000
591.581000
592.194000
592.824000
593.438000
594.068000
594.681000
595.294000
595.925000
596.538000
597.168000
597.781000
598.395000
606.320000
606.933000
607.563000
608.177000
608.807000
609.420000
610.033000
610.663000
611.277000
611.907000
612.520000
613.134000
613.764000
614.377000
615.007000
615.621000
616.234000
616.864000
617.478000
618.107000
618.721000
619.334000
619.964000
620.578000
621.208000
621.821000
622.435000
623.065000
623.678000
624.292000
624.922000
625.535000
626.165000
626.778000
627.392000
628.022000
628.635000
629.265000
629.879000
630.492000
631.122000
631.736000
632.366000
632.979000
633.592000
634.222000
634.836000
635.466000
636.079000
636.693000
637.323000
637.936000
638.566000
639.180000
639.793000
640.423000
641.037000
641.667000
642.280000
642.893000
643.523000
644.137000
644.767000
645.380000
645.994000
646.624000
647.237000
647.867000
648.481000
649.094000
649.724000
650.337000
650.967000
651.581000
652.194000
652.824000
653.438000
654.068000
654.681000
655.295000
655.925000
656.538000
657.168000
657.782000
658.395000
666.320000
666.933000
667.563000
668.177000
668.807000
669.420000
670.034000
670.664000
671.277000
671.907000
672.520000
673.134000
673.764000
674.377000
675.007000
675.621000
676.234000
676.864000
677.478000
678.108000
678.721000
679.334000
679.964000
680.578000
681.208000
681.821000
682.435000
683.065000
683.678000
684.292000
684.922000
685.535000
686.165000
686.779000
687.392000
688.022000
688.635000
689.265000
689.879000
690.492000
691.122000
691.736000
692.366000
692.979000
693.593000
694.223000
694.836000
695.466000
696.079000
696.693000
697.323000
697.936000
698.566000
699.180000
699.793000
700.423000
701.037000
701.667000
702.280000
702.894000
703.524000
704.137000
704.767000
705.380000
705.994000
706.624000
707.237000
707.867000
708.481000
709.094000
709.724000
710.338000
710.968000
711.581000
712.194000
712.824000
713.438000
714.068000
714.681000
715.295000
715.925000
716.538000
717.152000
717.782000
718.395000
726.320000
726.933000
727.563000
728.177000
728.807000
729.420000
730.034000
730.664000
731.277000
731.907000
732.521000
733.134000
733.764000
734.377000
735.007000
735.621000
736.234000
736.864000
737.478000
738.108000
738.721000
739.335000
739.965000
740.578000
741.208000
741.821000
742.435000
743.065000
743.678000
744.292000
744.922000
745.535000
746.165000
746.779000
747.392000
748.022000
748.636000
749.266000
749.879000
750.492000
751.122000
751.736000
752.366000
752.979000
753.593000
754.223000
754.836000
755.466000
756.080000
756.693000
757.323000
757.936000
758.566000
759.180000
759.793000
760.423000
761.037000
761.667000
762.280000
762.894000
763.524000
764.137000
764.767000
765.381000
765.994000
766.624000
767.237000
767.867000
768.481000
769.094000
769.724000
770.338000
770.968000
771.581000
772.195000
772.825000
773.438000
774.068000
774.681000
775.295000
775.925000
776.538000
777.152000
777.782000
778.395000
786.320000
786.933000
787.563000
788.177000
788.807000
789.420000
790.034000
790.664000
791.277000
791.907000
792.521000
793.134000
793.764000
794.378000
795.008000
795.621000
796.234000
796.864000
797.478000
798.108000
798.721000
799.335000
799.965000
800.578000
801.192000
801.822000
802.435000
803.065000
803.678000
804.292000
804.922000
805.535000
806.165000
806.779000
807.392000
808.022000
808.636000
809.266000
809.879000
810.493000
811.123000
811.736000
812.366000
812.979000
813.593000
814.223000
814.836000
815.466000
816.080000
816.693000
817.323000
817.937000
818.567000
819.180000
819.793000
820.423000
821.037000
821.667000
822.280000
822.894000
823.524000
824.137000
824.767000
825.381000
825.994000
826.624000
827.238000
827.868000
828.481000
829.094000
829.724000
830.338000
830.968000
831.581000
832.195000
832.825000
833.438000
834.052000
834.682000
835.295000
835.925000
836.538000
837.152000
837.782000
838.395000
846.320000
846.934000
847.564000
848.177000
848.807000
849.420000
850.034000
850.664000
851.277000
851.907000
852.521000
853.134000
853.764000
854.378000
855.008000
855.621000
856.235000
856.865000
857.478000
858.091000
858.721000
859.335000
859.965000
860.578000
861.192000
861.822000
862.435000
863.065000
863.679000
864.292000
864.922000
865.535000
866.165000
866.779000
867.392000
868.022000
868.636000
869.266000
869.879000
870.493000
871.123000
871.736000
872.366000
872.980000
873.593000
874.223000
874.836000
875.466000
876.080000
876.693000
877.323000
877.937000
878.567000
879.180000
879.794000
880.424000
881.037000
881.667000
882.280000
882.894000
883.524000
884.137000
884.767000
885.381000
885.994000
886.624000
887.238000
887.868000
888.481000
889.095000
889.725000
890.338000
890.968000
891.581000
892.195000
892.825000
893.438000
894.052000
894.682000
895.295000
895.925000
896.539000
897.152000
897.782000
898.395000
906.320000
906.934000
907.564000
908.177000
908.807000
909.421000
910.034000
910.664000
911.278000
911.908000
912.521000
913.134000
913.764000
914.378000
915.008000
915.621000
916.235000
916.865000
917.478000
918.092000
918.722000
919.335000
919.965000
920.578000
921.192000
921.822000
922.435000
923.065000
923.679000
924.292000
924.922000
925.536000
926.166000
926.779000
927.392000
928.023000
928.636000
929.266000
929.879000
930.493000
931.123000
931.736000
932.366000
932.980000
933.593000
934.223000
934.837000
935.467000
936.080000
936.693000
937.323000
937.937000
938.567000
939.180000
939.794000
940.424000
941.037000
941.667000
942.281000
942.894000
943.524000
944.137000
944.768000
945.381000
945.994000
946.624000
947.238000
947.868000
948.481000
949.095000
949.725000
950.338000
950.952000
951.582000
952.195000
952.825000
953.438000
954.052000
954.682000
955.295000
955.925000
956.539000
957.152000
957.782000
958.396000
966.320000
966.934000
967.564000
968.177000
968.807000
969.421000
970.034000
970.664000
971.278000
971.908000
972.521000
973.135000
973.765000
974.378000
975.008000
975.621000
976.235000
976.865000
977.478000
978.092000
978.722000
979.335000
979.965000
980.579000
981.192000
981.822000
982.435000
983.065000
983.679000
984.292000
984.922000
985.536000
986.166000
986.779000
987.393000
988.023000
988.636000
989.266000
989.880000
990.493000
991.123000
991.736000
992.366000
992.980000
993.593000
994.223000
994.837000
995.467000
996.080000
996.694000
997.324000
997.937000
998.567000
999.180000
999.794000
1000.424000
1001.037000
1001.667000
1002.281000
1002.894000
1003.524000
1004.138000
1004.768000
1005.381000
1005.994000
1006.625000
1007.238000
1007.868000
1008.481000
1009.095000
1009.725000
1010.338000
1010.952000
1011.582000
1012.195000
1012.825000
1013.439000
1014.052000
1014.682000
1015.295000
1015.925000
1016.539000
1017.152000
1017.782000
1018.396000
