9.435000
10.049000
11.292000
11.906000
12.536000
13.762000
14.392000
15.006000
15.636000
16.249000
18.720000
19.350000
19.963000
20.593000
21.206000
21.820000
22.450000
23.063000
24.307000
24.920000
25.550000
26.164000
27.407000
28.020000
28.650000
29.264000
29.894000
30.507000
31.121000
31.751000
32.364000
32.994000
33.608000
34.221000
34.851000
35.465000
36.095000
36.708000
37.321000
38.565000
39.808000
40.422000
41.052000
41.665000
42.909000
44.765000
45.395000
46.622000
47.252000
47.866000
48.496000
49.109000
49.723000
50.353000
50.966000
51.580000
52.210000
52.823000
53.453000
54.066000
54.680000
55.310000
55.923000
56.553000
57.780000
58.410000
69.435000
70.049000
71.292000
71.906000
73.149000
73.762000
74.393000
75.006000
75.636000
77.493000
78.106000
78.720000
79.350000
79.963000
80.593000
81.207000
81.820000
82.450000
83.063000
83.693000
84.307000
84.920000
85.550000
86.164000
86.794000
87.407000
88.021000
88.651000
89.264000
89.894000
90.508000
91.121000
91.751000
92.364000
92.994000
93.608000
94.221000
94.851000
95.465000
96.095000
97.322000
97.952000
98.565000
99.808000
100.422000
101.052000
101.665000
102.295000
102.909000
103.522000
104.152000
104.766000
105.396000
106.622000
107.253000
108.496000
109.109000
110.353000
110.966000
111.580000
112.210000
112.823000
113.453000
114.067000
114.680000
115.310000
115.923000
116.553000
117.167000
117.780000
118.410000
129.435000
130.049000
130.662000
131.292000
131.906000
132.536000
133.149000
133.763000
134.393000
135.006000
136.250000
136.863000
138.106000
138.720000
139.350000
139.963000
140.593000
141.207000
141.820000
142.450000
143.064000
143.694000
144.307000
144.920000
145.550000
146.164000
146.794000
147.407000
148.021000
148.651000
149.264000
149.894000
150.508000
151.121000
151.751000
152.365000
152.995000
153.608000
154.851000
155.465000
156.708000
157.322000
157.952000
158.565000
159.195000
160.422000
161.052000
161.665000
162.909000
163.522000
164.152000
164.766000
165.379000
166.009000
166.623000
167.253000
167.866000
168.496000
169.109000
169.723000
170.966000
171.580000
172.210000
172.823000
173.453000
174.067000
174.680000
175.310000
175.924000
177.167000
177.780000
178.410000
190.049000
190.662000
191.292000
191.906000
192.536000
193.149000
193.763000
194.393000
195.006000
195.620000
196.250000
197.493000
198.720000
199.350000
199.963000
200.593000
201.207000
201.820000
202.450000
203.064000
203.694000
204.921000
205.551000
206.164000
206.794000
207.407000
208.021000
208.651000
209.264000
209.894000
210.508000
211.121000
211.751000
212.365000
212.995000
214.222000
214.852000
215.465000
216.095000
216.708000
217.322000
217.952000
218.565000
219.195000
220.422000
221.052000
221.666000
222.296000
222.909000
223.522000
224.766000
226.009000
226.623000
227.866000
228.480000
229.110000
229.723000
230.353000
230.967000
231.580000
232.210000
232.823000
233.453000
234.067000
234.680000
235.310000
236.554000
237.167000
237.781000
238.411000
249.436000
250.049000
250.663000
251.293000
251.906000
252.536000
255.620000
256.250000
257.493000
258.720000
259.350000
259.964000
260.594000
261.207000
261.820000
262.450000
263.064000
263.694000
264.307000
264.921000
265.551000
266.164000
266.794000
267.408000
268.021000
268.651000
269.264000
269.894000
270.508000
271.121000
271.751000
272.995000
274.222000
274.852000
275.465000
276.095000
277.322000
277.952000
278.565000
279.195000
279.809000
280.422000
281.052000
282.296000
282.909000
283.523000
284.153000
284.766000
285.396000
286.009000
286.623000
287.866000
288.480000
289.110000
290.353000
290.967000
291.580000
292.210000
293.454000
294.067000
294.680000
295.310000
296.554000
297.781000
298.411000
