1038.661000
1039.274000
1039.904000
1041.148000
1041.761000
1042.375000
1043.005000
1043.618000
1044.248000
1044.861000
1046.105000
1046.718000
1047.332000
1047.962000
1048.575000
1049.205000
1049.819000
1050.432000
1051.062000
1051.676000
1052.306000
1052.919000
1053.532000
1054.162000
1054.776000
1055.406000
1056.019000
1056.633000
1057.263000
1057.876000
1058.506000
1059.120000
1059.733000
1060.363000
1060.976000
1061.606000
1062.220000
1062.833000
1063.463000
1064.077000
1064.707000
1065.320000
1065.934000
1066.564000
1067.177000
1067.807000
1068.421000
1069.034000
1069.664000
1070.277000
1070.907000
1071.521000
1072.134000
1072.764000
1073.378000
1074.008000
1074.621000
1075.235000
1075.865000
1076.478000
1077.721000
1078.335000
1078.965000
1079.578000
1080.192000
1080.822000
1081.435000
1082.065000
1082.679000
1083.292000
1083.922000
1084.535000
1085.165000
1085.779000
1086.392000
1097.418000
1098.048000
1098.661000
1099.274000
1099.904000
1100.518000
1101.148000
1101.761000
1102.375000
1103.005000
1103.618000
1104.232000
1104.862000
1105.475000
1106.105000
1106.718000
1107.332000
1107.962000
1108.575000
1109.819000
1110.432000
1111.062000
1111.676000
1112.306000
1112.919000
1113.533000
1114.163000
1114.776000
1115.406000
1116.019000
1116.633000
1118.506000
1119.733000
1120.363000
1120.977000
1121.607000
1122.220000
1122.833000
1123.463000
1124.077000
1124.707000
1125.320000
1125.934000
1127.177000
1127.807000
1128.421000
1129.034000
1130.278000
1130.908000
1131.521000
1132.134000
1132.764000
1133.378000
1134.008000
1134.621000
1135.235000
1135.865000
1136.478000
1137.092000
1137.722000
1138.335000
1139.578000
1140.192000
1140.822000
1141.435000
1142.065000
1142.679000
1143.292000
1143.922000
1144.536000
1145.166000
1145.779000
1146.392000
1157.418000
1158.048000
1158.661000
1159.275000
1160.518000
1161.761000
1163.005000
1163.618000
1164.232000
1164.862000
1165.475000
1166.105000
1166.719000
1167.332000
1167.962000
1168.575000
1169.205000
1169.819000
1170.432000
1171.062000
1171.676000
1172.306000
1172.919000
1173.533000
1174.163000
1174.776000
1176.020000
1176.633000
1177.263000
1177.876000
1178.506000
1179.120000
1179.733000
1180.363000
1180.977000
1181.607000
1182.220000
1182.834000
1183.464000
1184.077000
1185.320000
1185.934000
1186.564000
1187.177000
1187.807000
1188.421000
1189.034000
1190.278000
1190.908000
1191.521000
1192.135000
1192.765000
1193.378000
1194.008000
1194.621000
1195.235000
1195.865000
1196.478000
1197.092000
1197.722000
1198.335000
1198.965000
1199.579000
1200.192000
1200.822000
1201.435000
1202.065000
1202.679000
1203.292000
1203.922000
1204.536000
1205.166000
1205.779000
1206.393000
1217.418000
1218.048000
1218.661000
1219.275000
1219.905000
1220.518000
1221.132000
1221.762000
1222.375000
1223.005000
1224.232000
1224.862000
1225.475000
1226.105000
1226.719000
1227.332000
1227.962000
1228.576000
1229.206000
1229.819000
1230.432000
1231.062000
1231.676000
1232.919000
1233.533000
1234.163000
1234.776000
1235.406000
1236.020000
1236.633000
1237.263000
1237.877000
1238.507000
1239.120000
1239.733000
1240.363000
1240.977000
1241.607000
1242.220000
1242.834000
1243.464000
1244.077000
1244.707000
1245.934000
1247.177000
1247.807000
1248.421000
1249.034000
1249.664000
1250.278000
1250.908000
1251.521000
1252.135000
1252.765000
1253.992000
1254.622000
1255.235000
1255.865000
1256.478000
1257.092000
1257.722000
1258.335000
1258.965000
1259.579000
1260.192000
1260.822000
1261.436000
1262.066000
1262.679000
1263.292000
1264.536000
1265.166000
1265.779000
1266.393000
1277.418000
1278.661000
1279.275000
1279.905000
1280.518000
1281.132000
1281.762000
1282.375000
1283.005000
1283.619000
1284.232000
1284.862000
1285.475000
1286.105000
1286.719000
1287.332000
1287.962000
1288.576000
1289.206000
1289.819000
1290.433000
1291.063000
1291.676000
1292.919000
1293.533000
1294.163000
1294.776000
1296.020000
1296.633000
1297.263000
1297.877000
1298.507000
1299.120000
1299.734000
1300.364000
1300.977000
1301.607000
1302.220000
1302.834000
1304.077000
1304.707000
1305.321000
1305.934000
1306.564000
1307.178000
1307.808000
1308.421000
1309.034000
1309.664000
1310.278000
1310.908000
1311.521000
1312.135000
1312.765000
1313.378000
1313.992000
1314.622000
1315.235000
1315.865000
1316.479000
1317.092000
1317.722000
1318.965000
1319.579000
1320.192000
1320.822000
1321.436000
1322.066000
1322.679000
1323.293000
1323.923000
1324.536000
1325.166000
1325.779000
1338.048000
1339.275000
1340.518000
1341.132000
1341.762000
1342.375000
1343.005000
1343.619000
1344.232000
1345.476000
1346.106000
1346.719000
1347.332000
1347.962000
1348.576000
1349.206000
1349.819000
1350.433000
1351.063000
1351.676000
1352.306000
1352.920000
1353.533000
1354.163000
1354.776000
1355.407000
1356.020000
1357.263000
1357.877000
1358.507000
1359.734000
1360.364000
1360.977000
1361.607000
1362.221000
1362.834000
1363.464000
1364.077000
1364.707000
1365.934000
1366.564000
1367.178000
1367.808000
1368.421000
1369.665000
1370.278000
1370.908000
1372.135000
1372.765000
1373.378000
1374.622000
1375.235000
1375.865000
1376.479000
1377.722000
1378.336000
1378.966000
1379.579000
1380.192000
1380.822000
1381.436000
1382.679000
1383.293000
1383.923000
1384.536000
1385.166000
1385.780000
1386.393000
1397.418000
1398.032000
1398.662000
1399.905000
1400.519000
1401.132000
1401.762000
1402.375000
1403.005000
1403.619000
1404.232000
1404.862000
1405.476000
1406.106000
1406.719000
1407.963000
1408.576000
1409.206000
1410.433000
1411.063000
1411.676000
1412.306000
1412.920000
1413.533000
1414.163000
1414.777000
1415.407000
1416.020000
1416.633000
1417.264000
1417.877000
1418.507000
1419.120000
1419.734000
1420.364000
1420.977000
1421.607000
1422.221000
1422.834000
1423.464000
1424.078000
1424.708000
1425.321000
1425.934000
1426.564000
1427.178000
1428.421000
1429.035000
1430.278000
1430.892000
1431.522000
1432.135000
1432.765000
1433.378000
1433.992000
1434.622000
1435.235000
1435.865000
1437.092000
1437.722000
1438.336000
1438.966000
1439.579000
1440.193000
1440.823000
1441.436000
1442.066000
1442.679000
1443.293000
1443.923000
1444.536000
1445.166000
1446.393000
1457.418000
1458.032000
1459.275000
1459.905000
1460.519000
1461.132000
1461.762000
1462.376000
1463.006000
1463.619000
1464.232000
1464.862000
1465.476000
1466.106000
1466.719000
1467.333000
1467.963000
1468.576000
1469.206000
1470.433000
1471.063000
1471.676000
1472.306000
1473.533000
1474.163000
1474.777000
1476.020000
1476.634000
1477.264000
1477.877000
1478.507000
1479.121000
1479.734000
1480.364000
1480.977000
1482.221000
1482.834000
1483.464000
1484.078000
1484.708000
1485.321000
1485.935000
1487.178000
1487.808000
1488.421000
1489.035000
1489.665000
1490.278000
1490.892000
1491.522000
1492.135000
1493.379000
1493.992000
1494.622000
1495.235000
1495.866000
1496.479000
1497.092000
1497.722000
1498.336000
1498.966000
1499.579000
1500.193000
1500.823000
1501.436000
1502.680000
1503.293000
1504.536000
1505.166000
1505.780000
1506.393000
1517.418000
1518.032000
1518.662000
1519.275000
1519.905000
1520.519000
1521.132000
1521.762000
1522.376000
1523.006000
1523.619000
1524.233000
1525.476000
1526.106000
1526.719000
1527.333000
1527.963000
1528.576000
1529.206000
1529.820000
1530.433000
1531.677000
1532.307000
1532.920000
1533.533000
1534.163000
1534.777000
1535.407000
1536.020000
1536.634000
1537.264000
1538.507000
1539.121000
1539.734000
1540.364000
1540.978000
1541.608000
1542.221000
1542.834000
1543.464000
1544.078000
1544.708000
1545.321000
1545.935000
1546.565000
1547.178000
1547.792000
1548.422000
1549.035000
1549.665000
1550.278000
1550.892000
1551.522000
1552.135000
1552.765000
1553.379000
1553.992000
1555.866000
1556.479000
1557.092000
1558.336000
1558.966000
1559.579000
1560.193000
1560.823000
1561.436000
1562.066000
1562.680000
1563.923000
1564.537000
1565.167000
1565.780000
1577.419000
1578.032000
1578.662000
1579.275000
1579.905000
1581.132000
1581.762000
1582.376000
1583.006000
1583.619000
1584.233000
1585.476000
1586.106000
1586.720000
1587.333000
1587.963000
1588.576000
1589.206000
1589.820000
1590.433000
1591.063000
1591.677000
1592.307000
1592.920000
1593.534000
1594.164000
1594.777000
1595.407000
1596.020000
1596.634000
1597.264000
1597.877000
1598.507000
1599.121000
1599.734000
1600.364000
1601.608000
1602.221000
1602.835000
1603.465000
1604.078000
1604.708000
1605.321000
1605.935000
1606.565000
1607.178000
1607.792000
1608.422000
1609.035000
1609.665000
1610.279000
1610.892000
1612.135000
1612.765000
1613.379000
1613.992000
1614.622000
1615.236000
1615.866000
1616.479000
1617.093000
1617.723000
1618.336000
1618.966000
1619.580000
1620.193000
1620.823000
1621.436000
1622.066000
1622.680000
1623.293000
1623.923000
1624.537000
1625.167000
1625.780000
1626.394000
1637.419000
1638.032000
1639.276000
1639.906000
1640.519000
1641.132000
1641.762000
1642.376000
1643.006000
1643.619000
1644.233000
1644.863000
1645.476000
1646.106000
1646.720000
1647.333000
1648.577000
1649.820000
1650.433000
1651.063000
1651.677000
1652.307000
1652.920000
1653.534000
1654.164000
1654.777000
1655.407000
1656.021000
1656.634000
1657.264000
1658.507000
1659.121000
1659.734000
1660.978000
1661.608000
1662.221000
1662.835000
1663.465000
1664.078000
1664.692000
1665.322000
1665.935000
1666.565000
1667.178000
1667.792000
1668.422000
1669.035000
1669.665000
1670.892000
1671.522000
1672.136000
1672.766000
1673.379000
1673.992000
1674.622000
1675.236000
1675.866000
1676.479000
1677.093000
1678.336000
1678.966000
1679.580000
1680.823000
1681.437000
1682.680000
1683.293000
1683.923000
1684.537000
1685.167000
1685.780000
1686.394000
1697.419000
1698.662000
1699.276000
1699.906000
1700.519000
1701.133000
1701.763000
1702.376000
1703.006000
1703.619000
1704.233000
1704.863000
1705.476000
1706.106000
1706.720000
1707.333000
1708.577000
1709.207000
1709.820000
1710.434000
1711.064000
1711.677000
1712.307000
1712.920000
1713.534000
1714.164000
1714.777000
1715.407000
1716.021000
1716.634000
1717.264000
1717.878000
1718.508000
1719.121000
1719.734000
1720.364000
1720.978000
1721.608000
1722.221000
1722.835000
1723.465000
1724.692000
1725.322000
1725.935000
1726.565000
1727.179000
1727.792000
1728.422000
1729.035000
1729.665000
1730.279000
1730.892000
1732.136000
1732.766000
1733.379000
1733.993000
1734.623000
1735.236000
1735.866000
1736.479000
1737.093000
1737.723000
1738.336000
1738.966000
1739.580000
1740.193000
1740.823000
1741.437000
1742.067000
1742.680000
1743.924000
1744.537000
1745.167000
1745.780000
1746.394000
