1766.669000
1767.283000
1767.913000
1768.526000
1769.140000
1770.383000
1771.013000
1771.626000
1772.240000
1772.870000
1773.483000
1774.113000
1774.727000
1775.340000
1775.970000
1776.584000
1777.214000
1777.827000
1778.441000
1779.071000
1779.684000
1780.927000
1781.541000
1782.171000
1782.784000
1783.414000
1784.028000
1784.641000
1785.271000
1785.885000
1786.515000
1787.128000
1787.741000
1788.371000
1788.985000
1789.615000
1790.228000
1790.842000
1791.472000
1792.085000
1793.329000
1793.942000
1795.186000
1795.816000
1796.429000
1797.042000
1797.672000
1798.286000
1799.529000
1800.143000
1801.386000
1802.000000
1802.630000
1803.243000
1803.873000
1804.486000
1805.100000
1805.730000
1806.343000
1806.973000
1807.587000
1808.200000
1808.830000
1809.444000
1810.074000
1810.687000
1811.301000
1811.931000
1812.544000
1813.787000
1814.401000
1825.426000
1826.056000
1826.669000
1827.283000
1827.913000
1828.526000
1829.156000
1829.770000
1830.383000
1831.013000
1831.627000
1832.257000
1832.870000
1833.483000
1834.114000
1834.727000
1835.357000
1835.970000
1836.584000
1837.827000
1838.441000
1839.071000
1839.684000
1840.314000
1840.928000
1841.541000
1842.171000
1842.784000
1843.414000
1844.028000
1844.641000
1845.271000
1845.885000
1846.515000
1847.128000
1847.742000
1848.372000
1848.985000
1850.229000
1850.842000
1851.472000
1852.085000
1852.715000
1853.329000
1853.942000
1854.572000
1855.186000
1855.816000
1856.429000
1857.673000
1858.286000
1858.916000
1859.529000
1860.143000
1860.773000
1861.386000
1862.016000
1862.630000
1863.243000
1863.873000
1864.487000
1865.117000
1865.730000
1866.343000
1866.973000
1867.587000
1868.217000
1868.830000
1869.444000
1870.074000
1870.687000
1871.301000
1871.931000
1872.544000
1873.788000
1874.401000
1886.056000
1886.670000
1887.283000
1887.913000
1888.526000
1889.156000
1889.770000
1890.383000
1891.013000
1891.627000
1892.257000
1892.870000
1893.484000
1894.114000
1894.727000
1895.341000
1895.971000
1896.584000
1897.214000
1897.827000
1898.441000
1899.071000
1899.684000
1900.314000
1900.928000
1901.541000
1902.171000
1902.785000
1903.415000
1904.028000
1904.641000
1905.271000
1905.885000
1906.515000
1907.128000
1907.742000
1908.372000
1908.985000
1910.229000
1910.842000
1911.472000
1912.716000
1913.329000
1913.942000
1914.572000
1915.816000
1916.429000
1917.043000
1917.673000
1918.286000
1918.916000
1919.530000
1920.143000
1920.773000
1921.386000
1922.630000
1923.243000
1923.873000
1924.487000
1925.117000
1925.730000
1926.974000
1927.587000
1928.217000
1928.830000
1929.444000
1930.687000
1931.301000
1931.931000
1932.544000
1933.174000
1933.788000
1934.401000
1945.426000
1946.056000
1946.670000
1947.283000
1947.913000
1949.157000
1949.770000
1950.383000
1951.627000
1952.240000
1952.870000
1953.484000
1954.114000
1954.727000
1955.341000
1955.971000
1956.584000
1957.828000
1958.441000
1959.071000
1959.684000
1960.928000
1961.541000
1962.171000
1962.785000
1963.415000
1964.028000
1964.642000
1965.272000
1965.885000
1966.515000
1967.128000
1968.372000
1968.985000
1969.615000
1970.229000
1970.842000
1971.472000
1972.086000
1972.716000
1973.329000
1973.943000
1974.573000
1975.186000
1975.816000
1976.429000
1977.043000
1977.673000
1978.286000
1978.916000
1980.143000
1980.773000
1981.387000
1982.017000
1982.630000
1983.243000
1983.873000
1984.487000
1985.117000
1985.730000
1986.974000
1987.587000
1988.201000
1989.444000
1990.074000
1990.687000
1991.301000
1991.931000
1992.544000
1993.174000
1993.788000
1994.401000
2005.426000
2006.056000
2007.283000
2007.913000
2008.527000
2009.770000
2010.384000
2011.014000
2011.627000
2012.257000
2012.870000
2013.484000
2014.114000
2014.727000
2015.341000
2015.971000
2016.584000
2017.214000
2017.828000
2018.441000
2019.071000
2019.685000
2020.315000
2020.928000
2021.541000
2022.171000
2022.785000
2023.415000
2024.028000
2025.272000
2025.885000
2026.515000
2027.129000
2027.742000
2028.372000
2028.985000
2029.615000
2030.229000
2030.842000
2031.472000
2032.086000
2032.716000
2033.329000
2033.943000
2034.573000
2035.186000
2035.816000
2036.430000
2037.043000
2037.673000
2040.143000
2040.773000
2041.387000
2042.017000
2043.244000
2043.874000
2044.487000
2045.730000
2046.344000
2046.974000
2047.587000
2048.201000
2048.831000
2049.444000
2050.074000
2050.688000
2051.931000
2052.544000
2053.175000
2053.788000
2054.401000
2065.427000
2066.040000
2066.653000
2067.283000
2067.897000
2068.527000
2069.140000
2069.754000
2070.384000
2070.997000
2071.627000
2072.241000
2072.854000
2073.484000
2074.097000
2074.727000
2075.341000
2077.198000
2077.828000
2078.441000
2079.055000
2079.685000
2080.298000
2081.542000
2082.155000
2082.785000
2083.398000
2084.028000
2084.642000
2085.255000
2085.885000
2086.499000
2087.129000
2087.742000
2088.986000
2089.599000
2090.229000
2090.842000
2091.456000
2092.086000
2092.699000
2093.313000
2093.943000
2094.556000
2095.800000
2096.413000
2097.043000
2097.656000
2098.287000
2098.900000
2099.513000
2100.143000
2100.757000
2102.000000
2102.614000
2103.244000
2103.857000
2104.487000
2105.101000
2105.714000
2106.344000
2106.957000
2107.587000
2108.201000
2108.814000
2109.444000
2110.058000
2110.688000
2111.301000
2111.915000
2112.545000
2113.158000
2113.788000
2114.402000
2125.427000
2126.057000
2126.670000
2127.284000
2127.914000
2128.527000
2129.157000
2129.771000
2131.627000
2132.871000
2133.484000
2134.728000
2135.341000
2135.971000
2136.584000
2137.214000
2137.828000
2138.441000
2139.685000
2140.315000
2141.542000
2142.172000
2142.785000
2143.415000
2144.029000
2144.642000
2145.272000
2145.885000
2146.515000
2147.742000
2148.372000
2148.986000
2149.616000
2150.229000
2150.843000
2151.473000
2152.716000
2153.329000
2153.943000
2154.573000
2155.186000
2155.816000
2156.430000
2157.043000
2157.673000
2158.287000
2158.917000
2159.530000
2160.144000
2160.774000
2161.387000
2162.017000
2162.630000
2163.244000
2163.874000
2164.487000
2165.101000
2165.731000
2166.344000
2166.974000
2167.588000
2168.201000
2168.831000
2169.444000
2170.074000
2170.688000
2171.301000
2171.931000
2172.545000
2173.175000
2173.788000
2174.402000
2185.427000
2186.057000
2186.670000
2187.284000
2187.914000
2188.527000
2189.141000
2189.771000
2190.384000
2191.014000
2191.627000
2192.241000
2192.871000
2193.484000
2194.114000
2194.728000
2195.341000
2196.585000
2197.215000
2197.828000
2198.441000
2199.071000
2200.315000
2200.928000
2201.542000
2202.172000
2202.785000
2203.415000
2204.029000
2204.642000
2205.272000
2205.886000
2206.516000
2207.129000
2207.742000
2208.372000
2208.986000
2210.229000
2210.843000
2211.473000
2212.086000
2212.716000
2213.330000
2213.943000
2214.573000
2215.816000
2216.430000
2217.043000
2217.673000
2218.287000
2218.917000
2219.530000
2220.144000
2220.774000
2221.387000
2222.631000
2223.244000
2223.874000
2224.487000
2225.101000
2225.731000
2226.344000
2226.974000
2227.588000
2228.201000
2228.831000
2229.445000
2230.075000
2230.688000
2231.301000
2231.931000
2232.545000
2233.175000
2233.788000
2245.427000
2246.057000
2246.670000
2247.914000
2248.527000
2249.141000
2249.771000
2250.384000
2251.014000
2251.628000
2252.241000
2252.871000
2253.484000
2254.114000
2254.728000
2255.341000
2256.585000
2257.215000
2257.828000
2258.442000
2259.072000
2259.685000
2260.315000
2260.928000
2261.542000
2262.785000
2263.415000
2264.029000
2264.642000
2265.272000
2265.886000
2266.516000
2267.129000
2267.743000
2268.986000
2269.616000
2270.229000
2270.843000
2271.473000
2272.086000
2272.716000
2273.943000
2275.187000
2275.817000
2276.430000
2277.043000
2277.673000
2278.287000
2278.917000
2279.530000
2280.144000
2280.774000
2281.387000
2282.001000
2282.631000
2283.244000
2283.874000
2284.488000
2285.101000
2285.731000
2286.344000
2286.974000
2287.588000
2288.201000
2288.831000
2289.445000
2290.075000
2290.688000
2291.302000
2291.932000
2292.545000
2293.175000
2293.788000
2294.402000
2305.427000
2306.040000
2306.671000
2307.284000
2307.914000
2308.527000
2309.141000
2309.771000
2310.384000
2311.014000
2311.628000
2312.241000
2312.871000
2313.485000
2314.115000
2314.728000
2315.341000
2315.971000
2316.585000
2317.828000
2318.442000
2319.072000
2319.685000
2320.315000
2320.929000
2321.542000
2322.786000
2323.416000
2324.029000
2324.642000
2325.272000
2325.886000
2326.516000
2327.129000
2327.743000
2328.373000
2328.986000
2329.616000
2330.230000
2331.473000
2332.086000
2332.716000
2333.330000
2333.943000
2334.573000
2335.187000
2335.817000
2336.430000
2337.044000
2337.674000
2338.287000
2338.900000
2339.530000
2340.144000
2340.774000
2341.387000
2342.001000
2342.631000
2343.244000
2343.874000
2344.488000
2345.101000
2345.731000
2346.345000
2346.975000
2348.201000
2348.831000
2349.445000
2350.688000
2352.545000
2353.175000
2353.789000
2354.402000
2365.427000
2366.041000
2366.654000
2367.284000
2367.898000
2369.141000
2369.754000
2370.384000
2370.998000
2371.628000
2372.241000
2372.855000
2373.485000
2374.098000
2374.728000
2375.342000
2375.955000
2376.585000
2377.198000
2377.828000
2378.442000
2379.055000
2379.685000
2380.299000
2380.929000
2381.542000
2382.156000
2382.786000
2383.399000
2384.012000
2384.642000
2385.256000
2385.886000
2386.499000
2387.113000
2387.743000
2388.356000
2388.986000
2389.600000
2390.213000
2390.843000
2391.457000
2392.087000
2392.700000
2393.313000
2393.943000
2394.557000
2395.187000
2395.800000
2396.414000
2397.044000
2397.657000
2398.287000
2398.901000
2399.514000
2400.144000
2400.757000
2401.387000
2402.001000
2402.614000
2403.244000
2403.858000
2405.101000
2405.715000
2406.958000
2407.588000
2408.202000
2408.815000
2409.445000
2410.688000
2411.302000
2411.915000
2412.545000
2413.159000
2413.789000
2414.402000
2426.041000
2426.654000
2427.284000
2427.898000
2428.528000
2429.141000
2429.755000
2430.998000
2431.628000
2432.241000
2432.855000
2433.485000
2434.098000
2434.728000
2435.342000
2435.955000
2436.585000
2437.199000
2437.829000
2438.442000
2439.685000
2440.929000
2441.542000
2442.156000
2442.786000
2443.399000
2444.013000
2445.256000
2445.886000
2446.499000
2447.113000
2447.743000
2448.356000
2448.986000
2449.600000
2450.213000
2450.843000
2451.457000
2452.087000
2452.700000
2453.314000
2453.944000
2454.557000
2455.187000
2455.800000
2456.414000
2457.044000
2458.287000
2458.901000
2459.514000
2460.144000
2460.758000
2461.388000
2462.001000
2462.614000
2463.858000
2464.488000
2465.101000
2465.715000
2466.345000
2466.958000
2467.588000
2468.202000
2468.815000
2469.445000
2470.059000
2470.689000
2471.302000
2471.915000
2473.159000
2473.789000
2474.402000
