310.672000
311.915000
313.142000
314.386000
315.629000
316.873000
318.116000
320.586000
321.830000
323.073000
324.300000
325.543000
326.787000
328.030000
330.501000
331.744000
332.987000
334.231000
335.474000
336.701000
337.945000
339.188000
341.675000
342.902000
345.389000
346.632000
347.876000
349.102000
350.346000
351.589000
352.833000
355.303000
357.790000
369.429000
371.915000
373.142000
374.386000
375.629000
376.873000
378.099000
379.343000
380.586000
381.830000
383.073000
384.300000
386.787000
388.030000
389.274000
390.501000
391.744000
392.988000
394.231000
395.474000
396.701000
397.945000
399.188000
400.432000
401.675000
402.902000
404.145000
405.389000
406.632000
407.876000
410.346000
411.589000
412.833000
414.060000
415.303000
416.547000
417.790000
429.429000
430.672000
431.916000
433.142000
434.386000
435.629000
438.100000
439.343000
440.586000
441.830000
443.073000
444.300000
448.031000
449.274000
450.501000
452.988000
454.231000
455.475000
456.701000
457.945000
460.432000
461.675000
462.902000
464.146000
465.389000
467.876000
471.590000
472.833000
475.303000
476.547000
477.790000
489.429000
491.916000
493.143000
494.386000
496.873000
498.100000
500.587000
501.830000
503.074000
505.544000
506.787000
508.031000
510.501000
511.744000
512.988000
514.231000
515.475000
516.702000
517.945000
519.189000
520.432000
521.675000
522.902000
524.146000
525.389000
526.633000
527.876000
530.346000
531.590000
532.833000
535.303000
536.547000
537.790000
550.672000
551.916000
554.386000
555.630000
556.873000
558.100000
559.343000
560.587000
561.830000
563.074000
564.301000
565.544000
566.787000
568.031000
570.501000
571.745000
572.988000
574.231000
575.475000
576.702000
577.945000
579.189000
581.676000
582.902000
584.146000
585.389000
586.633000
587.860000
590.346000
591.590000
592.833000
594.060000
595.304000
596.547000
597.791000
609.413000
610.656000
611.899000
613.143000
614.386000
615.613000
616.857000
618.100000
619.343000
620.587000
621.814000
623.057000
624.301000
625.544000
626.788000
628.014000
629.258000
630.501000
632.972000
635.458000
636.702000
637.945000
639.172000
640.416000
641.659000
642.903000
645.373000
646.616000
647.860000
649.103000
650.347000
651.573000
652.817000
654.060000
655.304000
656.547000
657.774000
669.429000
671.900000
673.143000
674.386000
675.630000
676.873000
678.100000
679.344000
681.830000
683.074000
684.301000
685.544000
688.031000
689.275000
690.501000
691.745000
692.988000
694.232000
696.702000
697.945000
699.189000
700.432000
702.903000
704.146000
705.390000
707.860000
709.103000
710.347000
711.590000
712.834000
714.060000
715.304000
716.547000
729.413000
730.656000
731.900000
733.143000
734.387000
735.613000
736.857000
738.100000
739.344000
740.587000
741.814000
743.057000
744.301000
745.544000
748.015000
749.258000
750.502000
751.745000
752.972000
754.215000
755.459000
757.946000
759.172000
760.416000
761.659000
762.903000
764.146000
765.373000
766.617000
767.860000
769.103000
770.347000
771.574000
774.061000
775.304000
776.547000
777.774000
789.430000
790.673000
791.900000
793.143000
794.387000
795.630000
796.874000
798.100000
799.344000
800.587000
801.831000
803.074000
804.301000
805.544000
806.788000
808.031000
810.502000
811.745000
812.989000
814.232000
815.475000
817.946000
819.189000
820.433000
821.676000
822.903000
824.146000
825.390000
826.633000
827.860000
829.104000
830.347000
831.590000
832.834000
835.304000
836.548000
837.791000
849.413000
850.656000
853.143000
854.387000
855.614000
856.857000
858.101000
859.344000
860.587000
861.814000
863.058000
864.301000
865.545000
866.788000
868.015000
869.258000
870.502000
871.745000
872.972000
874.216000
875.459000
877.946000
880.416000
881.660000
882.903000
885.373000
886.617000
887.860000
890.347000
891.574000
892.817000
894.061000
895.304000
896.548000
909.413000
910.657000
911.900000
913.144000
914.387000
915.614000
916.857000
918.101000
919.344000
920.588000
921.814000
923.058000
924.301000
925.545000
926.772000
928.015000
929.259000
930.502000
931.745000
932.972000
934.216000
935.459000
936.703000
937.946000
940.416000
942.903000
945.373000
946.617000
947.860000
949.104000
950.347000
951.574000
952.818000
955.304000
956.548000
957.775000
969.413000
970.657000
971.900000
973.144000
975.614000
976.857000
978.101000
979.344000
980.588000
981.815000
983.058000
984.301000
985.545000
986.772000
988.015000
989.259000
990.502000
991.746000
992.972000
994.216000
995.459000
996.703000
997.946000
999.173000
1002.903000
1004.147000
1005.374000
1006.617000
1007.861000
1009.104000
1010.347000
1011.574000
1012.818000
1014.061000
1015.305000
1016.548000
1017.775000
