1766.669000
1767.913000
1769.140000
1770.383000
1771.626000
1772.870000
1774.113000
1775.340000
1776.584000
1777.827000
1779.071000
1781.541000
1782.784000
1784.028000
1785.271000
1786.515000
1787.741000
1788.985000
1790.228000
1791.472000
1793.942000
1795.186000
1796.429000
1797.672000
1800.143000
1801.386000
1802.630000
1803.873000
1805.100000
1806.343000
1807.587000
1808.830000
1810.074000
1811.301000
1812.544000
1813.787000
1825.426000
1826.669000
1827.913000
1829.156000
1830.383000
1831.627000
1832.870000
1834.114000
1835.357000
1836.584000
1837.827000
1839.071000
1840.314000
1841.541000
1842.784000
1844.028000
1845.271000
1846.515000
1847.742000
1848.985000
1850.229000
1851.472000
1852.715000
1853.942000
1855.186000
1856.429000
1857.673000
1858.916000
1860.143000
1861.386000
1862.630000
1863.873000
1865.117000
1866.343000
1867.587000
1868.830000
1870.074000
1871.301000
1872.544000
1873.788000
1886.670000
1887.913000
1889.156000
1890.383000
1891.627000
1892.870000
1894.114000
1895.341000
1896.584000
1897.827000
1899.071000
1900.314000
1901.541000
1902.785000
1904.028000
1905.271000
1906.515000
1907.742000
1908.985000
1910.229000
1911.472000
1912.716000
1913.942000
1916.429000
1917.673000
1918.916000
1920.143000
1921.386000
1922.630000
1923.873000
1925.117000
1927.587000
1928.830000
1931.301000
1932.544000
1933.788000
1945.426000
1946.670000
1947.913000
1949.157000
1950.383000
1951.627000
1952.870000
1954.114000
1955.341000
1956.584000
1957.828000
1959.071000
1961.541000
1962.785000
1964.028000
1965.272000
1966.515000
1968.985000
1970.229000
1971.472000
1972.716000
1973.943000
1975.186000
1976.429000
1977.673000
1978.916000
1980.143000
1981.387000
1982.630000
1983.873000
1985.117000
1987.587000
1990.074000
1991.301000
1992.544000
1993.788000
2005.426000
2007.913000
2010.384000
2011.627000
2012.870000
2014.114000
2015.341000
2016.584000
2017.828000
2019.071000
2020.315000
2021.541000
2022.785000
2024.028000
2025.272000
2026.515000
2027.742000
2028.985000
2030.229000
2031.472000
2032.716000
2033.943000
2035.186000
2036.430000
2037.673000
2040.143000
2041.387000
2043.874000
2046.344000
2047.587000
2048.831000
2050.074000
2052.544000
2053.788000
2065.427000
2066.653000
2067.897000
2069.140000
2070.384000
2071.627000
2072.854000
2074.097000
2075.341000
2077.828000
2079.055000
2080.298000
2081.542000
2082.785000
2084.028000
2085.255000
2086.499000
2087.742000
2088.986000
2090.229000
2091.456000
2092.699000
2093.943000
2096.413000
2097.656000
2098.900000
2100.143000
2102.614000
2103.857000
2105.101000
2106.344000
2107.587000
2108.814000
2110.058000
2111.301000
2112.545000
2113.788000
2125.427000
2126.670000
2127.914000
2129.157000
2131.627000
2132.871000
2135.341000
2136.584000
2137.828000
2140.315000
2141.542000
2142.785000
2144.029000
2145.272000
2146.515000
2147.742000
2148.986000
2150.229000
2151.473000
2152.716000
2153.943000
2155.186000
2156.430000
2157.673000
2158.917000
2160.144000
2161.387000
2162.630000
2163.874000
2165.101000
2166.344000
2167.588000
2168.831000
2170.074000
2171.301000
2172.545000
2173.788000
2185.427000
2186.670000
2187.914000
2189.141000
2190.384000
2191.627000
2192.871000
2194.114000
2195.341000
2196.585000
2197.828000
2199.071000
2200.315000
2201.542000
2202.785000
2204.029000
2205.272000
2206.516000
2207.742000
2208.986000
2210.229000
2211.473000
2212.716000
2213.943000
2216.430000
2217.673000
2218.917000
2220.144000
2221.387000
2222.631000
2223.874000
2225.101000
2226.344000
2227.588000
2228.831000
2230.075000
2231.301000
2232.545000
2233.788000
2245.427000
2246.670000
2247.914000
2249.141000
2250.384000
2251.628000
2252.871000
2254.114000
2255.341000
2256.585000
2257.828000
2259.072000
2260.315000
2261.542000
2262.785000
2264.029000
2265.272000
2266.516000
2267.743000
2268.986000
2270.229000
2271.473000
2272.716000
2273.943000
2275.187000
2276.430000
2277.673000
2278.917000
2280.144000
2281.387000
2282.631000
2283.874000
2285.101000
2286.344000
2287.588000
2288.831000
2290.075000
2291.302000
2292.545000
2293.788000
2305.427000
2306.671000
2307.914000
2309.141000
2310.384000
2311.628000
2312.871000
2314.115000
2315.341000
2316.585000
2317.828000
2319.072000
2320.315000
2321.542000
2322.786000
2324.029000
2325.272000
2326.516000
2327.743000
2328.986000
2330.230000
2331.473000
2332.716000
2333.943000
2335.187000
2336.430000
2337.674000
2338.900000
2340.144000
2341.387000
2342.631000
2343.874000
2345.101000
2346.345000
2348.831000
2352.545000
2353.789000
2365.427000
2366.654000
2367.898000
2369.141000
2370.384000
2371.628000
2372.855000
2374.098000
2375.342000
2376.585000
2377.828000
2379.055000
2380.299000
2381.542000
2382.786000
2384.012000
2385.256000
2386.499000
2387.743000
2388.986000
2390.213000
2391.457000
2392.700000
2393.943000
2395.187000
2396.414000
2397.657000
2398.901000
2400.144000
2401.387000
2402.614000
2403.858000
2405.101000
2407.588000
2408.815000
2411.302000
2412.545000
2413.789000
2426.654000
2427.898000
2429.141000
2431.628000
2432.855000
2434.098000
2435.342000
2436.585000
2437.829000
2441.542000
2442.786000
2444.013000
2445.256000
2446.499000
2447.743000
2448.986000
2450.213000
2451.457000
2452.700000
2453.944000
2455.187000
2456.414000
2458.901000
2460.144000
2461.388000
2462.614000
2463.858000
2465.101000
2466.345000
2467.588000
2468.815000
2470.059000
2471.302000
2473.789000
