1039.274000
1041.761000
1043.005000
1046.718000
1047.962000
1049.205000
1051.676000
1052.919000
1054.162000
1055.406000
1057.876000
1060.363000
1062.833000
1065.320000
1066.564000
1067.807000
1069.034000
1070.277000
1072.764000
1074.008000
1080.192000
1081.435000
1082.679000
1083.922000
1085.165000
1086.392000
1099.274000
1100.518000
1103.005000
1105.475000
1106.718000
1107.962000
1112.919000
1115.406000
1120.363000
1121.607000
1125.320000
1129.034000
1130.278000
1131.521000
1134.008000
1135.235000
1137.722000
1140.192000
1141.435000
1143.922000
1145.166000
1159.275000
1160.518000
1161.761000
1163.005000
1166.719000
1167.962000
1169.205000
1170.432000
1171.676000
1172.919000
1174.163000
1176.633000
1181.607000
1184.077000
1185.320000
1186.564000
1187.807000
1189.034000
1190.278000
1192.765000
1194.008000
1195.235000
1196.478000
1197.722000
1198.965000
1200.192000
1201.435000
1203.922000
1205.166000
1218.048000
1219.275000
1220.518000
1221.762000
1223.005000
1224.232000
1229.206000
1230.432000
1231.676000
1232.919000
1235.406000
1236.633000
1240.363000
1241.607000
1242.834000
1244.077000
1247.807000
1249.034000
1250.278000
1251.521000
1252.765000
1253.992000
1257.722000
1260.192000
1261.436000
1266.393000
1280.518000
1284.232000
1286.719000
1289.206000
1290.433000
1291.676000
1292.919000
1294.163000
1296.633000
1297.877000
1300.364000
1301.607000
1302.834000
1304.077000
1306.564000
1307.808000
1310.278000
1312.765000
1315.235000
1316.479000
1317.722000
1318.965000
1322.679000
1323.923000
1339.275000
1340.518000
1341.762000
1344.232000
1345.476000
1347.962000
1349.206000
1351.676000
1352.920000
1355.407000
1357.877000
1360.364000
1362.834000
1364.077000
1366.564000
1367.808000
1370.278000
1372.765000
1375.235000
1376.479000
1377.722000
1380.192000
1382.679000
1383.923000
1385.166000
1386.393000
1398.032000
1401.762000
1403.005000
1405.476000
1406.719000
1407.963000
1410.433000
1411.676000
1412.920000
1414.163000
1415.407000
1417.877000
1421.607000
1422.834000
1424.078000
1425.321000
1429.035000
1431.522000
1432.765000
1433.992000
1435.235000
1437.722000
1438.966000
1441.436000
1442.679000
1443.923000
1446.393000
1458.032000
1459.275000
1460.519000
1461.762000
1463.006000
1464.232000
1465.476000
1467.963000
1474.163000
1477.877000
1479.121000
1480.364000
1484.078000
1485.321000
1487.808000
1489.035000
1490.278000
1491.522000
1493.992000
1495.235000
1496.479000
1498.966000
1500.193000
1501.436000
1506.393000
1518.032000
1520.519000
1521.762000
1524.233000
1525.476000
1526.719000
1527.963000
1529.206000
1530.433000
1531.677000
1532.920000
1534.163000
1536.634000
1540.364000
1541.608000
1542.834000
1544.078000
1545.321000
1546.565000
1547.792000
1549.035000
1550.278000
1552.765000
1556.479000
1558.966000
1560.193000
1561.436000
1562.680000
1563.923000
1578.032000
1579.275000
1581.762000
1583.006000
1586.720000
1587.963000
1589.206000
1592.920000
1594.164000
1597.877000
1599.121000
1600.364000
1604.078000
1605.321000
1606.565000
1610.279000
1612.765000
1613.992000
1615.236000
1616.479000
1617.723000
1618.966000
1620.193000
1621.436000
1625.167000
1638.032000
1639.276000
1640.519000
1641.762000
1643.006000
1645.476000
1646.720000
1650.433000
1651.677000
1655.407000
1656.634000
1659.121000
1661.608000
1664.078000
1665.322000
1666.565000
1667.792000
1669.035000
1671.522000
1672.766000
1673.992000
1675.236000
1676.479000
1678.966000
1681.437000
1682.680000
1685.167000
1686.394000
1699.276000
1700.519000
1703.006000
1704.233000
1705.476000
1706.720000
1709.207000
1711.677000
1714.164000
1715.407000
1716.634000
1717.878000
1720.364000
1721.608000
1722.835000
1725.322000
1726.565000
1727.792000
1729.035000
1730.279000
1737.723000
1740.193000
1741.437000
1742.680000
1743.924000
1746.394000
