1772.240000
1775.970000
1779.684000
1784.641000
1788.371000
1789.615000
1793.329000
1802.000000
1804.486000
1808.200000
1809.444000
1826.056000
1827.283000
1834.727000
1835.970000
1839.684000
1840.928000
1847.128000
1848.372000
1852.085000
1853.329000
1855.816000
1858.286000
1864.487000
1871.931000
1887.283000
1888.526000
1899.684000
1900.928000
1904.641000
1905.885000
1914.572000
1917.043000
1918.286000
1923.243000
1926.974000
1929.444000
1930.687000
1946.056000
1954.727000
1955.971000
1962.171000
1963.415000
1964.642000
1967.128000
1972.086000
1973.329000
1991.931000
2013.484000
2014.727000
2019.685000
2023.415000
2028.372000
2032.086000
2033.329000
2042.017000
2046.974000
2049.444000
2067.283000
2083.398000
2089.599000
2094.556000
2099.513000
2105.714000
2109.444000
2113.158000
2126.057000
2144.642000
2155.816000
2160.774000
2166.974000
2169.444000
2170.688000
2171.931000
2191.014000
2192.241000
2193.484000
2200.928000
2204.642000
2205.886000
2208.372000
2212.086000
2213.330000
2215.816000
2217.043000
2220.774000
2223.244000
2225.731000
2226.974000
2228.201000
2230.688000
2249.771000
2253.484000
2258.442000
2259.685000
2264.642000
2269.616000
2277.043000
2279.530000
2282.001000
2285.731000
2288.201000
2293.175000
2307.284000
2308.527000
2311.014000
2312.241000
2318.442000
2328.373000
2329.616000
2332.086000
2333.330000
2339.530000
2342.001000
2350.688000
2369.754000
2378.442000
2384.642000
2395.800000
2405.715000
2410.688000
2413.159000
2428.528000
2430.998000
2434.728000
2439.685000
2443.399000
2445.886000
2447.113000
2448.356000
2457.044000
2460.758000
2462.001000
2466.958000
2468.202000
2474.402000
