1044.248000
1050.432000
1056.633000
1059.120000
1061.606000
1064.077000
1071.521000
1075.235000
1076.478000
1077.721000
1078.965000
1098.048000
1101.761000
1104.232000
1110.432000
1111.676000
1114.163000
1116.633000
1122.833000
1124.077000
1127.807000
1132.764000
1136.478000
1142.679000
1146.392000
1158.048000
1164.232000
1165.475000
1177.876000
1179.120000
1180.363000
1182.834000
1191.521000
1202.679000
1206.393000
1225.475000
1226.719000
1227.962000
1234.163000
1237.877000
1239.120000
1255.235000
1256.478000
1258.965000
1262.679000
1265.166000
1279.275000
1281.762000
1283.005000
1285.475000
1287.962000
1299.120000
1305.321000
1309.034000
1311.521000
1313.992000
1320.192000
1321.436000
1325.166000
1338.048000
1343.005000
1346.719000
1350.433000
1354.163000
1361.607000
1378.966000
1381.436000
1400.519000
1404.232000
1409.206000
1416.633000
1419.120000
1420.364000
1426.564000
1430.278000
1440.193000
1445.166000
1466.719000
1469.206000
1470.433000
1471.676000
1476.634000
1482.834000
1497.722000
1502.680000
1505.166000
1519.275000
1523.006000
1535.407000
1539.121000
1551.522000
1553.992000
1565.167000
1584.233000
1585.476000
1590.433000
1591.677000
1595.407000
1596.634000
1601.608000
1602.835000
1607.792000
1609.035000
1622.680000
1623.923000
1626.394000
1644.233000
1652.920000
1654.164000
1662.835000
1683.923000
1701.763000
1710.434000
1712.920000
1719.121000
1732.766000
1733.993000
1735.236000
1736.479000
1738.966000
1745.167000
