312.529000
313.772000
317.486000
321.200000
322.443000
326.173000
336.088000
339.802000
341.045000
350.976000
355.933000
371.285000
375.016000
377.486000
378.730000
397.331000
398.575000
418.404000
432.529000
436.243000
444.930000
449.887000
454.845000
456.088000
458.575000
462.289000
464.776000
470.960000
475.933000
477.160000
499.973000
503.687000
529.733000
533.447000
552.529000
559.973000
562.444000
564.931000
567.401000
569.888000
572.375000
577.332000
587.246000
588.490000
616.243000
618.713000
621.200000
627.401000
629.888000
631.115000
642.273000
646.003000
653.447000
677.487000
679.974000
689.888000
692.375000
710.960000
732.513000
737.487000
749.872000
762.273000
764.760000
795.000000
798.731000
808.645000
821.046000
852.513000
855.000000
862.444000
863.688000
864.915000
866.158000
868.645000
873.602000
886.003000
887.247000
910.043000
922.444000
929.872000
938.559000
942.273000
943.517000
948.474000
949.717000
950.961000
954.674000
971.287000
982.445000
986.158000
993.602000
994.846000
1001.046000
1003.517000
1017.161000
