310.672000
311.285000
311.915000
312.529000
313.142000
313.772000
314.386000
315.629000
316.242000
316.873000
317.486000
318.116000
318.729000
319.973000
320.586000
321.200000
321.830000
322.443000
323.073000
323.687000
324.300000
324.930000
325.543000
326.173000
326.787000
327.400000
328.030000
328.644000
329.887000
330.501000
331.131000
331.744000
332.374000
332.987000
333.601000
334.231000
334.844000
335.474000
336.088000
336.701000
337.331000
337.945000
338.575000
339.188000
339.802000
341.045000
341.675000
342.288000
342.902000
343.532000
344.775000
345.389000
346.002000
346.632000
347.246000
347.876000
348.489000
349.102000
349.732000
350.346000
350.976000
351.589000
352.203000
352.833000
353.446000
354.690000
355.303000
355.933000
357.160000
357.790000
358.403000
369.429000
370.042000
371.285000
371.915000
372.529000
373.142000
373.772000
374.386000
375.016000
375.629000
376.243000
376.873000
377.486000
378.099000
378.730000
379.343000
379.973000
380.586000
381.200000
381.830000
382.443000
383.073000
383.687000
384.300000
386.174000
386.787000
387.400000
388.030000
388.644000
389.274000
389.887000
390.501000
391.131000
391.744000
392.374000
392.988000
394.231000
394.844000
395.474000
396.701000
397.331000
397.945000
398.575000
399.188000
399.802000
400.432000
401.045000
401.675000
402.289000
402.902000
403.532000
404.145000
405.389000
406.002000
406.632000
407.246000
407.876000
408.489000
409.733000
410.346000
410.976000
411.589000
412.203000
412.833000
413.446000
414.060000
415.303000
416.547000
417.160000
417.790000
418.404000
429.429000
430.672000
431.286000
431.916000
432.529000
433.142000
433.772000
434.386000
435.016000
435.629000
436.243000
437.486000
438.100000
438.730000
439.343000
439.973000
440.586000
441.200000
441.830000
443.073000
443.687000
444.300000
444.930000
447.401000
448.031000
448.644000
449.274000
449.887000
450.501000
451.131000
452.374000
452.988000
453.601000
454.231000
454.845000
455.475000
456.088000
456.701000
457.332000
457.945000
458.575000
459.802000
460.432000
461.675000
462.289000
462.902000
463.532000
464.146000
464.776000
465.389000
466.002000
467.246000
467.876000
468.489000
469.733000
470.960000
471.590000
472.203000
472.833000
473.446000
474.690000
475.303000
475.933000
476.547000
477.160000
477.790000
478.404000
489.429000
490.042000
491.286000
491.916000
492.529000
493.143000
493.773000
494.386000
495.016000
496.873000
497.486000
498.100000
498.730000
499.973000
500.587000
501.830000
502.444000
503.074000
503.687000
505.544000
506.787000
507.401000
508.031000
508.644000
509.888000
510.501000
511.131000
511.744000
512.374000
512.988000
513.601000
514.231000
514.845000
515.475000
516.088000
516.702000
517.332000
517.945000
518.575000
519.189000
519.802000
520.432000
521.045000
521.675000
522.289000
522.902000
523.532000
524.146000
524.776000
525.389000
526.003000
526.633000
527.246000
527.876000
528.489000
529.733000
530.346000
530.960000
531.590000
532.203000
532.833000
533.447000
534.690000
535.303000
535.933000
536.547000
537.790000
538.404000
550.042000
550.672000
551.286000
551.916000
552.529000
553.773000
554.386000
555.000000
555.630000
556.243000
556.873000
557.486000
558.100000
558.730000
559.343000
559.973000
560.587000
561.200000
561.830000
562.444000
563.074000
563.687000
564.301000
564.931000
565.544000
566.174000
566.787000
567.401000
568.031000
568.644000
569.888000
570.501000
571.131000
571.745000
572.375000
572.988000
574.231000
574.845000
575.475000
576.702000
577.332000
577.945000
578.575000
579.189000
579.802000
581.676000
582.289000
582.902000
584.146000
584.776000
585.389000
586.003000
586.633000
587.246000
587.860000
588.490000
590.346000
590.960000
591.590000
592.203000
592.833000
593.447000
594.060000
594.690000
595.304000
595.934000
596.547000
597.160000
597.791000
598.404000
609.413000
610.043000
610.656000
611.286000
611.899000
612.513000
613.143000
613.756000
614.386000
615.000000
615.613000
616.243000
616.857000
617.487000
618.100000
618.713000
619.343000
619.957000
620.587000
621.200000
621.814000
622.444000
623.057000
623.687000
624.301000
625.544000
626.158000
626.788000
627.401000
628.014000
629.258000
629.888000
630.501000
631.115000
632.358000
632.972000
633.602000
634.845000
635.458000
636.702000
637.315000
637.945000
638.559000
639.172000
639.802000
640.416000
641.046000
641.659000
642.273000
642.903000
644.759000
645.373000
646.003000
646.616000
647.246000
647.860000
649.103000
649.717000
650.347000
650.960000
651.573000
652.203000
652.817000
653.447000
654.060000
654.674000
655.304000
655.917000
656.547000
657.161000
657.774000
658.404000
669.429000
670.043000
671.286000
671.900000
672.530000
673.143000
673.773000
674.386000
675.000000
675.630000
676.243000
676.873000
677.487000
678.100000
678.730000
679.344000
679.974000
681.200000
681.830000
682.444000
683.074000
683.687000
684.301000
684.931000
685.544000
686.174000
687.401000
688.031000
688.645000
689.275000
689.888000
690.501000
691.745000
692.375000
692.988000
694.232000
694.845000
696.089000
696.702000
697.332000
697.945000
698.575000
699.189000
700.432000
701.046000
702.903000
703.533000
704.146000
704.760000
705.390000
706.003000
707.246000
707.860000
708.490000
709.103000
709.733000
710.347000
710.960000
711.590000
712.204000
712.834000
713.447000
714.060000
714.690000
715.304000
715.934000
716.547000
717.161000
729.413000
730.043000
730.656000
731.286000
731.900000
732.513000
733.143000
733.757000
734.387000
735.000000
735.613000
736.243000
736.857000
737.487000
738.100000
739.344000
739.957000
740.587000
741.201000
741.814000
742.444000
743.057000
743.687000
744.301000
744.914000
745.544000
746.158000
747.401000
748.015000
748.645000
749.258000
749.872000
750.502000
751.115000
751.745000
752.358000
752.972000
753.602000
754.215000
754.845000
755.459000
756.072000
757.316000
757.946000
759.172000
759.802000
760.416000
761.046000
761.659000
762.273000
762.903000
763.516000
764.146000
764.760000
765.373000
766.617000
767.247000
767.860000
768.473000
769.103000
769.717000
770.347000
770.960000
771.574000
772.204000
773.447000
774.061000
774.674000
775.304000
775.917000
776.547000
777.161000
777.774000
778.404000
789.430000
790.043000
790.673000
791.900000
792.530000
793.143000
794.387000
795.000000
795.630000
796.244000
796.874000
797.487000
798.100000
798.731000
799.344000
799.974000
800.587000
801.201000
801.831000
802.444000
803.074000
804.301000
804.931000
805.544000
806.788000
808.031000
808.645000
809.888000
810.502000
811.745000
812.375000
812.989000
813.602000
814.232000
814.845000
815.475000
816.089000
817.946000
818.576000
819.189000
819.803000
820.433000
821.046000
821.676000
822.289000
822.903000
823.533000
824.146000
824.760000
825.390000
826.003000
826.633000
827.247000
827.860000
829.104000
829.734000
830.347000
831.590000
832.204000
832.834000
833.447000
834.691000
835.304000
835.934000
836.548000
837.161000
837.791000
838.404000
849.413000
850.043000
850.656000
851.287000
852.513000
853.143000
853.757000
854.387000
855.000000
855.614000
856.857000
857.487000
858.101000
858.714000
859.344000
859.957000
860.587000
861.814000
862.444000
863.058000
863.688000
864.301000
864.915000
865.545000
866.158000
866.788000
867.401000
868.015000
868.645000
869.258000
869.872000
870.502000
871.115000
871.745000
872.359000
872.972000
873.602000
874.216000
874.846000
875.459000
876.072000
877.946000
878.559000
879.803000
880.416000
881.046000
881.660000
882.273000
882.903000
883.516000
884.760000
885.373000
886.003000
886.617000
887.247000
887.860000
888.474000
889.717000
890.347000
890.961000
891.574000
892.204000
892.817000
893.447000
894.061000
894.674000
895.304000
895.918000
896.548000
897.161000
898.405000
909.413000
910.043000
910.657000
911.287000
911.900000
912.514000
913.144000
913.757000
914.387000
915.000000
915.614000
916.244000
916.857000
917.487000
918.101000
918.714000
919.344000
919.958000
920.588000
921.201000
921.814000
922.444000
923.058000
923.688000
924.301000
924.915000
925.545000
926.158000
926.772000
927.402000
928.015000
928.645000
929.259000
929.872000
930.502000
931.115000
931.745000
932.359000
932.972000
933.602000
934.216000
934.846000
935.459000
936.073000
936.703000
937.316000
937.946000
938.559000
939.803000
940.416000
942.273000
942.903000
943.517000
944.760000
945.373000
946.003000
946.617000
947.247000
947.860000
948.474000
949.104000
949.717000
950.347000
950.961000
951.574000
952.204000
952.818000
953.448000
954.674000
955.304000
955.918000
956.548000
957.161000
957.775000
958.405000
969.413000
970.043000
970.657000
971.287000
971.900000
972.514000
973.144000
973.757000
975.001000
975.614000
976.857000
977.487000
978.101000
978.714000
979.344000
979.958000
980.588000
981.201000
981.815000
982.445000
983.058000
983.688000
984.301000
984.915000
985.545000
986.158000
986.772000
987.402000
988.015000
988.645000
989.259000
989.872000
990.502000
991.746000
992.359000
992.972000
993.602000
994.216000
994.846000
995.459000
996.073000
996.703000
997.316000
997.946000
998.560000
999.173000
999.803000
1001.046000
1002.273000
1002.903000
1003.517000
1004.147000
1004.760000
1005.374000
1006.004000
1006.617000
1007.861000
1009.104000
1009.717000
1010.347000
1010.961000
1011.574000
1012.204000
1012.818000
1013.448000
1014.061000
1014.675000
1015.305000
1016.548000
1017.161000
1017.775000
1018.405000
