311.285000
316.242000
318.729000
319.973000
323.687000
324.930000
327.400000
328.644000
329.887000
331.131000
332.374000
333.601000
334.844000
337.331000
338.575000
342.288000
343.532000
344.775000
346.002000
347.246000
348.489000
349.732000
352.203000
353.446000
354.690000
357.160000
358.403000
370.042000
372.529000
373.772000
376.243000
379.973000
381.200000
382.443000
383.687000
386.174000
387.400000
388.644000
389.887000
391.131000
392.374000
394.844000
399.802000
401.045000
402.289000
403.532000
406.002000
407.246000
408.489000
409.733000
410.976000
412.203000
413.446000
417.160000
431.286000
433.772000
435.016000
437.486000
438.730000
439.973000
441.200000
443.687000
447.401000
448.644000
451.131000
452.374000
453.601000
457.332000
459.802000
463.532000
466.002000
467.246000
468.489000
469.733000
472.203000
473.446000
474.690000
478.404000
490.042000
491.286000
492.529000
493.773000
495.016000
497.486000
498.730000
502.444000
507.401000
508.644000
509.888000
511.131000
512.374000
513.601000
514.845000
516.088000
517.332000
518.575000
519.802000
521.045000
522.289000
523.532000
524.776000
526.003000
527.246000
528.489000
530.960000
532.203000
534.690000
535.933000
538.404000
550.042000
551.286000
553.773000
555.000000
556.243000
557.486000
558.730000
561.200000
563.687000
566.174000
568.644000
571.131000
574.845000
578.575000
579.802000
582.289000
584.776000
586.003000
590.960000
592.203000
593.447000
594.690000
595.934000
597.160000
598.404000
610.043000
611.286000
612.513000
613.756000
615.000000
617.487000
619.957000
622.444000
623.687000
626.158000
632.358000
633.602000
634.845000
637.315000
638.559000
639.802000
641.046000
644.759000
647.246000
649.717000
650.960000
652.203000
654.674000
655.917000
657.161000
658.404000
670.043000
671.286000
672.530000
673.773000
675.000000
676.243000
678.730000
681.200000
682.444000
683.687000
684.931000
686.174000
687.401000
688.645000
694.845000
696.089000
697.332000
698.575000
701.046000
703.533000
704.760000
706.003000
707.246000
708.490000
709.733000
712.204000
713.447000
714.690000
715.934000
717.161000
730.043000
731.286000
733.757000
735.000000
736.243000
739.957000
741.201000
742.444000
743.687000
744.914000
746.158000
747.401000
748.645000
751.115000
752.358000
753.602000
754.845000
756.072000
757.316000
759.802000
761.046000
763.516000
767.247000
768.473000
769.717000
770.960000
772.204000
773.447000
774.674000
775.917000
777.161000
778.404000
790.043000
792.530000
796.244000
797.487000
799.974000
801.201000
802.444000
804.931000
809.888000
812.375000
813.602000
814.845000
816.089000
818.576000
819.803000
822.289000
823.533000
824.760000
826.003000
827.247000
829.734000
832.204000
833.447000
834.691000
835.934000
837.161000
838.404000
850.043000
851.287000
853.757000
857.487000
858.714000
859.957000
867.401000
869.872000
871.115000
872.359000
874.846000
876.072000
878.559000
879.803000
881.046000
882.273000
883.516000
884.760000
888.474000
889.717000
890.961000
892.204000
893.447000
894.674000
895.918000
897.161000
898.405000
911.287000
912.514000
913.757000
915.000000
916.244000
917.487000
918.714000
919.958000
921.201000
923.688000
924.915000
926.158000
927.402000
928.645000
931.115000
932.359000
933.602000
934.846000
936.073000
937.316000
939.803000
944.760000
946.003000
947.247000
952.204000
953.448000
955.918000
957.161000
958.405000
970.043000
972.514000
973.757000
975.001000
977.487000
978.714000
979.958000
981.201000
983.688000
984.915000
987.402000
988.645000
989.872000
992.359000
996.073000
997.316000
998.560000
999.803000
1002.273000
1004.760000
1006.004000
1009.717000
1010.961000
1012.204000
1013.448000
1014.675000
1018.405000
