1767.283000
1768.526000
1771.013000
1773.483000
1774.727000
1777.214000
1778.441000
1780.927000
1782.171000
1783.414000
1785.885000
1787.128000
1790.842000
1792.085000
1795.816000
1797.042000
1798.286000
1799.529000
1803.243000
1805.730000
1806.973000
1810.687000
1811.931000
1814.401000
1828.526000
1829.770000
1831.013000
1832.257000
1833.483000
1838.441000
1842.171000
1843.414000
1844.641000
1845.885000
1850.842000
1854.572000
1859.529000
1860.773000
1862.016000
1863.243000
1865.730000
1866.973000
1868.217000
1869.444000
1870.687000
1874.401000
1886.056000
1889.770000
1891.013000
1892.257000
1893.484000
1894.727000
1895.971000
1897.214000
1898.441000
1902.171000
1903.415000
1907.128000
1908.372000
1910.842000
1913.329000
1915.816000
1919.530000
1920.773000
1924.487000
1925.730000
1928.217000
1931.931000
1933.174000
1934.401000
1947.283000
1949.770000
1952.240000
1953.484000
1958.441000
1959.684000
1960.928000
1965.885000
1968.372000
1969.615000
1970.842000
1974.573000
1975.816000
1977.043000
1978.286000
1980.773000
1982.017000
1983.243000
1984.487000
1985.730000
1986.974000
1988.201000
1989.444000
1990.687000
1993.174000
1994.401000
2006.056000
2007.283000
2008.527000
2009.770000
2011.014000
2012.257000
2015.971000
2017.214000
2018.441000
2020.928000
2022.171000
2025.885000
2027.129000
2029.615000
2030.842000
2034.573000
2035.816000
2037.043000
2040.773000
2043.244000
2044.487000
2045.730000
2048.201000
2050.688000
2051.931000
2053.175000
2054.401000
2066.040000
2068.527000
2069.754000
2070.997000
2072.241000
2073.484000
2074.727000
2077.198000
2078.441000
2079.685000
2082.155000
2084.642000
2085.885000
2087.129000
2090.842000
2092.086000
2093.313000
2095.800000
2097.043000
2098.287000
2100.757000
2102.000000
2103.244000
2104.487000
2106.957000
2108.201000
2110.688000
2111.915000
2114.402000
2127.284000
2128.527000
2129.771000
2133.484000
2134.728000
2135.971000
2137.214000
2138.441000
2139.685000
2142.172000
2143.415000
2145.885000
2148.372000
2149.616000
2150.843000
2153.329000
2154.573000
2157.043000
2158.287000
2159.530000
2162.017000
2163.244000
2164.487000
2165.731000
2168.201000
2173.175000
2174.402000
2186.057000
2187.284000
2188.527000
2189.771000
2194.728000
2197.215000
2198.441000
2202.172000
2203.415000
2207.129000
2210.843000
2214.573000
2218.287000
2219.530000
2224.487000
2229.445000
2231.931000
2233.175000
2246.057000
2248.527000
2251.014000
2252.241000
2254.728000
2257.215000
2260.928000
2263.415000
2265.886000
2267.129000
2270.843000
2272.086000
2275.817000
2278.287000
2280.774000
2283.244000
2284.488000
2286.974000
2289.445000
2290.688000
2291.932000
2294.402000
2306.040000
2309.771000
2313.485000
2314.728000
2315.971000
2319.685000
2320.929000
2323.416000
2324.642000
2325.886000
2327.129000
2334.573000
2335.817000
2337.044000
2338.287000
2340.774000
2343.244000
2344.488000
2345.731000
2346.975000
2348.201000
2349.445000
2353.175000
2354.402000
2366.041000
2367.284000
2370.998000
2372.241000
2373.485000
2374.728000
2375.955000
2377.198000
2379.685000
2380.929000
2382.156000
2383.399000
2385.886000
2387.113000
2388.356000
2389.600000
2390.843000
2392.087000
2393.313000
2394.557000
2397.044000
2398.287000
2399.514000
2400.757000
2402.001000
2403.244000
2406.958000
2408.202000
2409.445000
2411.915000
2414.402000
2426.041000
2427.284000
2429.755000
2432.241000
2433.485000
2435.955000
2437.199000
2438.442000
2440.929000
2442.156000
2449.600000
2450.843000
2452.087000
2453.314000
2454.557000
2455.800000
2458.287000
2459.514000
2464.488000
2465.715000
2469.445000
2470.689000
2471.915000
2473.159000
