1039.283000
1040.527000
1041.753000
1044.240000
1045.484000
1046.727000
1047.954000
1050.441000
1051.684000
1052.928000
1054.155000
1055.398000
1056.642000
1059.112000
1060.355000
1061.599000
1062.842000
1064.086000
1065.312000
1066.556000
1067.799000
1069.043000
1070.286000
1071.513000
1074.000000
1075.243000
1080.201000
1081.444000
1082.687000
1083.914000
1085.158000
1099.283000
1101.754000
1102.997000
1104.240000
1106.727000
1109.198000
1110.441000
1111.684000
1112.928000
1114.155000
1115.398000
1116.642000
1119.112000
1122.842000
1124.086000
1125.313000
1127.799000
1130.286000
1131.513000
1132.757000
1136.487000
1137.714000
1138.957000
1140.201000
1141.444000
1143.914000
1145.158000
1146.401000
1158.040000
1159.283000
1160.527000
1162.997000
1164.241000
1165.484000
1167.954000
1169.198000
1171.685000
1172.928000
1175.398000
1176.642000
1177.885000
1179.112000
1180.356000
1182.842000
1184.086000
1185.313000
1187.800000
1189.043000
1190.286000
1191.513000
1194.000000
1195.244000
1198.957000
1200.201000
1202.688000
1206.402000
1218.040000
1220.527000
1222.997000
1224.241000
1225.484000
1226.728000
1227.954000
1229.198000
1230.441000
1231.685000
1234.155000
1235.399000
1236.642000
1237.885000
1239.112000
1240.356000
1245.313000
1249.043000
1250.287000
1252.757000
1255.244000
1256.487000
1257.714000
1261.444000
1262.688000
1263.915000
1265.158000
1266.402000
1279.284000
1280.527000
1281.754000
1282.997000
1284.241000
1285.484000
1286.728000
1287.955000
1289.198000
1290.442000
1292.912000
1294.155000
1297.886000
1299.112000
1302.843000
1304.086000
1306.557000
1309.043000
1310.287000
1311.514000
1314.001000
1315.244000
1316.487000
1317.714000
1318.958000
1321.445000
1322.671000
1323.915000
1325.158000
1326.402000
1338.040000
1339.284000
1340.527000
1342.998000
1344.241000
1346.728000
1349.198000
1350.442000
1352.912000
1354.155000
1355.399000
1359.113000
1360.356000
1361.599000
1362.843000
1364.086000
1365.313000
1366.557000
1367.800000
1369.044000
1370.287000
1371.514000
1372.757000
1374.001000
1376.488000
1377.714000
1380.201000
1381.445000
1382.672000
1383.915000
1399.284000
1400.527000
1401.754000
1404.241000
1406.712000
1407.955000
1409.198000
1411.685000
1414.156000
1415.399000
1416.642000
1417.886000
1419.113000
1420.356000
1422.843000
1425.313000
1426.557000
1429.044000
1430.287000
1431.514000
1434.001000
1435.244000
1437.715000
1438.958000
1441.445000
1442.672000
1445.159000
1446.402000
1458.041000
1461.754000
1462.998000
1464.241000
1465.485000
1466.712000
1467.955000
1469.199000
1470.442000
1471.685000
1472.912000
1474.156000
1479.113000
1480.356000
1481.600000
1485.314000
1486.557000
1487.800000
1489.044000
1491.514000
1492.758000
1494.001000
1496.488000
1497.715000
1498.958000
1500.202000
1502.672000
1503.915000
1505.159000
1506.402000
1518.041000
1519.284000
1520.528000
1521.755000
1522.998000
1524.242000
1527.955000
1529.199000
1530.442000
1531.686000
1532.912000
1534.156000
1535.399000
1536.643000
1537.886000
1540.357000
1542.843000
1544.087000
1546.557000
1547.801000
1550.287000
1551.514000
1554.001000
1555.245000
1560.202000
1562.672000
1563.916000
1566.402000
1578.041000
1579.285000
1580.528000
1581.755000
1582.998000
1584.242000
1585.485000
1587.955000
1590.442000
1591.686000
1592.913000
1594.156000
1595.399000
1597.886000
1599.113000
1600.357000
1601.600000
1602.844000
1604.087000
1605.314000
1607.801000
1609.044000
1610.288000
1614.001000
1616.472000
1618.959000
1623.916000
1625.159000
1638.041000
1639.285000
1641.755000
1644.242000
1645.485000
1646.712000
1651.686000
1654.156000
1655.400000
1656.643000
1659.113000
1660.357000
1661.600000
1662.844000
1664.087000
1666.557000
1667.801000
1669.044000
1671.515000
1674.002000
1678.959000
1680.202000
1681.446000
1699.285000
1700.512000
1702.999000
1705.485000
1706.712000
1707.956000
1709.199000
1710.443000
1714.156000
1715.400000
1716.643000
1717.887000
1719.114000
1720.357000
1721.600000
1722.844000
1724.087000
1725.314000
1726.558000
1727.801000
1729.045000
1731.515000
1735.245000
1737.715000
1738.959000
1743.916000
1745.160000
1746.403000
