310.676000
311.903000
313.146000
314.389000
315.633000
316.876000
318.103000
319.347000
320.590000
321.833000
323.077000
324.304000
325.547000
326.791000
328.034000
329.261000
330.504000
331.748000
332.991000
334.235000
335.462000
336.705000
337.948000
339.192000
340.435000
341.662000
342.906000
344.149000
345.393000
346.636000
347.863000
349.106000
350.350000
351.593000
352.837000
354.063000
355.307000
356.550000
357.794000
369.432000
370.676000
371.903000
373.146000
374.390000
375.633000
376.860000
378.103000
379.347000
380.590000
381.834000
383.060000
384.304000
385.547000
386.791000
388.034000
389.261000
390.505000
391.748000
392.991000
394.235000
395.462000
396.705000
397.949000
399.192000
400.436000
401.662000
402.906000
404.149000
405.393000
406.620000
407.863000
409.106000
410.350000
411.593000
412.820000
414.064000
415.307000
416.551000
417.794000
429.433000
430.676000
431.903000
433.146000
434.390000
435.633000
436.860000
438.103000
439.347000
440.590000
441.834000
443.061000
444.304000
445.548000
446.791000
448.034000
449.261000
450.505000
451.748000
452.992000
454.235000
455.462000
456.705000
457.949000
459.192000
460.436000
461.663000
462.906000
464.149000
465.393000
466.636000
467.863000
469.107000
470.350000
471.593000
472.837000
474.064000
475.307000
476.551000
477.794000
489.433000
490.676000
491.903000
493.146000
494.390000
495.633000
496.877000
498.104000
499.347000
500.591000
501.834000
503.061000
504.304000
505.548000
506.791000
508.035000
509.261000
510.505000
511.748000
512.992000
514.235000
515.462000
516.706000
517.949000
519.192000
520.436000
521.663000
522.906000
524.150000
525.393000
526.636000
527.863000
529.107000
530.350000
531.594000
532.821000
534.064000
535.307000
536.551000
537.794000
549.433000
550.676000
551.903000
553.147000
554.390000
555.634000
558.104000
559.347000
560.591000
561.834000
563.061000
564.304000
565.548000
566.791000
568.035000
569.262000
570.505000
571.749000
572.992000
574.235000
575.462000
576.706000
579.193000
580.436000
581.663000
582.906000
584.150000
585.393000
586.637000
587.863000
589.107000
590.350000
591.594000
592.821000
594.064000
595.308000
597.794000
609.433000
610.677000
611.903000
613.147000
614.390000
615.634000
616.861000
618.104000
619.347000
620.591000
621.834000
623.061000
624.305000
625.548000
629.262000
630.505000
631.749000
632.992000
634.236000
635.462000
636.706000
637.949000
639.193000
640.436000
641.663000
642.906000
644.150000
645.393000
646.637000
647.864000
649.107000
650.351000
651.594000
652.821000
654.064000
655.308000
656.551000
657.795000
669.433000
670.677000
671.904000
673.147000
674.390000
675.634000
676.861000
678.104000
679.348000
680.591000
681.834000
683.061000
684.305000
685.548000
686.792000
688.035000
689.262000
690.505000
691.749000
692.992000
694.236000
695.463000
696.706000
697.949000
699.193000
700.436000
701.663000
702.907000
704.150000
705.394000
706.637000
707.864000
709.107000
710.351000
711.594000
712.821000
714.064000
715.308000
716.551000
717.795000
729.417000
730.660000
731.904000
733.147000
734.374000
735.617000
736.861000
738.104000
739.348000
740.575000
741.818000
743.061000
744.305000
745.548000
746.775000
748.019000
749.262000
750.506000
751.749000
752.976000
754.219000
755.463000
756.706000
757.933000
759.176000
760.420000
761.663000
762.907000
764.134000
765.377000
766.621000
767.864000
769.107000
770.334000
771.578000
772.821000
774.065000
775.308000
776.535000
777.778000
789.417000
790.660000
791.904000
793.147000
794.374000
795.618000
796.861000
798.104000
799.348000
800.575000
801.818000
803.062000
804.305000
805.549000
808.019000
809.262000
810.506000
811.733000
812.976000
814.219000
815.463000
816.706000
817.933000
819.177000
820.420000
821.664000
822.907000
824.134000
825.377000
826.621000
827.864000
829.108000
830.334000
831.578000
832.821000
834.065000
835.308000
836.535000
837.779000
849.417000
850.661000
851.904000
853.147000
854.374000
855.618000
856.861000
858.105000
859.348000
860.575000
861.818000
863.062000
864.305000
865.549000
866.776000
868.019000
869.262000
870.506000
871.733000
872.976000
874.220000
875.463000
876.707000
877.933000
879.177000
880.420000
882.907000
884.134000
885.377000
886.621000
887.864000
889.108000
890.335000
891.578000
892.822000
894.065000
895.308000
896.535000
897.779000
909.417000
910.661000
911.904000
913.148000
914.374000
915.618000
916.861000
918.105000
919.348000
920.575000
921.819000
923.062000
924.305000
925.549000
928.019000
929.263000
930.506000
931.733000
932.976000
934.220000
935.463000
936.707000
937.934000
939.177000
940.420000
941.664000
942.907000
944.134000
945.378000
946.621000
947.864000
949.108000
950.335000
951.578000
952.822000
954.065000
955.309000
956.535000
957.779000
969.417000
970.661000
971.904000
973.148000
974.375000
975.618000
976.862000
978.105000
979.348000
980.575000
981.819000
983.062000
984.306000
985.549000
986.776000
988.019000
989.263000
990.506000
991.733000
992.977000
994.220000
995.463000
996.707000
997.934000
999.177000
1000.421000
1001.664000
1002.907000
1004.134000
1005.378000
1007.865000
1009.108000
1010.335000
1011.578000
1014.065000
1015.309000
1017.779000
