311.289000
315.003000
316.246000
317.490000
322.447000
323.690000
328.648000
333.605000
337.335000
343.536000
349.736000
352.207000
355.937000
372.533000
376.246000
378.733000
382.447000
386.161000
388.648000
393.605000
397.335000
402.292000
406.006000
408.493000
409.720000
410.963000
442.447000
446.161000
447.404000
452.362000
467.250000
468.493000
473.450000
478.408000
502.447000
504.934000
509.891000
516.092000
524.763000
527.250000
562.448000
563.691000
564.934000
567.405000
569.892000
573.605000
574.849000
576.092000
589.737000
593.451000
594.694000
595.921000
597.164000
610.046000
611.290000
616.247000
618.734000
623.691000
624.935000
626.161000
628.648000
631.135000
641.050000
646.007000
648.494000
653.451000
676.247000
679.961000
681.204000
683.691000
686.162000
694.849000
701.050000
703.537000
706.007000
707.250000
714.695000
733.761000
736.247000
744.918000
751.119000
763.520000
766.007000
770.964000
772.208000
775.921000
778.408000
791.274000
792.517000
793.761000
801.205000
806.162000
811.119000
817.320000
821.034000
823.520000
828.478000
829.721000
835.922000
838.409000
851.274000
853.761000
858.718000
866.162000
874.833000
876.076000
878.563000
892.208000
893.435000
912.518000
915.004000
917.475000
921.205000
926.162000
934.833000
941.034000
942.277000
947.234000
950.965000
958.409000
970.047000
976.248000
977.475000
984.919000
988.633000
991.120000
993.607000
996.077000
1003.521000
1004.764000
1009.721000
1014.679000
