1767.272000
1768.516000
1769.759000
1771.003000
1772.246000
1773.473000
1775.960000
1777.203000
1778.447000
1780.917000
1783.404000
1784.647000
1787.118000
1789.605000
1792.075000
1793.318000
1794.562000
1795.805000
1797.032000
1798.276000
1800.762000
1802.006000
1803.233000
1804.476000
1805.720000
1806.963000
1808.207000
1811.920000
1813.164000
1814.407000
1826.046000
1827.273000
1828.516000
1829.759000
1831.003000
1832.246000
1833.473000
1834.717000
1835.960000
1837.204000
1838.447000
1840.917000
1842.161000
1843.404000
1844.648000
1845.874000
1847.118000
1848.361000
1849.605000
1850.832000
1852.075000
1853.319000
1854.562000
1857.032000
1859.519000
1862.006000
1863.233000
1864.476000
1865.720000
1866.963000
1869.434000
1870.677000
1873.164000
1874.407000
1886.046000
1887.273000
1888.516000
1891.003000
1893.473000
1894.717000
1895.960000
1897.204000
1898.447000
1900.917000
1902.161000
1904.648000
1908.362000
1909.605000
1910.832000
1912.075000
1913.319000
1917.032000
1918.276000
1920.763000
1922.006000
1923.233000
1924.477000
1925.720000
1926.963000
1928.207000
1929.434000
1931.921000
1933.164000
1946.046000
1947.273000
1948.516000
1949.760000
1951.003000
1952.247000
1953.474000
1954.717000
1958.447000
1959.674000
1960.918000
1962.161000
1963.404000
1964.648000
1965.875000
1967.118000
1968.362000
1969.605000
1974.562000
1975.806000
1977.033000
1978.276000
1979.519000
1982.006000
1983.233000
1984.477000
1985.720000
1986.964000
1989.434000
1990.677000
1991.921000
1993.164000
1994.408000
2006.046000
2008.517000
2012.247000
2013.474000
2014.717000
2015.961000
2017.204000
2018.447000
2019.674000
2020.918000
2022.161000
2023.405000
2024.632000
2025.875000
2027.118000
2028.362000
2029.605000
2030.832000
2032.076000
2033.319000
2034.562000
2035.806000
2037.033000
2038.276000
2042.007000
2043.233000
2044.477000
2045.720000
2049.434000
2050.677000
2053.164000
2054.408000
2067.273000
2069.760000
2071.004000
2073.474000
2074.717000
2075.961000
2077.204000
2078.448000
2079.674000
2082.161000
2083.405000
2084.632000
2085.875000
2087.119000
2089.605000
2090.832000
2092.076000
2093.319000
2097.033000
2099.520000
2100.763000
2102.007000
2103.234000
2104.477000
2105.720000
2106.964000
2108.207000
2109.434000
2110.678000
2111.921000
2113.165000
2114.408000
2126.047000
2127.273000
2128.517000
2131.004000
2132.247000
2134.717000
2135.961000
2137.204000
2140.918000
2142.162000
2143.405000
2144.632000
2147.119000
2148.362000
2149.606000
2150.832000
2152.076000
2153.319000
2154.563000
2155.806000
2158.277000
2159.520000
2162.007000
2163.234000
2164.477000
2165.721000
2166.964000
2170.678000
2171.921000
2173.165000
2174.392000
2186.047000
2187.274000
2188.517000
2192.247000
2193.474000
2194.718000
2195.961000
2197.205000
2198.448000
2200.918000
2202.162000
2204.632000
2205.875000
2207.119000
2208.362000
2210.833000
2212.076000
2214.563000
2215.806000
2219.520000
2220.764000
2222.007000
2224.477000
2225.721000
2226.964000
2228.208000
2229.435000
2230.678000
2233.165000
2246.047000
2247.274000
2248.517000
2251.004000
2254.718000
2255.961000
2257.205000
2258.432000
2260.918000
2262.162000
2263.405000
2264.632000
2265.876000
2267.119000
2268.363000
2269.606000
2272.076000
2274.563000
2275.807000
2278.277000
2280.764000
2282.007000
2283.234000
2284.478000
2286.964000
2288.208000
2290.678000
2291.922000
2293.165000
2294.392000
2306.047000
2307.274000
2309.761000
2311.004000
2312.248000
2313.475000
2314.718000
2317.205000
2318.432000
2322.162000
2323.405000
2328.363000
2329.606000
2330.833000
2332.076000
2333.320000
2334.563000
2335.807000
2337.034000
2338.277000
2342.007000
2343.234000
2344.478000
2345.721000
2346.965000
2349.435000
2351.922000
2367.274000
2368.518000
2369.761000
2371.004000
2372.248000
2374.718000
2375.962000
2377.205000
2378.432000
2379.675000
2380.919000
2382.162000
2383.406000
2387.119000
2388.363000
2390.833000
2392.077000
2393.320000
2394.563000
2395.807000
2397.034000
2398.277000
2400.764000
2402.008000
2405.721000
2406.965000
2409.435000
2411.922000
2413.165000
2427.274000
2434.718000
2435.962000
2437.205000
2439.675000
2442.162000
2444.633000
2445.876000
2447.120000
2450.833000
2452.077000
2453.320000
2454.564000
2455.807000
2457.034000
2459.521000
2462.008000
2463.235000
2464.478000
2465.721000
2466.965000
2468.192000
2469.435000
2470.679000
2471.922000
