1034.326000
1034.939000
1035.553000
1036.183000
1036.796000
1037.426000
1038.040000
1038.653000
1039.283000
1039.897000
1040.527000
1041.140000
1041.753000
1042.383000
1042.997000
1043.627000
1044.240000
1044.854000
1045.484000
1046.097000
1046.727000
1047.341000
1047.954000
1048.584000
1049.197000
1049.827000
1050.441000
1051.054000
1051.684000
1052.298000
1052.928000
1053.541000
1054.155000
1054.785000
1055.398000
1056.028000
1056.642000
1057.255000
1057.885000
1058.498000
1059.112000
1059.742000
1060.355000
1060.985000
1061.599000
1062.212000
1062.842000
1063.456000
1064.086000
1064.699000
1065.312000
1065.942000
1066.556000
1067.186000
1067.799000
1068.413000
1069.043000
1069.656000
1070.286000
1070.900000
1071.513000
1072.143000
1072.756000
1073.386000
1074.000000
1074.613000
1075.243000
1075.857000
1076.487000
1077.100000
1077.714000
1078.344000
1078.957000
1079.587000
1080.201000
1080.814000
1081.444000
1082.057000
1082.687000
1083.301000
1083.914000
1084.544000
1085.158000
1085.788000
1086.401000
1094.326000
1094.939000
1095.553000
1096.183000
1096.796000
1097.426000
1098.040000
1098.653000
1099.283000
1099.897000
1100.527000
1101.140000
1101.754000
1102.384000
1102.997000
1103.627000
1104.240000
1104.854000
1105.484000
1106.097000
1106.727000
1107.341000
1107.954000
1108.584000
1109.198000
1109.828000
1110.441000
1111.054000
1111.684000
1112.298000
1112.928000
1113.541000
1114.155000
1114.785000
1115.398000
1116.012000
1116.642000
1117.255000
1117.885000
1118.499000
1119.112000
1119.742000
1120.355000
1120.985000
1121.599000
1122.212000
1122.842000
1123.456000
1124.086000
1124.699000
1125.313000
1125.943000
1126.556000
1127.186000
1127.799000
1128.413000
1129.043000
1129.656000
1130.286000
1130.900000
1131.513000
1132.143000
1132.757000
1133.387000
1134.000000
1134.613000
1135.244000
1135.857000
1136.487000
1137.100000
1137.714000
1138.344000
1138.957000
1139.587000
1140.201000
1140.814000
1141.444000
1142.058000
1142.688000
1143.301000
1143.914000
1144.544000
1145.158000
1145.788000
1146.401000
1154.326000
1154.940000
1155.553000
1156.183000
1156.796000
1157.426000
1158.040000
1158.653000
1159.283000
1159.897000
1160.527000
1161.140000
1161.754000
1162.384000
1162.997000
1163.627000
1164.241000
1164.854000
1165.484000
1166.097000
1166.727000
1167.341000
1167.954000
1168.584000
1169.198000
1169.828000
1170.441000
1171.055000
1171.685000
1172.298000
1172.928000
1173.542000
1174.155000
1174.785000
1175.398000
1176.012000
1176.642000
1177.255000
1177.885000
1178.499000
1179.112000
1179.742000
1180.356000
1180.986000
1181.599000
1182.212000
1182.842000
1183.456000
1184.086000
1184.699000
1185.313000
1185.943000
1186.556000
1187.186000
1187.800000
1188.413000
1189.043000
1189.657000
1190.286000
1190.900000
1191.513000
1192.143000
1192.757000
1193.387000
1194.000000
1194.614000
1195.244000
1195.857000
1196.487000
1197.101000
1197.714000
1198.344000
1198.957000
1199.587000
1200.201000
1200.814000
1201.444000
1202.058000
1202.688000
1203.301000
1203.915000
1204.545000
1205.158000
1205.788000
1206.402000
1214.326000
1214.940000
1215.553000
1216.183000
1216.797000
1217.427000
1218.040000
1218.654000
1219.284000
1219.897000
1220.527000
1221.140000
1221.754000
1222.384000
1222.997000
1223.627000
1224.241000
1224.854000
1225.484000
1226.098000
1226.728000
1227.341000
1227.954000
1228.584000
1229.198000
1229.828000
1230.441000
1231.055000
1231.685000
1232.298000
1232.912000
1233.542000
1234.155000
1234.785000
1235.399000
1236.012000
1236.642000
1237.255000
1237.885000
1238.499000
1239.112000
1239.742000
1240.356000
1240.986000
1241.599000
1242.213000
1242.843000
1243.456000
1244.086000
1244.699000
1245.313000
1245.943000
1246.556000
1247.186000
1247.800000
1248.413000
1249.043000
1249.657000
1250.287000
1250.900000
1251.514000
1252.144000
1252.757000
1253.387000
1254.000000
1254.614000
1255.244000
1255.857000
1256.487000
1257.101000
1257.714000
1258.344000
1258.958000
1259.588000
1260.201000
1260.814000
1261.444000
1262.058000
1262.688000
1263.301000
1263.915000
1264.545000
1265.158000
1265.772000
1266.402000
1274.327000
1274.940000
1275.553000
1276.183000
1276.797000
1277.427000
1278.040000
1278.654000
1279.284000
1279.897000
1280.527000
1281.141000
1281.754000
1282.384000
1282.997000
1283.628000
1284.241000
1284.854000
1285.484000
1286.098000
1286.728000
1287.341000
1287.955000
1288.585000
1289.198000
1289.812000
1290.442000
1291.055000
1291.685000
1292.298000
1292.912000
1293.542000
1294.155000
1294.785000
1295.399000
1296.012000
1296.642000
1297.256000
1297.886000
1298.499000
1299.112000
1299.742000
1300.356000
1300.986000
1301.599000
1302.213000
1302.843000
1303.456000
1304.086000
1304.700000
1305.313000
1305.943000
1306.557000
1307.187000
1307.800000
1308.413000
1309.043000
1309.657000
1310.287000
1310.900000
1311.514000
1312.144000
1312.757000
1313.387000
1314.001000
1314.614000
1315.244000
1315.857000
1316.487000
1317.101000
1317.714000
1318.344000
1318.958000
1319.588000
1320.201000
1320.815000
1321.445000
1322.058000
1322.671000
1323.302000
1323.915000
1324.545000
1325.158000
1325.772000
1326.402000
1334.327000
1334.940000
1335.554000
1336.184000
1336.797000
1337.427000
1338.040000
1338.654000
1339.284000
1339.897000
1340.527000
1341.141000
1341.754000
1342.384000
1342.998000
1343.628000
1344.241000
1344.854000
1345.484000
1346.098000
1346.728000
1347.341000
1347.955000
1348.585000
1349.198000
1349.812000
1350.442000
1351.055000
1351.685000
1352.299000
1352.912000
1353.542000
1354.155000
1354.785000
1355.399000
1356.012000
1356.642000
1357.256000
1357.886000
1358.499000
1359.113000
1359.743000
1360.356000
1360.986000
1361.599000
1362.213000
1362.843000
1363.456000
1364.086000
1364.700000
1365.313000
1365.943000
1366.557000
1367.187000
1367.800000
1368.414000
1369.044000
1369.657000
1370.287000
1370.900000
1371.514000
1372.144000
1372.757000
1373.387000
1374.001000
1374.614000
1375.244000
1375.858000
1376.488000
1377.101000
1377.714000
1378.344000
1378.958000
1379.588000
1380.201000
1380.815000
1381.445000
1382.058000
1382.672000
1383.302000
1383.915000
1384.545000
1385.159000
1385.772000
1386.402000
1394.327000
1394.940000
1395.554000
1396.184000
1396.797000
1397.427000
1398.041000
1398.654000
1399.284000
1399.897000
1400.527000
1401.141000
1401.754000
1402.384000
1402.998000
1403.628000
1404.241000
1404.855000
1405.485000
1406.098000
1406.712000
1407.342000
1407.955000
1408.585000
1409.198000
1409.812000
1410.442000
1411.055000
1411.685000
1412.299000
1412.912000
1413.542000
1414.156000
1414.786000
1415.399000
1416.012000
1416.642000
1417.256000
1417.886000
1418.499000
1419.113000
1419.743000
1420.356000
1420.986000
1421.600000
1422.213000
1422.843000
1423.457000
1424.087000
1424.700000
1425.313000
1425.943000
1426.557000
1427.187000
1427.800000
1428.414000
1429.044000
1429.657000
1430.287000
1430.901000
1431.514000
1432.144000
1432.757000
1433.387000
1434.001000
1434.614000
1435.244000
1435.858000
1436.488000
1437.101000
1437.715000
1438.345000
1438.958000
1439.571000
1440.202000
1440.815000
1441.445000
1442.058000
1442.672000
1443.302000
1443.915000
1444.545000
1445.159000
1445.772000
1446.402000
1454.327000
1454.940000
1455.554000
1456.184000
1456.797000
1457.427000
1458.041000
1458.654000
1459.284000
1459.898000
1460.528000
1461.141000
1461.754000
1462.385000
1462.998000
1463.628000
1464.241000
1464.855000
1465.485000
1466.098000
1466.712000
1467.342000
1467.955000
1468.585000
1469.199000
1469.812000
1470.442000
1471.055000
1471.685000
1472.299000
1472.912000
1473.542000
1474.156000
1474.786000
1475.399000
1476.013000
1476.643000
1477.256000
1477.886000
1478.499000
1479.113000
1479.743000
1480.356000
1480.986000
1481.600000
1482.213000
1482.843000
1483.457000
1484.087000
1484.700000
1485.314000
1485.944000
1486.557000
1487.187000
1487.800000
1488.414000
1489.044000
1489.657000
1490.287000
1490.901000
1491.514000
1492.144000
1492.758000
1493.388000
1494.001000
1494.614000
1495.244000
1495.858000
1496.488000
1497.101000
1497.715000
1498.345000
1498.958000
1499.572000
1500.202000
1500.815000
1501.445000
1502.059000
1502.672000
1503.302000
1503.915000
1504.545000
1505.159000
1505.772000
1506.402000
1514.327000
1514.941000
1515.554000
1516.184000
1516.797000
1517.427000
1518.041000
1518.654000
1519.284000
1519.898000
1520.528000
1521.141000
1521.755000
1522.385000
1522.998000
1523.612000
1524.242000
1524.855000
1525.485000
1526.098000
1526.712000
1527.342000
1527.955000
1528.585000
1529.199000
1529.812000
1530.442000
1531.056000
1531.686000
1532.299000
1532.912000
1533.542000
1534.156000
1534.786000
1535.399000
1536.013000
1536.643000
1537.256000
1537.886000
1538.500000
1539.113000
1539.743000
1540.357000
1540.987000
1541.600000
1542.213000
1542.843000
1543.457000
1544.087000
1544.700000
1545.314000
1545.944000
1546.557000
1547.187000
1547.801000
1548.414000
1549.044000
1549.657000
1550.287000
1550.901000
1551.514000
1552.144000
1552.758000
1553.388000
1554.001000
1554.615000
1555.245000
1555.858000
1556.472000
1557.102000
1557.715000
1558.345000
1558.958000
1559.572000
1560.202000
1560.815000
1561.445000
1562.059000
1562.672000
1563.302000
1563.916000
1564.546000
1565.159000
1565.772000
1566.402000
1574.327000
1574.941000
1575.554000
1576.184000
1576.798000
1577.428000
1578.041000
1578.655000
1579.285000
1579.898000
1580.528000
1581.141000
1581.755000
1582.385000
1582.998000
1583.612000
1584.242000
1584.855000
1585.485000
1586.099000
1586.712000
1587.342000
1587.955000
1588.585000
1589.199000
1589.812000
1590.442000
1591.056000
1591.686000
1592.299000
1592.913000
1593.543000
1594.156000
1594.786000
1595.399000
1596.013000
1596.643000
1597.256000
1597.886000
1598.500000
1599.113000
1599.743000
1600.357000
1600.987000
1601.600000
1602.214000
1602.844000
1603.457000
1604.087000
1604.700000
1605.314000
1605.944000
1606.557000
1607.187000
1607.801000
1608.414000
1609.044000
1609.658000
1610.288000
1610.901000
1611.514000
1612.145000
1612.758000
1613.388000
1614.001000
1614.615000
1615.245000
1615.858000
1616.472000
1617.102000
1617.715000
1618.345000
1618.959000
1619.572000
1620.202000
1620.815000
1621.445000
1622.059000
1622.672000
1623.302000
1623.916000
1624.546000
1625.159000
1625.773000
1626.403000
1634.327000
1634.941000
1635.554000
1636.184000
1636.798000
1637.428000
1638.041000
1638.655000
1639.285000
1639.898000
1640.512000
1641.142000
1641.755000
1642.385000
1642.998000
1643.612000
1644.242000
1644.855000
1645.485000
1646.099000
1646.712000
1647.342000
1647.956000
1648.586000
1649.199000
1649.812000
1650.442000
1651.056000
1651.686000
1652.299000
1652.913000
1653.543000
1654.156000
1654.786000
1655.400000
1656.013000
1656.643000
1657.257000
1657.887000
1658.500000
1659.113000
1659.743000
1660.357000
1660.987000
1661.600000
1662.214000
1662.844000
1663.457000
1664.087000
1664.701000
1665.314000
1665.944000
1666.557000
1667.187000
1667.801000
1668.414000
1669.044000
1669.658000
1670.288000
1670.901000
1671.515000
1672.145000
1672.758000
1673.372000
1674.002000
1674.615000
1675.245000
1675.858000
1676.472000
1677.102000
1677.715000
1678.345000
1678.959000
1679.572000
1680.202000
1680.816000
1681.446000
1682.059000
1682.672000
1683.302000
1683.916000
1684.546000
1685.159000
1685.773000
1686.403000
1694.328000
1694.941000
1695.555000
1696.185000
1696.798000
1697.428000
1698.041000
1698.655000
1699.285000
1699.898000
1700.512000
1701.142000
1701.755000
1702.385000
1702.999000
1703.612000
1704.242000
1704.855000
1705.485000
1706.099000
1706.712000
1707.342000
1707.956000
1708.586000
1709.199000
1709.813000
1710.443000
1711.056000
1711.686000
1712.300000
1712.913000
1713.543000
1714.156000
1714.786000
1715.400000
1716.013000
1716.643000
1717.257000
1717.887000
1718.500000
1719.114000
1719.744000
1720.357000
1720.987000
1721.600000
1722.214000
1722.844000
1723.457000
1724.087000
1724.701000
1725.314000
1725.944000
1726.558000
1727.188000
1727.801000
1728.415000
1729.045000
1729.658000
1730.288000
1730.901000
1731.515000
1732.145000
1732.758000
1733.372000
1734.002000
1734.615000
1735.245000
1735.859000
1736.472000
1737.102000
1737.715000
1738.345000
1738.959000
1739.572000
1740.202000
1740.816000
1741.446000
1742.059000
1742.673000
1743.303000
1743.916000
1744.546000
1745.160000
1745.773000
1746.403000
