9.431000
10.045000
10.675000
11.288000
11.902000
12.532000
13.145000
13.775000
14.389000
15.002000
15.632000
16.245000
16.875000
17.489000
18.102000
18.732000
19.346000
19.976000
20.589000
21.203000
21.833000
22.446000
23.060000
23.690000
24.303000
24.933000
25.546000
26.160000
26.790000
27.403000
28.033000
28.647000
29.260000
29.890000
30.504000
31.134000
31.747000
32.360000
32.990000
33.604000
34.234000
34.847000
35.461000
36.091000
36.704000
37.334000
37.948000
38.561000
39.191000
39.805000
40.435000
41.048000
41.661000
42.291000
42.905000
43.535000
44.148000
44.762000
45.392000
46.005000
46.635000
47.249000
47.862000
48.492000
49.105000
49.735000
50.349000
50.962000
51.592000
52.206000
52.836000
53.449000
54.063000
54.693000
55.306000
55.920000
56.550000
57.163000
57.793000
58.406000
69.432000
70.045000
70.675000
71.288000
71.902000
72.532000
73.145000
73.775000
74.389000
75.002000
75.632000
76.246000
76.876000
77.489000
78.102000
78.733000
79.346000
79.976000
80.589000
81.203000
81.833000
82.446000
83.060000
83.690000
84.303000
84.933000
85.547000
86.160000
86.790000
87.403000
88.033000
88.647000
89.260000
89.890000
90.504000
91.134000
91.747000
92.361000
92.991000
93.604000
94.234000
94.848000
95.461000
96.091000
96.704000
97.334000
97.948000
98.561000
99.191000
99.805000
100.435000
101.048000
101.662000
102.292000
102.905000
103.535000
104.762000
105.392000
106.005000
106.635000
107.249000
107.862000
108.492000
109.106000
109.736000
110.349000
110.963000
111.593000
112.206000
112.819000
113.449000
114.063000
114.693000
115.306000
116.550000
117.163000
117.793000
118.407000
129.432000
130.045000
130.675000
131.289000
131.902000
132.532000
133.145000
133.775000
134.389000
135.002000
135.632000
136.246000
136.876000
137.489000
138.103000
138.733000
139.960000
141.203000
141.833000
142.446000
143.060000
143.690000
144.303000
144.933000
145.547000
146.160000
146.790000
147.404000
148.034000
148.647000
149.260000
149.890000
150.504000
151.134000
151.747000
152.361000
152.991000
153.604000
154.234000
154.848000
155.461000
156.091000
156.705000
157.335000
157.948000
158.561000
159.191000
159.805000
160.435000
161.048000
161.662000
162.292000
162.905000
163.535000
164.149000
164.762000
165.392000
166.005000
166.635000
167.249000
167.862000
168.492000
169.106000
169.736000
170.349000
170.963000
171.593000
172.206000
172.820000
173.450000
174.063000
174.693000
175.306000
175.920000
176.550000
177.163000
177.793000
178.407000
189.432000
190.045000
190.675000
191.289000
191.902000
192.532000
193.146000
193.776000
194.389000
195.003000
195.633000
196.246000
196.876000
197.489000
198.103000
198.733000
199.346000
199.960000
200.590000
201.203000
201.833000
202.447000
203.060000
203.690000
204.303000
204.933000
205.547000
206.160000
206.790000
207.404000
208.034000
208.647000
209.261000
209.891000
210.504000
211.134000
211.748000
212.361000
212.991000
213.604000
214.234000
214.848000
215.461000
216.091000
216.705000
217.335000
217.948000
218.562000
219.192000
219.805000
220.435000
221.048000
221.662000
222.292000
222.905000
223.535000
224.149000
224.762000
225.392000
226.006000
226.636000
227.249000
227.863000
228.493000
229.106000
229.736000
230.349000
230.963000
231.593000
232.206000
232.820000
233.450000
234.063000
234.693000
235.307000
235.920000
236.550000
237.163000
237.793000
238.407000
249.432000
250.045000
250.676000
251.289000
251.902000
252.532000
253.146000
253.776000
254.389000
255.003000
255.633000
256.246000
256.860000
257.490000
258.103000
258.733000
259.346000
259.960000
260.590000
261.203000
261.833000
262.447000
263.060000
263.690000
264.304000
264.934000
265.547000
266.160000
266.790000
267.404000
268.034000
268.647000
269.261000
269.891000
270.504000
271.134000
271.748000
272.361000
272.991000
273.605000
274.235000
274.848000
275.461000
276.091000
276.705000
277.335000
277.948000
278.562000
279.192000
279.805000
280.435000
281.049000
281.662000
282.292000
282.905000
283.535000
284.149000
284.762000
285.392000
286.006000
286.636000
287.249000
287.863000
288.493000
289.106000
289.720000
290.350000
290.963000
291.593000
292.206000
292.820000
293.450000
294.063000
294.693000
295.307000
295.920000
296.550000
297.164000
297.794000
298.407000
