6.331000
6.945000
7.575000
8.188000
8.801000
9.431000
10.045000
10.675000
11.288000
11.902000
12.532000
13.145000
13.775000
14.389000
15.002000
15.632000
16.245000
16.875000
17.489000
18.102000
18.732000
19.346000
19.976000
20.589000
21.203000
21.833000
22.446000
23.060000
23.690000
24.303000
24.933000
25.546000
26.160000
26.790000
27.403000
28.033000
28.647000
29.260000
29.890000
30.504000
31.134000
31.747000
32.360000
32.990000
33.604000
34.234000
34.847000
35.461000
36.091000
36.704000
37.334000
37.948000
38.561000
39.191000
39.805000
40.435000
41.048000
41.661000
42.291000
42.905000
43.535000
44.148000
44.762000
45.392000
46.005000
46.635000
47.249000
47.862000
48.492000
49.105000
49.735000
50.349000
50.962000
51.592000
52.206000
52.836000
53.449000
54.063000
54.693000
55.306000
55.920000
56.550000
57.163000
57.793000
58.406000
66.331000
66.945000
67.575000
68.188000
68.802000
69.432000
70.045000
70.675000
71.288000
71.902000
72.532000
73.145000
73.775000
74.389000
75.002000
75.632000
76.246000
76.876000
77.489000
78.102000
78.733000
79.346000
79.976000
80.589000
81.203000
81.833000
82.446000
83.060000
83.690000
84.303000
84.933000
85.547000
86.160000
86.790000
87.403000
88.033000
88.647000
89.260000
89.890000
90.504000
91.134000
91.747000
92.361000
92.991000
93.604000
94.234000
94.848000
95.461000
96.091000
96.704000
97.334000
97.948000
98.561000
99.191000
99.805000
100.435000
101.048000
101.662000
102.292000
102.905000
103.535000
104.148000
104.762000
105.392000
106.005000
106.635000
107.249000
107.862000
108.492000
109.106000
109.736000
110.349000
110.963000
111.593000
112.206000
112.819000
113.449000
114.063000
114.693000
115.306000
115.920000
116.550000
117.163000
117.793000
118.407000
126.331000
126.945000
127.575000
128.188000
128.802000
129.432000
130.045000
130.675000
131.289000
131.902000
132.532000
133.145000
133.775000
134.389000
135.002000
135.632000
136.246000
136.876000
137.489000
138.103000
138.733000
139.346000
139.960000
140.590000
141.203000
141.833000
142.446000
143.060000
143.690000
144.303000
144.933000
145.547000
146.160000
146.790000
147.404000
148.034000
148.647000
149.260000
149.890000
150.504000
151.134000
151.747000
152.361000
152.991000
153.604000
154.234000
154.848000
155.461000
156.091000
156.705000
157.335000
157.948000
158.561000
159.191000
159.805000
160.435000
161.048000
161.662000
162.292000
162.905000
163.535000
164.149000
164.762000
165.392000
166.005000
166.635000
167.249000
167.862000
168.492000
169.106000
169.736000
170.349000
170.963000
171.593000
172.206000
172.820000
173.450000
174.063000
174.693000
175.306000
175.920000
176.550000
177.163000
177.793000
178.407000
186.332000
186.945000
187.575000
188.188000
188.802000
189.432000
190.045000
190.675000
191.289000
191.902000
192.532000
193.146000
193.776000
194.389000
195.003000
195.633000
196.246000
196.876000
197.489000
198.103000
198.733000
199.346000
199.960000
200.590000
201.203000
201.833000
202.447000
203.060000
203.690000
204.303000
204.933000
205.547000
206.160000
206.790000
207.404000
208.034000
208.647000
209.261000
209.891000
210.504000
211.134000
211.748000
212.361000
212.991000
213.604000
214.234000
214.848000
215.461000
216.091000
216.705000
217.335000
217.948000
218.562000
219.192000
219.805000
220.435000
221.048000
221.662000
222.292000
222.905000
223.535000
224.149000
224.762000
225.392000
226.006000
226.636000
227.249000
227.863000
228.493000
229.106000
229.736000
230.349000
230.963000
231.593000
232.206000
232.820000
233.450000
234.063000
234.693000
235.307000
235.920000
236.550000
237.163000
237.793000
238.407000
246.332000
246.945000
247.575000
248.189000
248.802000
249.432000
250.045000
250.676000
251.289000
251.902000
252.532000
253.146000
253.776000
254.389000
255.003000
255.633000
256.246000
256.860000
257.490000
258.103000
258.733000
259.346000
259.960000
260.590000
261.203000
261.833000
262.447000
263.060000
263.690000
264.304000
264.934000
265.547000
266.160000
266.790000
267.404000
268.034000
268.647000
269.261000
269.891000
270.504000
271.134000
271.748000
272.361000
272.991000
273.605000
274.235000
274.848000
275.461000
276.091000
276.705000
277.335000
277.948000
278.562000
279.192000
279.805000
280.435000
281.049000
281.662000
282.292000
282.905000
283.535000
284.149000
284.762000
285.392000
286.006000
286.636000
287.249000
287.863000
288.493000
289.106000
289.720000
290.350000
290.963000
291.593000
292.206000
292.820000
293.450000
294.063000
294.693000
295.307000
295.920000
296.550000
297.164000
297.794000
298.407000
306.332000
306.945000
307.575000
308.189000
308.802000
309.432000
310.046000
310.676000
311.289000
311.903000
312.533000
313.146000
313.776000
314.389000
315.003000
315.633000
316.246000
316.876000
317.490000
318.103000
318.733000
319.347000
319.977000
320.590000
321.203000
321.833000
322.447000
323.077000
323.690000
324.304000
324.934000
325.547000
326.161000
326.791000
327.404000
328.034000
328.648000
329.261000
329.891000
330.504000
331.134000
331.748000
332.361000
332.991000
333.605000
334.235000
334.848000
335.462000
336.092000
336.705000
337.335000
337.948000
338.562000
339.192000
339.805000
340.435000
341.049000
341.662000
342.292000
342.906000
343.536000
344.149000
344.763000
345.393000
346.006000
346.636000
347.249000
347.863000
348.493000
349.106000
349.736000
350.350000
350.963000
351.593000
352.207000
352.837000
353.450000
354.063000
354.693000
355.307000
355.937000
356.550000
357.164000
357.794000
358.407000
366.332000
366.946000
367.576000
368.189000
368.802000
369.432000
370.046000
370.676000
371.289000
371.903000
372.533000
373.146000
373.760000
374.390000
375.003000
375.633000
376.246000
376.860000
377.490000
378.103000
378.733000
379.347000
379.960000
380.590000
381.204000
381.834000
382.447000
383.060000
383.691000
384.304000
384.934000
385.547000
386.161000
386.791000
387.404000
388.034000
388.648000
389.261000
389.891000
390.505000
391.135000
391.748000
392.361000
392.991000
393.605000
394.235000
394.848000
395.462000
396.092000
396.705000
397.335000
397.949000
398.562000
399.192000
399.806000
400.436000
401.049000
401.662000
402.292000
402.906000
403.536000
404.149000
404.763000
405.393000
406.006000
406.620000
407.250000
407.863000
408.493000
409.106000
409.720000
410.350000
410.963000
411.593000
412.207000
412.820000
413.450000
414.064000
414.694000
415.307000
415.921000
416.551000
417.164000
417.794000
418.407000
426.332000
426.946000
427.576000
428.189000
428.803000
429.433000
430.046000
430.676000
431.289000
431.903000
432.533000
433.146000
433.776000
434.390000
435.003000
435.633000
436.247000
436.860000
437.490000
438.103000
438.733000
439.347000
439.977000
440.590000
441.204000
441.834000
442.447000
443.061000
443.691000
444.304000
444.934000
445.548000
446.161000
446.791000
447.404000
448.034000
448.648000
449.261000
449.891000
450.505000
451.135000
451.748000
452.362000
452.992000
453.605000
454.235000
454.848000
455.462000
456.092000
456.705000
457.335000
457.949000
458.562000
459.192000
459.806000
460.436000
461.049000
461.663000
462.293000
462.906000
463.536000
464.149000
464.763000
465.393000
466.006000
466.636000
467.250000
467.863000
468.493000
469.107000
469.737000
470.350000
470.963000
471.593000
472.207000
472.837000
473.450000
474.064000
474.694000
475.307000
475.921000
476.551000
477.164000
477.794000
478.408000
486.332000
486.946000
487.576000
488.189000
488.803000
489.433000
490.046000
490.676000
491.290000
491.903000
492.533000
493.146000
493.776000
494.390000
495.003000
495.633000
496.247000
496.877000
497.490000
498.104000
498.734000
499.347000
499.961000
500.591000
501.204000
501.834000
502.447000
503.061000
503.691000
504.304000
504.934000
505.548000
506.161000
506.791000
507.405000
508.035000
508.648000
509.261000
509.891000
510.505000
511.135000
511.748000
512.362000
512.992000
513.605000
514.235000
514.849000
515.462000
516.092000
516.706000
517.336000
517.949000
518.562000
519.192000
519.806000
520.436000
521.049000
521.663000
522.293000
522.906000
523.536000
524.150000
524.763000
525.393000
526.006000
526.636000
527.250000
527.863000
528.493000
529.107000
529.737000
530.350000
530.964000
531.594000
532.207000
532.821000
533.451000
534.064000
534.694000
535.307000
535.921000
536.551000
537.164000
537.794000
538.408000
546.333000
546.946000
547.576000
548.189000
548.803000
549.433000
550.046000
550.676000
551.290000
551.903000
552.533000
553.147000
553.777000
554.390000
555.004000
555.634000
556.247000
556.877000
557.490000
558.104000
558.734000
559.347000
559.961000
560.591000
561.204000
561.834000
562.448000
563.061000
563.691000
564.304000
564.934000
565.548000
566.161000
566.791000
567.405000
568.035000
568.648000
569.262000
569.892000
570.505000
571.135000
571.749000
572.362000
572.992000
573.605000
574.235000
574.849000
575.462000
576.092000
576.706000
577.336000
577.949000
578.563000
579.193000
579.806000
580.436000
581.049000
581.663000
582.293000
582.906000
583.536000
584.150000
584.763000
585.393000
586.007000
586.637000
587.250000
587.863000
588.494000
589.107000
589.737000
590.350000
590.964000
591.594000
592.207000
592.821000
593.451000
594.064000
594.694000
595.308000
595.921000
596.551000
597.164000
597.794000
598.408000
606.333000
606.946000
607.576000
608.190000
608.803000
609.433000
610.046000
610.677000
611.290000
611.903000
612.533000
613.147000
613.777000
614.390000
615.004000
615.634000
616.247000
616.861000
617.491000
618.104000
618.734000
619.347000
619.961000
620.591000
621.204000
621.834000
622.448000
623.061000
623.691000
624.305000
624.935000
625.548000
626.161000
626.791000
627.405000
628.035000
628.648000
629.262000
629.892000
630.505000
631.135000
631.749000
632.362000
632.992000
633.606000
634.236000
634.849000
635.462000
636.092000
636.706000
637.336000
637.949000
638.563000
639.193000
639.806000
640.436000
641.050000
641.663000
642.293000
642.906000
643.536000
644.150000
644.763000
645.393000
646.007000
646.637000
647.250000
647.864000
648.494000
649.107000
649.721000
650.351000
650.964000
651.594000
652.207000
652.821000
653.451000
654.064000
654.694000
655.308000
655.921000
656.551000
657.165000
657.795000
658.408000
666.333000
666.946000
667.576000
668.190000
668.803000
669.433000
670.047000
670.677000
671.290000
671.904000
672.534000
673.147000
673.777000
674.390000
675.004000
675.634000
676.247000
676.861000
677.491000
678.104000
678.734000
679.348000
679.961000
680.591000
681.204000
681.834000
682.448000
683.061000
683.691000
684.305000
684.935000
685.548000
686.162000
686.792000
687.405000
688.035000
688.649000
689.262000
689.892000
690.505000
691.135000
691.749000
692.362000
692.992000
693.606000
694.236000
694.849000
695.463000
696.093000
696.706000
697.336000
697.949000
698.563000
699.193000
699.806000
700.436000
701.050000
701.663000
702.293000
702.907000
703.537000
704.150000
704.764000
705.394000
706.007000
706.637000
707.250000
707.864000
708.494000
709.107000
709.721000
710.351000
710.964000
711.594000
712.208000
712.821000
713.451000
714.064000
714.695000
715.308000
715.921000
716.551000
717.165000
717.795000
718.408000
726.317000
726.947000
727.560000
728.173000
728.803000
729.417000
730.047000
730.660000
731.274000
731.904000
732.517000
733.147000
733.761000
734.374000
735.004000
735.617000
736.247000
736.861000
737.474000
738.104000
738.718000
739.348000
739.961000
740.575000
741.205000
741.818000
742.448000
743.061000
743.675000
744.305000
744.918000
745.548000
746.162000
746.775000
747.405000
748.019000
748.649000
749.262000
749.876000
750.506000
751.119000
751.749000
752.362000
752.976000
753.606000
754.219000
754.833000
755.463000
756.076000
756.706000
757.320000
757.933000
758.563000
759.176000
759.806000
760.420000
761.033000
761.663000
762.277000
762.907000
763.520000
764.134000
764.764000
765.377000
766.007000
766.621000
767.234000
767.864000
768.477000
769.107000
769.721000
770.334000
770.964000
771.578000
772.208000
772.821000
773.435000
774.065000
774.678000
775.308000
775.921000
776.535000
777.165000
777.778000
778.408000
786.317000
786.947000
787.560000
788.174000
788.804000
789.417000
790.047000
790.660000
791.274000
791.904000
792.517000
793.147000
793.761000
794.374000
795.004000
795.618000
796.248000
796.861000
797.474000
798.104000
798.718000
799.348000
799.961000
800.575000
801.205000
801.818000
802.448000
803.062000
803.675000
804.305000
804.919000
805.549000
806.162000
806.775000
807.405000
808.019000
808.649000
809.262000
809.876000
810.506000
811.119000
811.733000
812.363000
812.976000
813.606000
814.219000
814.833000
815.463000
816.076000
816.706000
817.320000
817.933000
818.563000
819.177000
819.807000
820.420000
821.034000
821.664000
822.277000
822.907000
823.520000
824.134000
824.764000
825.377000
826.007000
826.621000
827.234000
827.864000
828.478000
829.108000
829.721000
830.334000
830.964000
831.578000
832.208000
832.821000
833.435000
834.065000
834.678000
835.308000
835.922000
836.535000
837.165000
837.779000
838.409000
846.317000
846.947000
847.560000
848.174000
848.804000
849.417000
850.047000
850.661000
851.274000
851.904000
852.517000
853.147000
853.761000
854.374000
855.004000
855.618000
856.248000
856.861000
857.475000
858.105000
858.718000
859.348000
859.961000
860.575000
861.205000
861.818000
862.448000
863.062000
863.675000
864.305000
864.919000
865.549000
866.162000
866.776000
867.406000
868.019000
868.649000
869.262000
869.876000
870.506000
871.119000
871.733000
872.363000
872.976000
873.606000
874.220000
874.833000
875.463000
876.076000
876.707000
877.320000
877.933000
878.563000
879.177000
879.807000
880.420000
881.034000
881.664000
882.277000
882.907000
883.521000
884.134000
884.764000
885.377000
886.007000
886.621000
887.234000
887.864000
888.478000
889.108000
889.721000
890.335000
890.965000
891.578000
892.208000
892.822000
893.435000
894.065000
894.678000
895.308000
895.922000
896.535000
897.165000
897.779000
898.409000
906.317000
906.947000
907.560000
908.174000
908.804000
909.417000
910.047000
910.661000
911.274000
911.904000
912.518000
913.148000
913.761000
914.374000
915.004000
915.618000
916.248000
916.861000
917.475000
918.105000
918.718000
919.348000
919.962000
920.575000
921.205000
921.819000
922.449000
923.062000
923.675000
924.305000
924.919000
925.549000
926.162000
926.776000
927.406000
928.019000
928.633000
929.263000
929.876000
930.506000
931.119000
931.733000
932.363000
932.976000
933.606000
934.220000
934.833000
935.463000
936.077000
936.707000
937.320000
937.934000
938.564000
939.177000
939.807000
940.420000
941.034000
941.664000
942.277000
942.907000
943.521000
944.134000
944.764000
945.378000
946.008000
946.621000
947.234000
947.864000
948.478000
949.108000
949.721000
950.335000
950.965000
951.578000
952.208000
952.822000
953.435000
954.065000
954.679000
955.309000
955.922000
956.535000
957.165000
957.779000
958.409000
966.317000
966.947000
967.561000
968.174000
968.804000
969.417000
970.047000
970.661000
971.274000
971.904000
972.518000
973.148000
973.761000
974.375000
975.005000
975.618000
976.248000
976.862000
977.475000
978.105000
978.718000
979.348000
979.962000
980.575000
981.205000
981.819000
982.449000
983.062000
983.676000
984.306000
984.919000
985.549000
986.162000
986.776000
987.406000
988.019000
988.633000
989.263000
989.876000
990.506000
991.120000
991.733000
992.363000
992.977000
993.607000
994.220000
994.833000
995.463000
996.077000
996.707000
997.320000
997.934000
998.564000
999.177000
999.807000
1000.421000
1001.034000
1001.664000
1002.277000
1002.907000
1003.521000
1004.134000
1004.764000
1005.378000
1006.008000
1006.621000
1007.235000
1007.865000
1008.478000
1009.108000
1009.721000
1010.335000
1010.965000
1011.578000
1012.208000
1012.822000
1013.435000
1014.065000
1014.679000
1015.309000
1015.922000
1016.536000
1017.166000
1017.779000
1018.409000
