1042.997000
1049.197000
1057.885000
1072.756000
1076.487000
1077.714000
1078.957000
1086.401000
1098.040000
1100.527000
1105.484000
1107.954000
1109.198000
1117.885000
1120.355000
1121.599000
1126.556000
1129.043000
1134.000000
1135.244000
1142.688000
1161.754000
1166.727000
1170.441000
1174.155000
1181.599000
1186.556000
1196.487000
1197.714000
1198.957000
1201.444000
1203.915000
1205.158000
1219.284000
1221.754000
1241.599000
1242.843000
1244.086000
1246.556000
1247.800000
1251.514000
1254.000000
1258.958000
1260.201000
1278.040000
1291.685000
1295.399000
1296.642000
1300.356000
1301.599000
1305.313000
1307.800000
1312.757000
1341.754000
1345.484000
1347.955000
1351.685000
1356.642000
1357.886000
1375.244000
1378.958000
1385.159000
1386.402000
1398.041000
1402.998000
1405.485000
1410.442000
1412.912000
1421.600000
1424.087000
1427.800000
1432.757000
1436.488000
1440.202000
1443.915000
1459.284000
1460.528000
1475.399000
1476.643000
1477.886000
1482.843000
1490.287000
1495.244000
1501.445000
1525.485000
1526.712000
1539.113000
1541.600000
1549.044000
1556.472000
1557.715000
1558.958000
1561.445000
1565.159000
1586.712000
1589.199000
1596.643000
1606.557000
1611.514000
1612.758000
1615.245000
1617.715000
1622.672000
1623.916000
1626.403000
1640.512000
1642.998000
1644.242000
1647.956000
1650.442000
1652.913000
1654.156000
1657.887000
1670.288000
1675.245000
1676.472000
1682.672000
1683.916000
1685.159000
1686.403000
1701.755000
1704.242000
1711.686000
1712.913000
1730.288000
1732.758000
1736.472000
1740.202000
1742.673000
