1766.659000
1767.272000
1767.272000
1767.902000
1768.516000
1769.146000
1769.759000
1770.373000
1771.003000
1771.616000
1772.246000
1772.860000
1773.473000
1774.103000
1775.960000
1776.573000
1777.203000
1777.817000
1778.447000
1779.060000
1780.304000
1780.917000
1781.547000
1782.161000
1782.774000
1783.404000
1784.017000
1784.647000
1785.261000
1785.874000
1786.504000
1787.118000
1787.731000
1788.361000
1788.975000
1789.605000
1790.218000
1790.832000
1791.462000
1792.075000
1792.705000
1793.318000
1793.932000
1794.562000
1795.175000
1795.805000
1796.419000
1797.032000
1797.662000
1798.276000
1798.906000
1799.519000
1800.132000
1800.762000
1801.376000
1802.006000
1802.619000
1803.233000
1803.863000
1804.476000
1805.106000
1805.720000
1806.333000
1806.963000
1807.577000
1808.207000
1808.820000
1809.433000
1810.063000
1810.677000
1811.307000
1811.920000
1812.534000
1813.164000
1813.777000
1814.407000
1825.416000
1826.046000
1826.659000
1827.273000
1827.903000
1828.516000
1829.146000
1829.759000
1830.373000
1831.003000
1831.616000
1832.246000
1832.860000
1833.473000
1834.103000
1834.717000
1835.347000
1835.960000
1836.574000
1837.204000
1837.817000
1838.447000
1839.060000
1839.674000
1840.304000
1840.917000
1841.547000
1842.161000
1842.161000
1842.774000
1843.404000
1844.018000
1844.648000
1845.261000
1845.874000
1846.504000
1847.118000
1847.748000
1848.361000
1848.975000
1849.605000
1850.218000
1850.832000
1851.462000
1852.075000
1852.705000
1853.319000
1853.932000
1854.562000
1855.175000
1855.805000
1856.419000
1857.032000
1857.662000
1858.276000
1858.906000
1859.519000
1860.133000
1860.763000
1861.376000
1862.006000
1862.620000
1863.233000
1863.863000
1864.476000
1865.106000
1865.720000
1866.333000
1866.963000
1867.577000
1868.207000
1868.820000
1869.434000
1870.064000
1870.677000
1871.307000
1871.920000
1872.534000
1873.164000
1873.777000
1874.407000
1885.416000
1886.046000
1886.659000
1887.273000
1887.903000
1888.516000
1889.146000
1889.760000
1890.373000
1891.003000
1891.617000
1892.247000
1892.860000
1893.473000
1894.103000
1894.717000
1895.347000
1895.960000
1896.574000
1897.204000
1897.817000
1898.447000
1899.061000
1899.674000
1900.304000
1900.917000
1901.547000
1902.161000
1902.774000
1903.404000
1904.018000
1904.648000
1905.261000
1905.875000
1906.505000
1907.732000
1908.362000
1908.975000
1909.605000
1910.218000
1910.832000
1911.462000
1912.075000
1912.705000
1913.319000
1913.932000
1914.562000
1915.176000
1915.806000
1916.419000
1917.032000
1917.662000
1918.276000
1918.906000
1919.519000
1920.133000
1920.763000
1921.376000
1922.006000
1922.620000
1923.233000
1923.863000
1924.477000
1925.107000
1925.720000
1926.333000
1926.963000
1927.577000
1928.207000
1928.820000
1929.434000
1930.064000
1930.677000
1931.307000
1931.921000
1932.534000
1933.164000
1933.777000
1934.407000
1945.416000
1946.046000
1946.660000
1947.273000
1947.903000
1948.516000
1949.146000
1949.760000
1950.373000
1951.003000
1951.617000
1952.247000
1952.247000
1952.860000
1953.474000
1954.104000
1954.717000
1955.347000
1955.960000
1956.574000
1957.204000
1957.817000
1958.447000
1959.061000
1959.674000
1960.304000
1960.918000
1961.548000
1962.161000
1962.774000
1963.404000
1964.018000
1964.648000
1965.261000
1965.875000
1966.505000
1967.118000
1967.732000
1968.362000
1968.975000
1969.605000
1970.219000
1970.832000
1971.462000
1972.075000
1972.705000
1973.319000
1973.932000
1974.562000
1975.176000
1975.806000
1976.419000
1977.033000
1977.663000
1978.276000
1978.906000
1979.519000
1980.133000
1980.763000
1981.376000
1982.006000
1982.620000
1983.233000
1983.863000
1984.477000
1985.107000
1985.720000
1986.334000
1986.964000
1987.577000
1988.207000
1988.820000
1989.434000
1990.064000
1990.677000
1991.307000
1991.921000
1992.534000
1993.164000
1993.778000
1994.408000
2005.416000
2006.046000
2006.660000
2007.273000
2007.903000
2008.517000
2009.147000
2009.760000
2010.373000
2011.003000
2011.617000
2012.247000
2012.860000
2013.474000
2014.104000
2014.717000
2015.347000
2015.961000
2016.574000
2017.204000
2017.817000
2018.447000
2019.061000
2019.674000
2020.304000
2020.918000
2021.548000
2022.161000
2022.775000
2023.405000
2024.018000
2024.632000
2025.262000
2025.875000
2026.505000
2027.118000
2027.732000
2028.362000
2028.975000
2029.605000
2030.219000
2030.832000
2031.462000
2032.076000
2032.706000
2033.319000
2033.932000
2034.562000
2035.176000
2035.806000
2036.419000
2037.033000
2037.663000
2038.276000
2038.906000
2039.520000
2040.133000
2040.763000
2041.377000
2042.007000
2042.007000
2042.620000
2043.233000
2043.863000
2044.477000
2045.107000
2045.720000
2046.334000
2047.577000
2048.207000
2048.821000
2049.434000
2050.064000
2050.677000
2051.921000
2052.534000
2053.164000
2053.778000
2054.408000
2065.416000
2066.046000
2066.660000
2067.273000
2067.903000
2068.517000
2069.147000
2069.760000
2070.374000
2071.004000
2071.617000
2073.474000
2074.104000
2074.717000
2075.347000
2075.961000
2076.574000
2077.204000
2077.818000
2078.448000
2079.061000
2079.674000
2080.305000
2080.918000
2081.548000
2082.161000
2082.775000
2083.405000
2084.018000
2084.632000
2085.262000
2085.875000
2086.505000
2087.119000
2087.732000
2088.362000
2088.975000
2089.605000
2090.219000
2090.832000
2091.462000
2092.076000
2092.706000
2093.319000
2093.933000
2094.563000
2095.176000
2096.420000
2097.033000
2097.663000
2098.276000
2098.906000
2099.520000
2100.133000
2100.763000
2101.377000
2102.007000
2102.620000
2103.234000
2103.864000
2104.477000
2105.107000
2105.720000
2106.334000
2106.964000
2106.964000
2107.577000
2108.207000
2108.821000
2109.434000
2110.678000
2111.308000
2111.921000
2112.535000
2113.165000
2113.778000
2114.408000
2125.417000
2126.047000
2126.660000
2127.273000
2127.903000
2128.517000
2129.147000
2129.760000
2130.374000
2131.004000
2131.617000
2132.247000
2132.247000
2132.861000
2133.474000
2134.104000
2134.717000
2135.347000
2135.961000
2136.574000
2137.204000
2137.818000
2138.448000
2139.061000
2139.675000
2140.305000
2140.918000
2141.532000
2142.162000
2142.775000
2143.405000
2144.018000
2144.632000
2145.262000
2145.875000
2146.505000
2147.119000
2147.732000
2148.362000
2149.606000
2150.832000
2151.463000
2152.076000
2152.706000
2153.319000
2153.933000
2154.563000
2155.176000
2155.806000
2156.420000
2157.033000
2157.663000
2158.277000
2158.907000
2159.520000
2160.133000
2161.377000
2162.007000
2162.620000
2163.234000
2163.864000
2164.477000
2165.107000
2165.721000
2166.334000
2166.964000
2167.577000
2168.208000
2168.821000
2169.434000
2170.064000
2170.678000
2171.308000
2171.921000
2172.535000
2173.165000
2173.778000
2174.392000
2185.417000
2186.047000
2186.660000
2187.274000
2187.904000
2188.517000
2189.147000
2189.760000
2190.374000
2191.004000
2191.617000
2192.247000
2192.861000
2193.474000
2194.104000
2194.718000
2195.348000
2195.961000
2196.575000
2197.205000
2197.818000
2198.448000
2199.061000
2199.675000
2200.305000
2200.918000
2201.532000
2202.162000
2202.775000
2203.405000
2204.019000
2204.632000
2205.262000
2205.875000
2206.505000
2207.119000
2207.732000
2208.362000
2208.976000
2209.606000
2210.219000
2210.833000
2211.463000
2212.076000
2212.706000
2213.320000
2213.933000
2214.563000
2215.176000
2215.806000
2216.420000
2217.033000
2217.663000
2218.277000
2218.907000
2219.520000
2220.134000
2220.764000
2221.377000
2222.007000
2222.620000
2223.864000
2224.477000
2225.107000
2225.721000
2226.334000
2226.964000
2227.578000
2228.208000
2228.821000
2229.435000
2230.065000
2230.678000
2231.308000
2231.921000
2232.535000
2233.165000
2233.778000
2234.392000
2245.417000
2246.047000
2246.660000
2247.274000
2247.904000
2248.517000
2249.147000
2249.761000
2250.374000
2251.004000
2251.617000
2252.248000
2252.861000
2253.474000
2254.104000
2254.718000
2255.348000
2255.961000
2256.575000
2257.205000
2257.818000
2258.432000
2259.062000
2259.675000
2260.305000
2260.918000
2261.532000
2262.162000
2262.775000
2263.405000
2264.019000
2264.632000
2265.262000
2265.876000
2266.506000
2267.119000
2267.732000
2268.363000
2268.976000
2269.606000
2270.219000
2270.833000
2271.463000
2272.076000
2272.706000
2274.563000
2275.177000
2275.807000
2276.420000
2277.033000
2277.664000
2278.277000
2278.907000
2279.520000
2280.134000
2280.764000
2281.377000
2282.007000
2282.621000
2283.234000
2283.864000
2284.478000
2285.108000
2285.721000
2286.334000
2286.964000
2287.578000
2288.208000
2288.821000
2289.435000
2290.065000
2290.678000
2291.292000
2291.922000
2292.535000
2293.165000
2293.778000
2294.392000
2305.417000
2306.047000
2306.660000
2307.274000
2307.904000
2309.761000
2310.374000
2311.004000
2311.618000
2312.248000
2312.861000
2313.475000
2314.105000
2314.718000
2315.348000
2315.961000
2316.575000
2317.205000
2317.818000
2318.432000
2319.062000
2319.675000
2320.305000
2320.919000
2321.532000
2322.162000
2322.775000
2323.405000
2324.019000
2324.632000
2325.262000
2325.876000
2326.506000
2327.119000
2327.733000
2328.363000
2329.606000
2330.220000
2330.833000
2331.463000
2332.076000
2332.706000
2333.320000
2333.933000
2334.563000
2335.177000
2335.807000
2336.420000
2337.034000
2337.034000
2337.664000
2338.277000
2338.907000
2339.521000
2341.377000
2342.007000
2342.621000
2343.234000
2343.864000
2344.478000
2345.108000
2345.721000
2346.335000
2346.965000
2347.578000
2348.208000
2348.821000
2349.435000
2350.065000
2350.678000
2351.292000
2351.922000
2352.535000
2353.165000
2353.779000
2365.417000
2366.047000
2366.661000
2367.274000
2367.904000
2368.518000
2369.148000
2369.761000
2370.374000
2371.004000
2371.618000
2372.248000
2372.861000
2373.475000
2374.105000
2374.718000
2375.332000
2375.962000
2376.575000
2377.205000
2378.432000
2379.062000
2379.675000
2380.919000
2381.532000
2382.162000
2382.776000
2383.406000
2384.019000
2384.633000
2385.263000
2385.876000
2386.506000
2387.119000
2387.733000
2388.363000
2388.976000
2389.606000
2390.833000
2391.463000
2392.077000
2392.707000
2393.320000
2393.933000
2394.563000
2395.177000
2395.807000
2396.420000
2397.034000
2397.664000
2398.277000
2398.907000
2399.521000
2400.764000
2401.378000
2402.008000
2402.621000
2403.234000
2403.864000
2404.478000
2405.108000
2405.721000
2406.335000
2406.965000
2407.578000
2408.192000
2408.822000
2409.435000
2410.065000
2410.678000
2411.292000
2411.922000
2412.535000
2413.165000
2413.779000
2414.392000
2425.417000
2426.047000
2426.661000
2427.274000
2428.518000
2429.761000
2431.005000
2432.248000
2433.475000
2434.718000
2435.332000
2435.962000
2437.205000
2437.819000
2439.062000
2439.675000
2440.919000
2442.162000
2442.776000
2444.019000
2444.633000
2445.263000
2445.876000
2447.120000
2447.733000
2448.363000
2448.976000
2449.606000
2450.220000
2450.833000
2452.077000
2452.707000
2453.320000
2453.934000
2454.564000
2455.177000
2455.807000
2456.420000
2457.034000
2457.664000
2458.277000
2458.907000
2459.521000
2460.134000
2460.764000
2461.378000
2462.008000
2462.621000
2463.235000
2463.865000
2464.478000
2465.108000
2465.721000
2466.335000
2466.965000
2467.578000
2468.192000
2469.435000
2470.065000
2470.679000
2471.292000
2471.922000
2472.535000
2473.166000
