1766.659000
1767.902000
1769.146000
1770.373000
1771.616000
1772.860000
1774.103000
1776.573000
1777.817000
1779.060000
1780.304000
1781.547000
1782.774000
1784.017000
1785.261000
1786.504000
1787.731000
1788.975000
1790.218000
1791.462000
1792.705000
1793.932000
1795.175000
1796.419000
1797.662000
1798.906000
1800.132000
1801.376000
1802.619000
1803.863000
1805.106000
1806.333000
1807.577000
1808.820000
1810.063000
1811.307000
1812.534000
1813.777000
1825.416000
1826.659000
1827.903000
1829.146000
1830.373000
1831.616000
1832.860000
1834.103000
1835.347000
1836.574000
1837.817000
1839.060000
1840.304000
1841.547000
1842.774000
1844.018000
1845.261000
1846.504000
1847.748000
1848.975000
1850.218000
1851.462000
1852.705000
1853.932000
1855.175000
1856.419000
1857.662000
1858.906000
1860.133000
1861.376000
1862.620000
1863.863000
1865.106000
1866.333000
1867.577000
1868.820000
1870.064000
1871.307000
1872.534000
1873.777000
1885.416000
1886.659000
1887.903000
1889.146000
1890.373000
1891.617000
1892.860000
1894.103000
1895.347000
1896.574000
1897.817000
1899.061000
1900.304000
1901.547000
1902.774000
1904.018000
1905.261000
1906.505000
1907.732000
1908.975000
1910.218000
1911.462000
1912.705000
1913.932000
1915.176000
1916.419000
1917.662000
1918.906000
1920.133000
1921.376000
1922.620000
1923.863000
1925.107000
1926.333000
1927.577000
1928.820000
1930.064000
1931.307000
1932.534000
1933.777000
1945.416000
1946.660000
1947.903000
1949.146000
1950.373000
1951.617000
1952.860000
1954.104000
1955.347000
1956.574000
1957.817000
1959.061000
1960.304000
1961.548000
1962.774000
1964.018000
1965.261000
1966.505000
1967.732000
1968.975000
1970.219000
1971.462000
1972.705000
1973.932000
1975.176000
1976.419000
1977.663000
1978.906000
1980.133000
1981.376000
1982.620000
1983.863000
1985.107000
1986.334000
1987.577000
1988.820000
1990.064000
1991.307000
1992.534000
1993.778000
2005.416000
2006.660000
2007.903000
2009.147000
2010.373000
2011.617000
2012.860000
2014.104000
2015.347000
2016.574000
2017.817000
2019.061000
2020.304000
2021.548000
2022.775000
2024.018000
2025.262000
2026.505000
2027.732000
2028.975000
2030.219000
2031.462000
2032.706000
2033.932000
2035.176000
2036.419000
2037.663000
2038.906000
2040.133000
2041.377000
2042.620000
2043.863000
2045.107000
2046.334000
2047.577000
2048.821000
2050.064000
2052.534000
2053.778000
2065.416000
2066.660000
2067.903000
2069.147000
2070.374000
2071.617000
2074.104000
2075.347000
2076.574000
2077.818000
2079.061000
2080.305000
2081.548000
2082.775000
2084.018000
2085.262000
2086.505000
2087.732000
2088.975000
2090.219000
2091.462000
2092.706000
2093.933000
2095.176000
2096.420000
2097.663000
2098.906000
2100.133000
2101.377000
2102.620000
2103.864000
2105.107000
2106.334000
2107.577000
2108.821000
2111.308000
2112.535000
2113.778000
2125.417000
2126.660000
2127.903000
2129.147000
2130.374000
2131.617000
2132.861000
2134.104000
2135.347000
2136.574000
2137.818000
2139.061000
2140.305000
2141.532000
2142.775000
2144.018000
2145.262000
2146.505000
2147.732000
2151.463000
2152.706000
2153.933000
2155.176000
2156.420000
2157.663000
2158.907000
2160.133000
2161.377000
2162.620000
2163.864000
2165.107000
2166.334000
2167.577000
2168.821000
2170.064000
2171.308000
2172.535000
2173.778000
2185.417000
2186.660000
2187.904000
2189.147000
2190.374000
2191.617000
2192.861000
2194.104000
2195.348000
2196.575000
2197.818000
2199.061000
2200.305000
2201.532000
2202.775000
2204.019000
2205.262000
2206.505000
2207.732000
2208.976000
2210.219000
2211.463000
2212.706000
2213.933000
2215.176000
2216.420000
2217.663000
2218.907000
2220.134000
2221.377000
2222.620000
2223.864000
2225.107000
2226.334000
2227.578000
2228.821000
2230.065000
2231.308000
2232.535000
2233.778000
2245.417000
2246.660000
2247.904000
2249.147000
2250.374000
2251.617000
2252.861000
2254.104000
2255.348000
2256.575000
2257.818000
2259.062000
2260.305000
2261.532000
2262.775000
2264.019000
2265.262000
2266.506000
2267.732000
2268.976000
2270.219000
2271.463000
2272.706000
2275.177000
2276.420000
2277.664000
2278.907000
2280.134000
2281.377000
2282.621000
2283.864000
2285.108000
2286.334000
2287.578000
2288.821000
2290.065000
2291.292000
2292.535000
2293.778000
2305.417000
2306.660000
2307.904000
2310.374000
2311.618000
2312.861000
2314.105000
2315.348000
2316.575000
2317.818000
2319.062000
2320.305000
2321.532000
2322.775000
2324.019000
2325.262000
2326.506000
2327.733000
2330.220000
2331.463000
2332.706000
2333.933000
2335.177000
2336.420000
2337.664000
2338.907000
2341.377000
2342.621000
2343.864000
2345.108000
2346.335000
2347.578000
2348.821000
2350.065000
2351.292000
2352.535000
2353.779000
2365.417000
2366.661000
2367.904000
2369.148000
2370.374000
2371.618000
2372.861000
2374.105000
2375.332000
2376.575000
2379.062000
2381.532000
2382.776000
2384.019000
2385.263000
2386.506000
2387.733000
2388.976000
2391.463000
2392.707000
2393.933000
2395.177000
2396.420000
2397.664000
2398.907000
2401.378000
2402.621000
2403.864000
2405.108000
2406.335000
2407.578000
2408.822000
2410.065000
2411.292000
2412.535000
2413.779000
2425.417000
2426.661000
2435.332000
2437.819000
2439.062000
2442.776000
2444.019000
2445.263000
2447.733000
2448.976000
2450.220000
2452.707000
2453.934000
2455.177000
2456.420000
2457.664000
2458.907000
2460.134000
2461.378000
2462.621000
2463.865000
2465.108000
2466.335000
2467.578000
2470.065000
2471.292000
2472.535000
