310.676000
311.289000
311.903000
312.533000
313.146000
313.776000
314.389000
315.003000
315.633000
316.246000
316.876000
317.490000
318.103000
318.733000
319.347000
319.977000
320.590000
321.203000
321.833000
322.447000
323.077000
323.690000
324.304000
324.934000
325.547000
326.161000
326.791000
327.404000
328.034000
328.648000
329.261000
329.891000
330.504000
331.134000
331.748000
332.361000
332.991000
333.605000
334.235000
334.848000
335.462000
336.092000
336.705000
337.335000
337.948000
338.562000
339.192000
339.805000
340.435000
341.049000
341.662000
342.292000
342.906000
343.536000
344.149000
344.763000
345.393000
346.006000
346.636000
347.249000
347.863000
348.493000
349.106000
349.736000
350.350000
350.963000
351.593000
352.207000
352.837000
353.450000
354.063000
355.307000
355.937000
356.550000
357.164000
357.794000
358.407000
369.432000
370.046000
370.676000
371.289000
371.903000
372.533000
373.146000
373.760000
374.390000
375.003000
375.633000
376.246000
376.860000
377.490000
378.103000
378.733000
379.347000
379.960000
380.590000
381.204000
381.834000
382.447000
383.060000
383.691000
384.304000
384.934000
385.547000
386.161000
386.791000
387.404000
388.034000
388.648000
389.261000
389.891000
390.505000
391.135000
391.748000
392.361000
392.991000
393.605000
394.235000
394.848000
395.462000
396.092000
396.705000
397.335000
397.949000
398.562000
399.192000
399.806000
400.436000
401.049000
401.662000
402.292000
402.906000
403.536000
404.149000
404.763000
405.393000
406.006000
406.620000
407.250000
407.863000
408.493000
409.106000
409.720000
410.350000
410.963000
410.963000
411.593000
412.207000
412.820000
413.450000
414.064000
415.307000
415.921000
416.551000
417.164000
417.794000
418.407000
429.433000
430.046000
430.676000
431.289000
431.903000
432.533000
433.146000
433.776000
434.390000
435.003000
435.633000
436.247000
436.860000
437.490000
438.103000
438.733000
439.347000
439.977000
440.590000
441.204000
441.834000
442.447000
443.061000
443.691000
444.304000
444.934000
445.548000
446.161000
446.161000
446.791000
447.404000
448.034000
448.648000
449.261000
449.891000
450.505000
451.135000
451.748000
452.362000
452.992000
453.605000
454.235000
454.848000
455.462000
456.092000
456.705000
457.335000
457.949000
458.562000
459.192000
459.806000
460.436000
461.049000
461.663000
462.293000
462.906000
463.536000
464.149000
464.763000
465.393000
466.006000
466.636000
467.250000
467.863000
468.493000
469.107000
469.737000
470.350000
470.963000
471.593000
472.207000
472.837000
473.450000
474.064000
474.694000
475.307000
475.921000
476.551000
477.164000
477.794000
478.408000
489.433000
490.676000
491.290000
491.903000
492.533000
493.146000
493.776000
494.390000
495.003000
495.633000
496.247000
496.877000
497.490000
498.104000
498.734000
499.347000
499.961000
500.591000
501.204000
501.834000
502.447000
503.061000
503.691000
504.304000
504.934000
505.548000
506.161000
506.791000
507.405000
508.035000
508.648000
509.261000
509.891000
510.505000
511.135000
511.748000
512.362000
512.992000
513.605000
514.235000
514.849000
515.462000
516.092000
516.706000
517.336000
517.949000
518.562000
519.192000
519.806000
520.436000
521.049000
521.663000
522.293000
522.906000
523.536000
524.150000
524.763000
525.393000
526.006000
526.636000
527.250000
527.863000
528.493000
529.107000
529.737000
530.350000
530.964000
531.594000
532.207000
532.821000
533.451000
534.064000
534.694000
535.307000
535.921000
536.551000
537.164000
537.794000
538.408000
549.433000
550.046000
550.676000
551.290000
551.903000
552.533000
553.147000
553.777000
554.390000
555.004000
555.634000
557.490000
558.104000
558.734000
559.347000
559.961000
560.591000
561.204000
561.834000
562.448000
563.061000
563.691000
564.304000
564.934000
565.548000
566.161000
566.791000
567.405000
568.035000
568.648000
569.262000
569.892000
570.505000
571.135000
571.749000
572.362000
572.992000
573.605000
574.235000
574.849000
575.462000
576.092000
576.092000
576.706000
578.563000
579.193000
579.806000
580.436000
581.049000
581.663000
582.293000
582.906000
583.536000
584.150000
584.763000
585.393000
586.007000
586.637000
587.250000
587.863000
588.494000
589.107000
589.737000
590.350000
590.964000
591.594000
592.207000
592.821000
593.451000
594.064000
594.694000
595.308000
595.921000
597.164000
597.794000
598.408000
609.433000
610.046000
610.677000
611.290000
611.903000
612.533000
613.147000
613.777000
614.390000
615.004000
615.634000
616.247000
616.247000
616.861000
617.491000
618.104000
618.734000
619.347000
619.961000
620.591000
621.204000
621.834000
622.448000
623.061000
623.691000
624.305000
624.935000
625.548000
626.161000
627.405000
628.648000
629.262000
629.892000
630.505000
631.135000
631.749000
632.362000
632.992000
633.606000
634.236000
634.849000
635.462000
636.092000
636.706000
637.336000
637.949000
638.563000
639.193000
640.436000
641.050000
641.663000
642.293000
642.906000
643.536000
644.150000
644.763000
645.393000
646.007000
646.637000
647.250000
647.864000
648.494000
649.107000
649.721000
650.351000
650.964000
651.594000
652.207000
652.821000
653.451000
654.064000
654.694000
655.308000
655.921000
656.551000
657.165000
657.795000
658.408000
669.433000
670.047000
670.677000
671.290000
671.904000
672.534000
673.147000
673.777000
674.390000
675.004000
675.634000
676.247000
676.247000
676.861000
677.491000
678.104000
678.734000
679.348000
679.961000
680.591000
681.204000
681.834000
682.448000
683.061000
683.691000
684.305000
685.548000
686.162000
686.792000
687.405000
688.035000
688.649000
689.262000
689.892000
690.505000
691.135000
691.749000
692.362000
692.992000
693.606000
694.236000
694.849000
695.463000
696.093000
696.706000
697.336000
697.949000
698.563000
699.193000
699.806000
700.436000
701.050000
701.663000
702.293000
702.907000
703.537000
704.150000
704.764000
705.394000
706.007000
706.637000
707.250000
707.864000
708.494000
709.107000
709.721000
710.351000
710.964000
711.594000
712.208000
712.821000
713.451000
714.064000
714.695000
715.308000
715.921000
716.551000
717.165000
717.795000
718.408000
729.417000
730.047000
730.660000
731.274000
731.904000
732.517000
733.147000
733.761000
734.374000
735.004000
735.617000
736.247000
736.861000
737.474000
738.104000
738.718000
739.348000
739.961000
740.575000
741.205000
741.818000
742.448000
743.061000
743.675000
744.305000
744.918000
745.548000
746.162000
746.775000
747.405000
748.019000
748.649000
749.262000
749.876000
750.506000
751.119000
751.119000
751.749000
752.362000
752.976000
753.606000
754.219000
754.833000
755.463000
756.076000
756.706000
757.320000
757.933000
758.563000
759.176000
759.806000
760.420000
761.033000
761.663000
762.277000
762.907000
763.520000
764.134000
764.764000
765.377000
766.007000
766.621000
767.234000
767.864000
768.477000
769.107000
769.721000
770.334000
770.964000
771.578000
772.208000
772.821000
773.435000
774.065000
774.678000
775.308000
775.921000
776.535000
777.165000
777.778000
778.408000
789.417000
790.047000
790.660000
791.274000
791.904000
792.517000
793.147000
793.761000
794.374000
795.004000
795.618000
796.248000
796.861000
797.474000
798.104000
798.718000
799.348000
799.961000
800.575000
801.205000
801.818000
802.448000
803.062000
803.675000
804.305000
804.919000
805.549000
806.162000
808.019000
809.262000
809.876000
810.506000
811.119000
811.733000
812.363000
812.976000
814.219000
814.833000
815.463000
816.076000
816.706000
817.320000
817.933000
818.563000
819.177000
819.807000
820.420000
821.034000
821.664000
822.277000
822.907000
823.520000
824.134000
824.764000
825.377000
826.007000
826.621000
827.234000
827.864000
828.478000
829.108000
829.721000
830.334000
830.964000
831.578000
832.208000
832.821000
833.435000
834.065000
834.678000
835.308000
835.922000
835.922000
836.535000
837.165000
837.779000
838.409000
849.417000
850.047000
850.661000
851.274000
851.904000
852.517000
853.147000
853.761000
854.374000
855.004000
855.618000
856.248000
856.861000
858.105000
858.718000
859.348000
859.961000
860.575000
861.205000
861.818000
862.448000
863.062000
863.675000
864.305000
865.549000
866.162000
866.776000
867.406000
868.019000
868.649000
869.262000
869.876000
870.506000
871.119000
871.733000
872.363000
872.976000
873.606000
874.220000
874.833000
875.463000
876.076000
876.707000
877.320000
877.933000
878.563000
879.177000
879.807000
880.420000
881.034000
882.277000
882.907000
883.521000
884.134000
884.764000
885.377000
886.007000
886.621000
887.234000
887.864000
888.478000
889.108000
889.721000
890.335000
890.965000
891.578000
892.208000
892.822000
893.435000
894.065000
894.678000
895.308000
895.922000
896.535000
897.165000
897.779000
898.409000
909.417000
910.047000
910.661000
911.274000
911.904000
912.518000
913.148000
913.761000
914.374000
915.004000
915.618000
916.248000
916.861000
917.475000
918.105000
918.718000
919.348000
919.962000
920.575000
921.205000
921.205000
921.819000
922.449000
923.062000
923.675000
924.305000
924.919000
925.549000
926.162000
927.406000
928.019000
928.633000
929.263000
929.876000
930.506000
931.119000
931.733000
932.363000
932.976000
933.606000
934.220000
934.833000
935.463000
936.077000
936.707000
937.320000
937.934000
938.564000
939.177000
939.807000
940.420000
941.034000
941.664000
942.277000
942.907000
943.521000
944.134000
944.764000
945.378000
946.008000
946.621000
947.234000
947.864000
948.478000
949.108000
949.721000
950.335000
950.965000
951.578000
952.208000
952.822000
953.435000
954.065000
954.679000
955.309000
955.922000
956.535000
957.165000
957.779000
958.409000
969.417000
970.047000
970.661000
971.274000
971.904000
972.518000
973.148000
973.761000
974.375000
975.005000
975.618000
976.248000
976.862000
977.475000
978.105000
978.718000
979.348000
979.962000
980.575000
981.205000
981.819000
982.449000
983.062000
983.676000
984.306000
984.919000
985.549000
986.162000
986.776000
987.406000
988.019000
988.633000
989.263000
990.506000
991.120000
991.733000
992.363000
992.977000
993.607000
994.220000
994.833000
995.463000
996.077000
996.707000
997.320000
997.934000
998.564000
999.177000
999.807000
1000.421000
1001.034000
1001.664000
1002.277000
1002.907000
1003.521000
1004.134000
1004.764000
1005.378000
1006.008000
1007.865000
1008.478000
1009.108000
1009.721000
1010.335000
1010.965000
1011.578000
1013.435000
1014.065000
1014.679000
1015.309000
1015.922000
1017.166000
1017.779000
1018.409000
