1038.653000
1039.897000
1041.140000
1042.383000
1043.627000
1044.854000
1046.097000
1047.341000
1048.584000
1049.827000
1051.054000
1052.298000
1053.541000
1054.785000
1056.028000
1057.255000
1058.498000
1059.742000
1060.985000
1062.212000
1063.456000
1064.699000
1065.942000
1067.186000
1068.413000
1069.656000
1070.900000
1072.143000
1073.386000
1074.613000
1075.857000
1077.100000
1078.344000
1079.587000
1080.814000
1082.057000
1083.301000
1084.544000
1085.788000
1097.426000
1098.653000
1099.897000
1101.140000
1102.384000
1103.627000
1104.854000
1106.097000
1107.341000
1108.584000
1109.828000
1111.054000
1112.298000
1113.541000
1114.785000
1116.012000
1117.255000
1118.499000
1119.742000
1120.985000
1122.212000
1123.456000
1124.699000
1127.186000
1128.413000
1129.656000
1130.900000
1132.143000
1133.387000
1134.613000
1135.857000
1137.100000
1138.344000
1139.587000
1140.814000
1142.058000
1143.301000
1144.544000
1145.788000
1157.426000
1158.653000
1159.897000
1161.140000
1162.384000
1163.627000
1164.854000
1166.097000
1167.341000
1168.584000
1169.828000
1171.055000
1172.298000
1173.542000
1174.785000
1176.012000
1177.255000
1178.499000
1179.742000
1180.986000
1182.212000
1183.456000
1184.699000
1185.943000
1187.186000
1188.413000
1189.657000
1190.900000
1192.143000
1193.387000
1194.614000
1195.857000
1197.101000
1198.344000
1199.587000
1200.814000
1202.058000
1203.301000
1204.545000
1205.788000
1217.427000
1218.654000
1219.897000
1221.140000
1222.384000
1223.627000
1224.854000
1227.341000
1228.584000
1229.828000
1231.055000
1232.298000
1233.542000
1234.785000
1236.012000
1237.255000
1238.499000
1239.742000
1240.986000
1242.213000
1243.456000
1244.699000
1245.943000
1247.186000
1248.413000
1249.657000
1250.900000
1252.144000
1253.387000
1254.614000
1255.857000
1257.101000
1258.344000
1259.588000
1260.814000
1262.058000
1263.301000
1264.545000
1265.772000
1277.427000
1278.654000
1279.897000
1281.141000
1282.384000
1283.628000
1284.854000
1286.098000
1287.341000
1288.585000
1289.812000
1291.055000
1292.298000
1293.542000
1294.785000
1296.012000
1297.256000
1298.499000
1299.742000
1300.986000
1302.213000
1303.456000
1304.700000
1305.943000
1307.187000
1308.413000
1309.657000
1310.900000
1312.144000
1313.387000
1314.614000
1315.857000
1317.101000
1318.344000
1319.588000
1320.815000
1322.058000
1323.302000
1324.545000
1325.772000
1337.427000
1338.654000
1339.897000
1341.141000
1342.384000
1343.628000
1344.854000
1346.098000
1347.341000
1348.585000
1349.812000
1351.055000
1352.299000
1353.542000
1354.785000
1356.012000
1357.256000
1358.499000
1359.743000
1360.986000
1362.213000
1363.456000
1364.700000
1365.943000
1367.187000
1368.414000
1369.657000
1370.900000
1372.144000
1373.387000
1374.614000
1375.858000
1377.101000
1378.344000
1379.588000
1380.815000
1382.058000
1383.302000
1384.545000
1385.772000
1397.427000
1398.654000
1399.897000
1401.141000
1402.384000
1403.628000
1404.855000
1406.098000
1407.342000
1408.585000
1409.812000
1411.055000
1412.299000
1413.542000
1414.786000
1416.012000
1417.256000
1418.499000
1419.743000
1420.986000
1422.213000
1423.457000
1424.700000
1425.943000
1427.187000
1428.414000
1429.657000
1430.901000
1432.144000
1433.387000
1434.614000
1435.858000
1437.101000
1438.345000
1439.571000
1440.815000
1442.058000
1443.302000
1444.545000
1445.772000
1457.427000
1458.654000
1459.898000
1461.141000
1462.385000
1463.628000
1464.855000
1466.098000
1467.342000
1468.585000
1469.812000
1471.055000
1472.299000
1473.542000
1474.786000
1476.013000
1477.256000
1478.499000
1479.743000
1480.986000
1482.213000
1483.457000
1484.700000
1485.944000
1487.187000
1488.414000
1489.657000
1490.901000
1492.144000
1493.388000
1494.614000
1495.858000
1497.101000
1498.345000
1499.572000
1500.815000
1502.059000
1503.302000
1504.545000
1505.772000
1517.427000
1518.654000
1519.898000
1521.141000
1522.385000
1523.612000
1524.855000
1526.098000
1527.342000
1528.585000
1529.812000
1532.299000
1533.542000
1536.013000
1537.256000
1538.500000
1539.743000
1540.987000
1542.213000
1543.457000
1545.944000
1547.187000
1548.414000
1552.144000
1553.388000
1554.615000
1555.858000
1557.102000
1558.345000
1559.572000
1560.815000
1562.059000
1563.302000
1564.546000
1565.772000
1577.428000
1578.655000
1579.898000
1581.141000
1582.385000
1583.612000
1584.855000
1586.099000
1587.342000
1588.585000
1589.812000
1591.056000
1592.299000
1593.543000
1594.786000
1596.013000
1597.256000
1598.500000
1599.743000
1600.987000
1602.214000
1603.457000
1604.700000
1605.944000
1607.187000
1608.414000
1609.658000
1610.901000
1612.145000
1613.388000
1614.615000
1615.858000
1617.102000
1618.345000
1619.572000
1622.059000
1623.302000
1624.546000
1637.428000
1638.655000
1639.898000
1641.142000
1642.385000
1643.612000
1644.855000
1646.099000
1647.342000
1648.586000
1649.812000
1651.056000
1652.299000
1653.543000
1654.786000
1656.013000
1657.257000
1658.500000
1659.743000
1662.214000
1663.457000
1664.701000
1665.944000
1667.187000
1668.414000
1669.658000
1670.901000
1672.145000
1673.372000
1674.615000
1677.102000
1679.572000
1680.816000
1682.059000
1683.302000
1684.546000
1685.773000
1697.428000
1698.655000
1699.898000
1701.142000
1702.385000
1703.612000
1704.855000
1706.099000
1707.342000
1708.586000
1709.813000
1711.056000
1712.300000
1713.543000
1714.786000
1716.013000
1717.257000
1718.500000
1719.744000
1720.987000
1722.214000
1723.457000
1724.701000
1725.944000
1727.188000
1728.415000
1729.658000
1730.901000
1732.145000
1733.372000
1734.615000
1735.859000
1737.102000
1738.345000
1739.572000
1740.816000
1742.059000
1743.303000
1744.546000
1745.773000
