1767.272000
1782.161000
1785.874000
1788.361000
1790.832000
1799.519000
1809.433000
1810.677000
1839.674000
1842.161000
1855.805000
1858.276000
1860.763000
1868.207000
1871.920000
1889.760000
1892.247000
1899.674000
1903.404000
1905.875000
1914.562000
1915.806000
1919.519000
1930.677000
1934.407000
1952.247000
1955.960000
1957.204000
1970.832000
1972.075000
1973.319000
1980.763000
1988.207000
2007.273000
2009.760000
2011.003000
2039.520000
2040.763000
2042.007000
2048.207000
2051.921000
2066.046000
2068.517000
2080.918000
2088.362000
2094.563000
2098.276000
2106.964000
2129.760000
2132.247000
2133.474000
2138.448000
2139.675000
2145.875000
2157.033000
2168.208000
2169.434000
2189.760000
2191.004000
2199.675000
2203.405000
2209.606000
2213.320000
2217.033000
2218.277000
2231.921000
2234.392000
2249.761000
2252.248000
2253.474000
2259.675000
2270.833000
2277.033000
2279.520000
2285.721000
2289.435000
2315.961000
2319.675000
2320.919000
2324.632000
2325.876000
2327.119000
2337.034000
2339.521000
2348.208000
2350.678000
2353.165000
2366.047000
2373.475000
2384.633000
2385.876000
2389.606000
2399.521000
2403.234000
2404.478000
2408.192000
2410.678000
2414.392000
2426.047000
2428.518000
2429.761000
2431.005000
2432.248000
2433.475000
2440.919000
2448.363000
2449.606000
2458.277000
2460.764000
2473.166000
