312.533000
313.776000
318.733000
319.977000
321.203000
324.934000
326.161000
327.404000
329.891000
331.134000
332.361000
334.848000
336.092000
338.562000
339.805000
341.049000
342.292000
344.763000
346.006000
347.249000
348.493000
350.963000
353.450000
357.164000
358.407000
370.046000
371.289000
373.760000
375.003000
377.490000
379.960000
381.204000
383.691000
384.934000
387.404000
389.891000
391.135000
392.361000
394.848000
396.092000
398.562000
399.806000
401.049000
403.536000
404.763000
407.250000
410.963000
412.207000
413.450000
415.921000
417.164000
418.407000
430.046000
431.289000
432.533000
433.776000
435.003000
436.247000
437.490000
438.733000
439.977000
441.204000
443.691000
444.934000
446.161000
448.648000
449.891000
451.135000
453.605000
454.848000
456.092000
457.335000
458.562000
459.806000
461.049000
462.293000
463.536000
464.763000
466.006000
469.737000
470.963000
472.207000
474.694000
475.921000
477.164000
491.290000
492.533000
493.776000
495.003000
496.247000
497.490000
498.734000
499.961000
501.204000
503.691000
506.161000
507.405000
508.648000
511.135000
512.362000
513.605000
514.849000
517.336000
518.562000
519.806000
521.049000
522.293000
523.536000
526.006000
528.493000
529.737000
530.964000
532.207000
533.451000
534.694000
535.921000
537.164000
538.408000
550.046000
551.290000
552.533000
553.777000
555.004000
557.490000
558.734000
559.961000
561.204000
566.161000
568.648000
571.135000
572.362000
576.092000
578.563000
579.806000
581.049000
582.293000
583.536000
584.763000
586.007000
587.250000
588.494000
590.964000
592.207000
598.408000
612.533000
613.777000
615.004000
616.247000
617.491000
619.961000
621.204000
622.448000
627.405000
629.892000
632.362000
633.606000
634.849000
636.092000
637.336000
638.563000
642.293000
643.536000
644.763000
647.250000
649.721000
650.964000
652.207000
654.694000
655.921000
657.165000
658.408000
670.047000
671.290000
672.534000
673.777000
675.004000
676.247000
677.491000
678.734000
682.448000
687.405000
688.649000
689.892000
691.135000
692.362000
693.606000
696.093000
697.336000
698.563000
699.806000
702.293000
704.764000
708.494000
709.721000
710.964000
712.208000
713.451000
715.921000
717.165000
718.408000
730.047000
731.274000
732.517000
735.004000
737.474000
738.718000
739.961000
741.205000
742.448000
743.675000
746.162000
747.405000
748.649000
749.876000
751.119000
752.362000
753.606000
754.833000
756.076000
757.320000
758.563000
759.806000
761.033000
762.277000
764.764000
767.234000
768.477000
769.721000
773.435000
774.678000
777.165000
790.047000
795.004000
796.248000
797.474000
798.718000
799.961000
802.448000
803.675000
804.919000
809.876000
812.363000
814.833000
816.076000
818.563000
819.807000
822.277000
824.764000
826.007000
827.234000
830.964000
832.208000
833.435000
834.678000
835.922000
837.165000
850.047000
852.517000
855.004000
856.248000
859.961000
861.205000
862.448000
863.675000
867.406000
868.649000
869.876000
871.119000
872.363000
873.606000
877.320000
879.807000
881.034000
882.277000
883.521000
884.764000
886.007000
887.234000
888.478000
889.721000
890.965000
894.678000
895.922000
897.165000
898.409000
910.047000
911.274000
913.761000
916.248000
918.718000
919.962000
921.205000
922.449000
923.675000
924.919000
927.406000
928.633000
929.876000
931.119000
932.363000
933.606000
936.077000
937.320000
938.564000
939.807000
943.521000
944.764000
946.008000
948.478000
949.721000
952.208000
953.435000
954.679000
955.922000
957.165000
971.274000
972.518000
973.761000
975.005000
978.718000
979.962000
981.205000
982.449000
983.676000
986.162000
987.406000
992.363000
994.833000
997.320000
998.564000
999.807000
1001.034000
1002.277000
1006.008000
1008.478000
1010.965000
1013.435000
1015.922000
1017.166000
1018.409000
