1767.281000
1768.524000
1769.768000
1771.011000
1772.254000
1773.481000
1774.725000
1775.968000
1779.682000
1780.925000
1784.656000
1785.883000
1788.369000
1789.613000
1790.840000
1797.040000
1798.284000
1799.527000
1800.771000
1804.484000
1805.728000
1806.971000
1808.215000
1809.442000
1810.685000
1814.415000
1826.054000
1831.011000
1835.968000
1837.212000
1838.455000
1840.926000
1842.169000
1843.412000
1844.656000
1845.883000
1847.126000
1848.370000
1849.613000
1850.840000
1852.083000
1853.327000
1854.570000
1855.814000
1857.041000
1858.284000
1859.527000
1860.771000
1862.014000
1863.241000
1864.485000
1865.728000
1868.215000
1871.929000
1873.172000
1887.281000
1888.524000
1889.768000
1891.011000
1892.255000
1893.482000
1894.725000
1897.212000
1898.455000
1899.682000
1902.169000
1903.413000
1905.883000
1907.126000
1908.370000
1909.613000
1912.084000
1915.814000
1918.284000
1919.528000
1920.771000
1922.014000
1923.241000
1924.485000
1925.728000
1931.929000
1947.281000
1948.525000
1949.768000
1953.482000
1954.725000
1957.212000
1962.169000
1967.126000
1970.840000
1972.084000
1973.327000
1975.814000
1977.041000
1978.284000
1979.528000
1980.771000
1982.015000
1983.241000
1984.485000
1985.728000
1988.215000
1991.929000
1994.416000
2007.281000
2009.768000
2011.012000
2012.255000
2013.482000
2015.969000
2017.212000
2018.456000
2020.926000
2023.413000
2024.640000
2025.883000
2027.127000
2028.370000
2032.084000
2035.814000
2037.041000
2038.284000
2039.528000
2040.771000
2042.015000
2043.242000
2044.485000
2045.729000
2048.215000
2050.686000
2051.929000
2053.173000
2054.416000
2066.055000
2067.282000
2068.525000
2069.768000
2071.012000
2072.255000
2073.482000
2075.969000
2079.683000
2080.926000
2082.170000
2083.413000
2084.657000
2085.883000
2087.127000
2088.370000
2090.841000
2092.084000
2095.814000
2097.041000
2098.285000
2099.528000
2102.015000
2103.242000
2104.485000
2106.972000
2108.216000
2110.686000
2111.929000
2114.416000
2126.055000
2128.525000
2129.769000
2132.255000
2133.482000
2134.726000
2137.213000
2138.456000
2139.683000
2140.926000
2142.170000
2144.657000
2148.370000
2149.614000
2153.328000
2155.814000
2157.041000
2158.285000
2159.528000
2160.772000
2162.015000
2163.242000
2165.729000
2166.972000
2168.216000
2169.443000
2170.686000
2171.929000
2173.173000
2186.055000
2188.525000
2189.769000
2191.012000
2197.213000
2200.927000
2202.170000
2203.413000
2207.127000
2212.084000
2213.328000
2215.815000
2217.042000
2219.528000
2220.772000
2222.015000
2223.242000
2224.486000
2226.972000
2229.443000
2230.686000
2233.173000
2234.417000
2247.282000
2248.525000
2249.769000
2251.012000
2252.256000
2257.213000
2258.456000
2260.927000
2262.170000
2263.414000
2265.884000
2267.127000
2268.371000
2269.614000
2270.841000
2273.328000
2274.571000
2275.815000
2277.042000
2279.529000
2280.772000
2282.015000
2285.729000
2286.973000
2288.216000
2289.443000
2290.686000
2293.173000
2294.417000
2306.055000
2308.526000
2309.769000
2312.256000
2314.726000
2315.970000
2318.457000
2319.683000
2320.927000
2322.170000
2328.371000
2329.614000
2335.815000
2337.042000
2340.772000
2342.016000
2343.242000
2344.486000
2348.216000
2349.443000
2350.687000
2353.173000
2354.417000
2366.055000
2367.282000
2368.526000
2371.013000
2372.256000
2373.483000
2374.726000
2377.213000
2379.684000
2380.927000
2383.414000
2385.884000
2387.128000
2388.371000
2389.615000
2390.841000
2392.085000
2395.815000
2397.042000
2398.285000
2400.772000
2402.016000
2405.730000
2406.973000
2408.216000
2410.687000
2414.417000
2427.282000
2428.526000
2429.769000
2431.013000
2432.256000
2433.483000
2434.727000
2435.970000
2438.457000
2439.684000
2442.171000
2443.414000
2444.641000
2447.128000
2448.371000
2450.842000
2452.085000
2453.328000
2454.572000
2457.042000
2458.286000
2459.529000
2464.486000
2465.730000
2466.973000
2468.217000
2470.687000
2471.930000
