1762.323000
1762.954000
1763.567000
1764.180000
1764.810000
1765.424000
1766.054000
1766.667000
1767.281000
1767.911000
1768.524000
1769.154000
1769.768000
1770.381000
1771.011000
1771.624000
1772.254000
1772.868000
1773.481000
1774.111000
1774.725000
1775.355000
1775.968000
1776.582000
1777.212000
1777.825000
1778.455000
1779.069000
1779.682000
1780.312000
1780.925000
1781.555000
1782.169000
1782.782000
1783.412000
1784.026000
1784.656000
1785.269000
1785.883000
1786.513000
1787.126000
1787.756000
1788.369000
1788.983000
1789.613000
1790.226000
1790.840000
1791.470000
1792.083000
1792.713000
1793.327000
1793.940000
1794.570000
1795.184000
1795.814000
1796.427000
1797.040000
1797.670000
1798.284000
1798.914000
1799.527000
1800.141000
1800.771000
1801.384000
1802.014000
1802.628000
1803.241000
1803.871000
1804.484000
1805.114000
1805.728000
1806.341000
1806.971000
1807.585000
1808.215000
1808.828000
1809.442000
1810.072000
1810.685000
1811.315000
1811.929000
1812.542000
1813.172000
1813.785000
1814.415000
1822.324000
1822.954000
1823.567000
1824.181000
1824.811000
1825.424000
1826.054000
1826.667000
1827.281000
1827.911000
1828.524000
1829.154000
1829.768000
1830.381000
1831.011000
1831.625000
1832.255000
1832.868000
1833.481000
1834.111000
1834.725000
1835.355000
1835.968000
1836.582000
1837.212000
1837.825000
1838.455000
1839.069000
1839.682000
1840.312000
1840.926000
1841.556000
1842.169000
1842.782000
1843.412000
1844.026000
1844.656000
1845.269000
1845.883000
1846.513000
1847.126000
1847.740000
1848.370000
1848.983000
1849.613000
1850.226000
1850.840000
1851.470000
1852.083000
1852.713000
1853.327000
1853.940000
1854.570000
1855.184000
1855.814000
1856.427000
1857.041000
1857.671000
1858.284000
1858.914000
1859.527000
1860.141000
1860.771000
1861.384000
1862.014000
1862.628000
1863.241000
1863.871000
1864.485000
1865.115000
1865.728000
1866.341000
1866.971000
1867.585000
1868.215000
1868.828000
1869.442000
1870.072000
1870.685000
1871.315000
1871.929000
1872.542000
1873.172000
1873.786000
1874.416000
1882.324000
1882.954000
1883.567000
1884.181000
1884.811000
1885.424000
1886.054000
1886.668000
1887.281000
1887.911000
1888.524000
1889.154000
1889.768000
1890.381000
1891.011000
1891.625000
1892.255000
1892.868000
1893.482000
1894.112000
1894.725000
1895.355000
1895.969000
1896.582000
1897.212000
1897.825000
1898.455000
1899.069000
1899.682000
1900.312000
1900.926000
1901.556000
1902.169000
1902.783000
1903.413000
1904.026000
1904.656000
1905.270000
1905.883000
1906.513000
1907.126000
1907.740000
1908.370000
1908.983000
1909.613000
1910.227000
1910.840000
1911.470000
1912.084000
1912.714000
1913.327000
1913.940000
1914.570000
1915.184000
1915.814000
1916.427000
1917.041000
1917.671000
1918.284000
1918.914000
1919.528000
1920.141000
1920.771000
1921.384000
1922.014000
1922.628000
1923.241000
1923.871000
1924.485000
1925.115000
1925.728000
1926.342000
1926.972000
1927.585000
1928.215000
1928.829000
1929.442000
1930.072000
1930.685000
1931.315000
1931.929000
1932.542000
1933.172000
1933.786000
1934.416000
1942.324000
1942.954000
1943.567000
1944.181000
1944.811000
1945.424000
1946.054000
1946.668000
1947.281000
1947.911000
1948.525000
1949.155000
1949.768000
1950.381000
1951.012000
1951.625000
1952.255000
1952.868000
1953.482000
1954.112000
1954.725000
1955.355000
1955.969000
1956.582000
1957.212000
1957.826000
1958.456000
1959.069000
1959.682000
1960.312000
1960.926000
1961.556000
1962.169000
1962.783000
1963.413000
1964.026000
1964.640000
1965.270000
1965.883000
1966.513000
1967.126000
1967.740000
1968.370000
1968.983000
1969.613000
1970.227000
1970.840000
1971.470000
1972.084000
1972.714000
1973.327000
1973.941000
1974.571000
1975.184000
1975.814000
1976.427000
1977.041000
1977.671000
1978.284000
1978.914000
1979.528000
1980.141000
1980.771000
1981.385000
1982.015000
1982.628000
1983.241000
1983.871000
1984.485000
1985.115000
1985.728000
1986.342000
1986.972000
1987.585000
1988.215000
1988.829000
1989.442000
1990.072000
1990.686000
1991.316000
1991.929000
1992.542000
1993.172000
1993.786000
1994.416000
2002.324000
2002.954000
2003.568000
2004.181000
2004.811000
2005.424000
2006.054000
2006.668000
2007.281000
2007.911000
2008.525000
2009.155000
2009.768000
2010.382000
2011.012000
2011.625000
2012.255000
2012.869000
2013.482000
2014.112000
2014.725000
2015.355000
2015.969000
2016.582000
2017.212000
2017.826000
2018.456000
2019.069000
2019.683000
2020.313000
2020.926000
2021.556000
2022.169000
2022.783000
2023.413000
2024.026000
2024.640000
2025.270000
2025.883000
2026.513000
2027.127000
2027.740000
2028.370000
2028.984000
2029.614000
2030.227000
2030.840000
2031.470000
2032.084000
2032.714000
2033.327000
2033.941000
2034.571000
2035.184000
2035.814000
2036.428000
2037.041000
2037.671000
2038.284000
2038.914000
2039.528000
2040.141000
2040.771000
2041.385000
2042.015000
2042.628000
2043.242000
2043.872000
2044.485000
2045.115000
2045.729000
2046.342000
2046.972000
2047.585000
2048.215000
2048.829000
2049.442000
2050.072000
2050.686000
2051.316000
2051.929000
2052.543000
2053.173000
2053.786000
2054.416000
2062.324000
2062.954000
2063.568000
2064.181000
2064.811000
2065.425000
2066.055000
2066.668000
2067.282000
2067.912000
2068.525000
2069.155000
2069.768000
2070.382000
2071.012000
2071.625000
2072.255000
2072.869000
2073.482000
2074.112000
2074.726000
2075.356000
2075.969000
2076.582000
2077.212000
2077.826000
2078.456000
2079.069000
2079.683000
2080.313000
2080.926000
2081.556000
2082.170000
2082.783000
2083.413000
2084.027000
2084.657000
2085.270000
2085.883000
2086.513000
2087.127000
2087.757000
2088.370000
2088.984000
2089.614000
2090.227000
2090.841000
2091.471000
2092.084000
2092.714000
2093.327000
2093.941000
2094.571000
2095.184000
2095.814000
2096.428000
2097.041000
2097.671000
2098.285000
2098.915000
2099.528000
2100.142000
2100.772000
2101.385000
2102.015000
2102.628000
2103.242000
2103.872000
2104.485000
2105.115000
2105.729000
2106.342000
2106.972000
2107.586000
2108.216000
2108.829000
2109.442000
2110.072000
2110.686000
2111.316000
2111.929000
2112.543000
2113.173000
2113.786000
2114.416000
2122.324000
2122.954000
2123.568000
2124.181000
2124.811000
2125.425000
2126.055000
2126.668000
2127.282000
2127.912000
2128.525000
2129.155000
2129.769000
2130.382000
2131.012000
2131.625000
2132.255000
2132.869000
2133.482000
2134.112000
2134.726000
2135.356000
2135.969000
2136.583000
2137.213000
2137.826000
2138.456000
2139.069000
2139.683000
2140.313000
2140.926000
2141.556000
2142.170000
2142.783000
2143.413000
2144.027000
2144.657000
2145.270000
2145.884000
2146.514000
2147.127000
2147.757000
2148.370000
2148.984000
2149.614000
2150.227000
2150.841000
2151.471000
2152.084000
2152.714000
2153.328000
2153.941000
2154.571000
2155.184000
2155.814000
2156.428000
2157.041000
2157.671000
2158.285000
2158.915000
2159.528000
2160.142000
2160.772000
2161.385000
2162.015000
2162.629000
2163.242000
2163.872000
2164.485000
2165.115000
2165.729000
2166.342000
2166.972000
2167.586000
2168.216000
2168.829000
2169.443000
2170.073000
2170.686000
2171.316000
2171.929000
2172.543000
2173.173000
2173.786000
2174.416000
2182.325000
2182.955000
2183.568000
2184.182000
2184.812000
2185.425000
2186.055000
2186.668000
2187.282000
2187.912000
2188.525000
2189.155000
2189.769000
2190.382000
2191.012000
2191.626000
2192.256000
2192.869000
2193.482000
2194.112000
2194.726000
2195.356000
2195.969000
2196.583000
2197.213000
2197.826000
2198.456000
2199.070000
2199.683000
2200.313000
2200.927000
2201.557000
2202.170000
2202.783000
2203.413000
2204.027000
2204.657000
2205.270000
2205.884000
2206.514000
2207.127000
2207.741000
2208.371000
2208.984000
2209.614000
2210.228000
2210.841000
2211.471000
2212.084000
2212.714000
2213.328000
2213.941000
2214.571000
2215.185000
2215.815000
2216.428000
2217.042000
2217.672000
2218.285000
2218.915000
2219.528000
2220.142000
2220.772000
2221.385000
2222.015000
2222.629000
2223.242000
2223.872000
2224.486000
2225.116000
2225.729000
2226.342000
2226.972000
2227.586000
2228.216000
2228.829000
2229.443000
2230.073000
2230.686000
2231.316000
2231.930000
2232.543000
2233.173000
2233.787000
2234.417000
2242.325000
2242.955000
2243.568000
2244.182000
2244.812000
2245.425000
2246.055000
2246.669000
2247.282000
2247.912000
2248.525000
2249.155000
2249.769000
2250.382000
2251.012000
2251.626000
2252.256000
2252.869000
2253.483000
2254.113000
2254.726000
2255.356000
2255.969000
2256.583000
2257.213000
2257.826000
2258.456000
2259.070000
2259.683000
2260.313000
2260.927000
2261.557000
2262.170000
2262.784000
2263.414000
2264.027000
2264.657000
2265.270000
2265.884000
2266.514000
2267.127000
2267.741000
2268.371000
2268.984000
2269.614000
2270.228000
2270.841000
2271.471000
2272.084000
2272.715000
2273.328000
2273.941000
2274.571000
2275.185000
2275.815000
2276.428000
2277.042000
2277.672000
2278.285000
2278.915000
2279.529000
2280.142000
2280.772000
2281.385000
2282.015000
2282.629000
2283.242000
2283.872000
2284.486000
2285.116000
2285.729000
2286.343000
2286.973000
2287.586000
2288.216000
2288.830000
2289.443000
2290.073000
2290.686000
2291.316000
2291.930000
2292.543000
2293.173000
2293.787000
2294.417000
2302.325000
2302.955000
2303.568000
2304.182000
2304.812000
2305.425000
2306.055000
2306.669000
2307.282000
2307.912000
2308.526000
2309.156000
2309.769000
2310.382000
2311.012000
2311.626000
2312.256000
2312.869000
2313.483000
2314.113000
2314.726000
2315.356000
2315.970000
2316.583000
2317.213000
2317.827000
2318.457000
2319.070000
2319.683000
2320.313000
2320.927000
2321.557000
2322.170000
2322.784000
2323.414000
2324.027000
2324.641000
2325.271000
2325.884000
2326.514000
2327.127000
2327.741000
2328.371000
2328.984000
2329.614000
2330.228000
2330.841000
2331.471000
2332.085000
2332.715000
2333.328000
2333.942000
2334.572000
2335.185000
2335.815000
2336.428000
2337.042000
2337.672000
2338.285000
2338.915000
2339.529000
2340.142000
2340.772000
2341.386000
2342.016000
2342.629000
2343.242000
2343.873000
2344.486000
2345.116000
2345.729000
2346.343000
2346.973000
2347.586000
2348.216000
2348.830000
2349.443000
2350.073000
2350.687000
2351.317000
2351.930000
2352.543000
2353.173000
2353.787000
2354.417000
2362.325000
2362.955000
2363.569000
2364.182000
2364.812000
2365.425000
2366.055000
2366.669000
2367.282000
2367.912000
2368.526000
2369.156000
2369.769000
2370.383000
2371.013000
2371.626000
2372.256000
2372.870000
2373.483000
2374.113000
2374.726000
2375.356000
2375.970000
2376.583000
2377.213000
2377.827000
2378.457000
2379.070000
2379.684000
2380.314000
2380.927000
2381.557000
2382.170000
2382.784000
2383.414000
2384.027000
2384.641000
2385.271000
2385.884000
2386.514000
2387.128000
2387.741000
2388.371000
2388.985000
2389.615000
2390.228000
2390.841000
2391.471000
2392.085000
2392.715000
2393.328000
2393.942000
2394.572000
2395.185000
2395.815000
2396.429000
2397.042000
2397.672000
2398.285000
2398.915000
2399.529000
2400.142000
2400.772000
2401.386000
2402.016000
2402.629000
2403.243000
2403.873000
2404.486000
2405.116000
2405.730000
2406.343000
2406.973000
2407.586000
2408.216000
2408.830000
2409.443000
2410.073000
2410.687000
2411.317000
2411.930000
2412.544000
2413.174000
2413.787000
2414.417000
2422.325000
2422.955000
2423.569000
2424.182000
2424.812000
2425.426000
2426.056000
2426.669000
2427.282000
2427.912000
2428.526000
2429.156000
2429.769000
2430.383000
2431.013000
2431.626000
2432.256000
2432.870000
2433.483000
2434.113000
2434.727000
2435.357000
2435.970000
2436.583000
2437.213000
2437.827000
2438.457000
2439.070000
2439.684000
2440.314000
2440.927000
2441.541000
2442.171000
2442.784000
2443.414000
2444.027000
2444.641000
2445.271000
2445.884000
2446.514000
2447.128000
2447.741000
2448.371000
2448.985000
2449.615000
2450.228000
2450.842000
2451.472000
2452.085000
2452.715000
2453.328000
2453.942000
2454.572000
2455.185000
2455.815000
2456.429000
2457.042000
2457.672000
2458.286000
2458.916000
2459.529000
2460.142000
2460.772000
2461.386000
2462.016000
2462.629000
2463.243000
2463.873000
2464.486000
2465.116000
2465.730000
2466.343000
2466.973000
2467.587000
2468.217000
2468.830000
2469.443000
2470.073000
2470.687000
2471.317000
2471.930000
2472.544000
2473.174000
2473.787000
2474.401000
