310.665000
311.295000
311.908000
312.522000
313.152000
313.765000
314.395000
315.008000
315.622000
316.252000
316.865000
317.495000
318.722000
319.352000
319.966000
320.596000
321.209000
321.822000
322.452000
323.066000
323.696000
324.309000
324.923000
325.553000
326.166000
326.796000
327.410000
328.023000
328.653000
329.267000
329.897000
330.510000
331.123000
331.753000
332.367000
332.997000
333.610000
334.224000
334.854000
335.467000
336.081000
336.711000
337.324000
338.567000
339.181000
339.811000
340.424000
341.054000
341.668000
342.281000
342.911000
343.525000
344.155000
344.768000
345.381000
346.012000
346.625000
347.255000
347.868000
348.482000
349.112000
349.725000
350.355000
350.969000
351.582000
352.212000
353.456000
354.069000
354.682000
355.312000
355.926000
356.556000
357.169000
357.783000
358.413000
369.421000
370.051000
370.665000
371.295000
371.908000
372.522000
373.152000
373.765000
374.395000
375.009000
375.622000
376.252000
376.865000
377.495000
378.109000
378.722000
379.352000
379.966000
380.596000
381.209000
381.823000
382.453000
383.066000
383.696000
384.309000
384.923000
385.553000
386.166000
386.796000
387.410000
388.023000
388.653000
389.267000
389.897000
390.510000
391.124000
391.754000
392.367000
392.997000
393.610000
394.224000
394.854000
395.467000
396.711000
397.324000
397.954000
398.568000
399.181000
399.811000
400.424000
401.054000
401.668000
402.281000
402.911000
403.525000
404.155000
404.768000
405.382000
406.012000
406.625000
407.255000
407.869000
409.112000
409.725000
410.355000
410.969000
411.582000
412.212000
412.826000
413.456000
414.069000
414.683000
415.313000
415.926000
416.556000
417.783000
418.413000
429.422000
430.052000
430.665000
431.295000
431.908000
432.522000
433.152000
433.765000
434.395000
435.009000
436.252000
436.866000
437.496000
438.109000
438.722000
439.352000
439.966000
440.596000
441.209000
441.823000
442.453000
443.066000
443.696000
444.310000
444.923000
445.553000
446.167000
446.797000
447.410000
448.023000
448.653000
449.267000
449.897000
450.510000
451.124000
451.754000
452.367000
452.981000
453.611000
454.224000
454.854000
455.467000
456.081000
456.711000
457.324000
457.954000
458.568000
459.181000
459.811000
462.282000
462.912000
463.525000
464.155000
464.768000
465.382000
466.012000
466.625000
467.255000
467.869000
468.482000
469.112000
469.726000
470.356000
470.969000
471.582000
472.212000
472.826000
473.456000
474.683000
475.313000
475.926000
476.556000
477.170000
477.783000
478.413000
489.422000
490.052000
490.665000
491.295000
491.909000
492.522000
493.152000
493.765000
494.395000
495.009000
495.622000
496.252000
496.866000
497.496000
498.109000
498.723000
500.596000
501.210000
501.823000
502.453000
503.066000
503.696000
504.310000
504.923000
505.553000
506.167000
506.797000
507.410000
508.654000
509.267000
509.897000
510.510000
511.124000
511.754000
512.367000
512.981000
513.611000
514.224000
514.854000
515.468000
516.081000
516.711000
517.324000
517.955000
518.568000
519.181000
519.811000
520.425000
521.055000
521.668000
522.282000
522.912000
523.525000
524.155000
524.769000
525.382000
526.012000
526.625000
527.255000
527.869000
528.482000
529.112000
529.726000
530.356000
530.969000
531.583000
532.213000
532.826000
533.456000
534.069000
534.683000
535.313000
535.926000
536.556000
537.170000
538.413000
549.422000
550.052000
550.665000
551.295000
551.909000
552.522000
553.152000
553.766000
554.396000
555.009000
555.622000
556.252000
556.866000
557.496000
558.109000
558.723000
559.353000
559.966000
560.596000
561.210000
561.823000
562.453000
563.067000
563.697000
564.310000
564.923000
565.553000
566.167000
566.797000
567.410000
568.024000
568.654000
569.267000
569.881000
570.511000
571.124000
571.754000
572.367000
572.981000
573.611000
574.224000
574.854000
575.468000
576.081000
576.711000
577.325000
577.955000
578.568000
579.812000
580.425000
581.055000
581.668000
582.282000
582.912000
583.525000
584.155000
584.769000
585.382000
586.012000
586.626000
587.256000
587.869000
588.482000
589.112000
589.726000
590.356000
590.969000
591.583000
592.213000
592.826000
593.456000
594.070000
594.683000
595.313000
595.927000
596.557000
597.170000
597.783000
598.413000
609.422000
610.052000
610.665000
611.295000
611.909000
612.522000
613.152000
613.766000
614.396000
615.009000
615.623000
616.253000
616.866000
618.723000
619.353000
619.966000
620.596000
621.210000
621.823000
622.453000
623.067000
623.697000
624.310000
624.924000
625.554000
626.167000
626.797000
627.410000
628.024000
628.654000
629.267000
630.511000
631.124000
631.754000
632.368000
632.981000
633.611000
634.225000
634.855000
635.468000
636.081000
636.711000
637.325000
637.955000
638.568000
639.182000
639.812000
640.425000
641.055000
641.669000
642.282000
642.912000
643.525000
644.156000
644.769000
645.382000
646.012000
646.626000
647.256000
647.869000
648.483000
649.113000
649.726000
650.356000
650.970000
651.583000
652.213000
652.826000
653.456000
654.070000
654.683000
655.313000
655.927000
656.557000
657.170000
657.784000
658.414000
669.422000
670.052000
670.666000
671.296000
671.909000
672.523000
673.152000
673.766000
676.866000
677.496000
678.110000
678.723000
679.353000
679.967000
680.597000
681.210000
681.823000
682.453000
683.067000
683.697000
684.310000
684.924000
685.554000
686.167000
689.881000
690.511000
691.124000
691.754000
692.368000
692.981000
693.611000
694.225000
694.855000
695.468000
696.082000
696.712000
697.325000
697.955000
698.568000
699.182000
699.812000
700.425000
701.055000
701.669000
702.282000
702.912000
703.526000
704.156000
704.769000
705.382000
706.013000
706.626000
707.256000
707.869000
708.483000
709.113000
709.726000
710.356000
710.970000
711.583000
712.213000
713.457000
714.070000
714.683000
715.313000
715.927000
716.557000
717.170000
717.784000
718.414000
729.422000
730.052000
730.666000
731.296000
731.909000
732.523000
733.153000
733.766000
734.396000
735.010000
735.623000
736.253000
736.866000
737.496000
738.110000
738.723000
739.353000
739.967000
740.597000
741.210000
741.824000
742.454000
743.067000
743.697000
744.310000
744.924000
745.554000
746.167000
746.781000
747.411000
748.024000
748.654000
749.881000
750.511000
751.125000
751.755000
752.368000
752.981000
753.611000
754.225000
754.855000
755.468000
756.082000
756.712000
757.325000
757.955000
758.569000
759.182000
759.812000
760.425000
761.055000
761.669000
762.282000
762.912000
764.156000
764.769000
765.383000
766.013000
766.626000
767.256000
767.870000
771.583000
772.213000
773.457000
774.070000
774.684000
775.927000
776.557000
777.170000
789.423000
790.053000
790.666000
791.296000
791.909000
792.523000
793.766000
794.396000
795.010000
795.623000
796.253000
796.867000
797.497000
798.723000
799.353000
799.967000
800.597000
801.210000
801.824000
802.454000
803.067000
803.681000
804.311000
804.924000
805.554000
806.781000
807.411000
808.024000
808.654000
809.268000
809.881000
810.511000
811.125000
811.755000
812.368000
812.982000
813.612000
814.225000
814.855000
815.468000
816.712000
817.325000
817.955000
818.569000
819.182000
819.812000
820.426000
821.056000
821.669000
822.282000
822.913000
824.156000
824.769000
825.383000
826.013000
826.626000
827.256000
827.870000
828.483000
829.113000
829.727000
830.357000
830.970000
831.583000
832.213000
832.827000
833.457000
834.070000
834.684000
835.314000
835.927000
836.541000
837.171000
837.784000
838.414000
849.423000
850.053000
850.666000
851.296000
851.910000
852.523000
853.153000
853.766000
854.396000
855.623000
856.253000
856.867000
857.497000
858.110000
859.354000
859.967000
860.597000
861.210000
861.824000
862.454000
863.067000
863.681000
864.311000
864.924000
865.554000
866.168000
866.781000
867.411000
868.025000
868.655000
869.268000
869.881000
870.511000
871.125000
871.755000
872.368000
872.982000
874.225000
874.855000
875.469000
876.082000
876.712000
877.325000
877.955000
878.569000
879.182000
879.812000
880.426000
881.056000
881.669000
882.283000
882.913000
883.526000
884.156000
884.770000
885.383000
886.013000
886.626000
887.256000
887.870000
891.584000
892.214000
892.827000
893.457000
894.070000
894.684000
895.314000
895.927000
896.541000
897.171000
898.414000
909.423000
910.053000
910.666000
911.296000
911.910000
912.523000
913.153000
913.767000
914.397000
915.010000
915.623000
916.253000
916.867000
917.497000
918.110000
918.724000
919.354000
919.967000
920.581000
921.211000
921.824000
922.454000
923.068000
923.681000
924.311000
924.924000
925.554000
926.168000
926.781000
927.411000
928.025000
928.655000
929.268000
929.882000
930.512000
931.125000
931.755000
932.368000
932.982000
934.225000
934.855000
935.469000
936.082000
936.712000
937.326000
937.956000
938.569000
939.183000
939.813000
940.426000
941.056000
941.669000
942.283000
942.913000
943.526000
944.156000
944.770000
945.383000
946.013000
946.627000
947.257000
947.870000
948.483000
949.113000
949.727000
950.357000
950.970000
951.584000
952.214000
952.827000
953.441000
954.071000
954.684000
955.314000
955.928000
956.541000
957.171000
957.784000
958.414000
969.423000
970.053000
970.666000
971.296000
971.910000
972.523000
973.153000
973.767000
974.397000
975.010000
975.624000
976.254000
976.867000
977.497000
978.110000
978.724000
979.354000
979.967000
980.581000
981.211000
981.824000
982.454000
983.068000
983.681000
984.311000
984.925000
985.555000
986.168000
986.781000
987.411000
988.025000
988.655000
989.268000
989.882000
990.512000
991.125000
992.369000
992.982000
993.612000
994.225000
994.855000
995.469000
996.082000
996.712000
997.326000
997.956000
998.569000
999.183000
999.813000
1000.426000
1001.056000
1001.670000
1002.283000
1002.913000
1003.526000
1004.156000
1005.383000
1006.013000
1006.627000
1007.257000
1007.870000
1008.484000
1009.114000
1009.727000
1010.357000
1010.970000
1014.684000
1016.541000
1017.171000
