1039.287000
1040.530000
1043.001000
1044.244000
1046.731000
1047.974000
1049.201000
1050.445000
1052.932000
1055.402000
1056.645000
1057.889000
1059.132000
1060.376000
1065.333000
1067.803000
1069.047000
1070.290000
1071.533000
1072.760000
1074.004000
1076.491000
1077.734000
1078.961000
1080.204000
1081.448000
1082.691000
1085.162000
1098.044000
1100.530000
1101.774000
1103.001000
1104.244000
1105.488000
1106.731000
1109.201000
1111.688000
1112.932000
1115.402000
1116.646000
1119.132000
1121.603000
1125.333000
1126.560000
1130.290000
1134.004000
1136.491000
1137.734000
1140.205000
1141.448000
1142.691000
1143.935000
1145.162000
1146.405000
1159.287000
1161.774000
1163.001000
1165.488000
1167.975000
1169.202000
1170.445000
1171.688000
1174.175000
1175.402000
1179.133000
1180.376000
1181.603000
1185.333000
1186.560000
1187.803000
1189.047000
1191.534000
1192.761000
1194.004000
1195.248000
1197.734000
1198.961000
1200.205000
1201.448000
1202.692000
1203.935000
1206.405000
1218.044000
1220.531000
1223.001000
1224.245000
1230.445000
1231.689000
1234.176000
1235.402000
1236.646000
1239.133000
1240.360000
1241.603000
1245.333000
1246.560000
1247.804000
1250.291000
1251.534000
1252.761000
1255.248000
1256.491000
1257.735000
1260.205000
1261.448000
1262.692000
1265.162000
1266.406000
1278.044000
1279.288000
1280.531000
1281.774000
1283.001000
1284.245000
1286.732000
1287.975000
1289.202000
1290.445000
1292.932000
1295.403000
1296.646000
1297.889000
1300.360000
1301.603000
1302.847000
1305.334000
1306.560000
1309.047000
1310.291000
1311.534000
1312.761000
1314.004000
1315.248000
1316.491000
1318.962000
1320.205000
1321.448000
1322.692000
1325.162000
1326.406000
1339.288000
1340.531000
1343.001000
1344.245000
1345.488000
1346.732000
1349.202000
1350.446000
1355.403000
1356.646000
1357.890000
1359.133000
1360.360000
1362.847000
1364.090000
1365.334000
1366.561000
1369.047000
1370.291000
1371.534000
1374.005000
1375.248000
1376.491000
1378.962000
1380.205000
1382.692000
1383.936000
1386.406000
1399.288000
1400.531000
1401.775000
1403.002000
1404.245000
1405.489000
1406.732000
1407.975000
1409.202000
1410.446000
1414.176000
1419.133000
1420.360000
1421.603000
1422.847000
1426.561000
1427.804000
1429.048000
1430.291000
1432.761000
1434.005000
1440.205000
1441.449000
1446.406000
1458.045000
1459.288000
1460.531000
1463.002000
1467.976000
1469.202000
1470.446000
1471.689000
1474.160000
1475.403000
1476.646000
1477.890000
1480.360000
1484.091000
1485.334000
1486.561000
1487.804000
1489.048000
1490.291000
1492.761000
1494.005000
1495.248000
1497.735000
1498.962000
1500.206000
1501.449000
1502.692000
1503.936000
1506.406000
1519.288000
1520.532000
1521.775000
1524.245000
1525.489000
1529.203000
1530.446000
1531.689000
1535.403000
1539.134000
1540.360000
1542.847000
1544.091000
1545.334000
1549.048000
1551.535000
1554.005000
1557.735000
1558.962000
1561.449000
1562.693000
1565.163000
1566.406000
1578.045000
1579.288000
1580.532000
1581.775000
1583.002000
1585.489000
1586.732000
1587.976000
1589.203000
1590.446000
1591.690000
1592.933000
1594.160000
1596.647000
1597.890000
1599.134000
1600.361000
1601.604000
1602.847000
1605.334000
1606.561000
1611.535000
1612.762000
1614.005000
1615.249000
1616.492000
1618.962000
1621.449000
1622.693000
1623.920000
1625.163000
1638.045000
1639.289000
1640.532000
1641.775000
1643.002000
1644.246000
1645.489000
1646.733000
1649.203000
1651.690000
1652.933000
1655.404000
1656.647000
1657.890000
1659.134000
1660.361000
1661.604000
1664.091000
1665.334000
1666.561000
1667.805000
1669.048000
1671.535000
1672.762000
1674.005000
1675.249000
1676.492000
1677.736000
1678.963000
1681.449000
1682.693000
1683.920000
1685.163000
1698.045000
1700.516000
1701.759000
1704.246000
1706.716000
1707.960000
1709.203000
1711.673000
1714.160000
1716.647000
1717.874000
1719.117000
1722.848000
1724.075000
1725.318000
1727.805000
1729.032000
1730.275000
1731.519000
1732.762000
1734.006000
1735.232000
1736.476000
1740.206000
1743.920000
1745.163000
