1038.673000
1039.900000
1041.144000
1042.387000
1043.631000
1044.874000
1046.101000
1047.344000
1048.588000
1049.831000
1052.302000
1053.545000
1054.788000
1056.032000
1057.275000
1058.502000
1059.746000
1060.989000
1062.233000
1063.476000
1064.703000
1065.946000
1067.190000
1068.433000
1069.660000
1070.903000
1072.147000
1073.390000
1074.634000
1075.861000
1077.104000
1078.348000
1079.591000
1080.834000
1082.061000
1083.305000
1084.548000
1085.792000
1097.430000
1098.674000
1099.900000
1101.144000
1102.387000
1103.631000
1104.874000
1106.101000
1107.345000
1108.588000
1109.831000
1111.075000
1112.302000
1113.545000
1116.032000
1117.275000
1118.502000
1119.746000
1120.989000
1122.233000
1123.460000
1124.703000
1125.946000
1127.190000
1128.433000
1129.660000
1130.904000
1133.391000
1134.634000
1135.861000
1137.104000
1138.348000
1139.591000
1140.835000
1142.061000
1143.305000
1144.548000
1145.792000
1157.430000
1158.674000
1159.901000
1161.144000
1162.388000
1163.631000
1164.874000
1166.101000
1167.345000
1168.588000
1169.832000
1171.075000
1172.302000
1173.545000
1174.789000
1176.032000
1177.276000
1178.503000
1179.746000
1180.989000
1182.233000
1183.460000
1184.703000
1185.947000
1187.190000
1188.433000
1189.660000
1190.904000
1192.147000
1193.391000
1194.634000
1198.348000
1199.591000
1202.062000
1203.305000
1204.548000
1205.792000
1218.674000
1219.901000
1221.144000
1222.388000
1223.631000
1224.875000
1226.101000
1227.345000
1228.588000
1229.832000
1231.075000
1232.302000
1233.546000
1234.789000
1236.032000
1237.276000
1238.503000
1239.746000
1240.990000
1242.233000
1243.460000
1244.703000
1245.947000
1247.190000
1248.434000
1250.904000
1252.147000
1253.391000
1254.634000
1255.861000
1257.105000
1258.348000
1259.591000
1260.835000
1262.062000
1263.305000
1264.549000
1265.792000
1277.431000
1278.674000
1281.144000
1282.388000
1283.631000
1284.875000
1286.102000
1287.345000
1288.588000
1289.832000
1291.075000
1292.302000
1293.546000
1294.789000
1296.033000
1297.276000
1298.503000
1299.746000
1302.233000
1303.460000
1304.704000
1305.947000
1307.190000
1308.434000
1309.661000
1310.904000
1312.148000
1313.391000
1314.634000
1315.861000
1317.105000
1318.348000
1319.592000
1320.835000
1322.062000
1323.305000
1324.549000
1325.792000
1337.431000
1338.674000
1339.901000
1341.145000
1342.388000
1343.631000
1344.875000
1346.102000
1347.345000
1348.589000
1349.832000
1351.076000
1352.302000
1353.546000
1354.789000
1356.033000
1357.260000
1358.503000
1359.746000
1360.990000
1362.233000
1363.460000
1364.704000
1365.947000
1367.191000
1368.434000
1369.661000
1370.904000
1372.148000
1373.391000
1374.635000
1375.861000
1377.105000
1378.348000
1379.592000
1380.835000
1382.062000
1383.306000
1384.549000
1385.792000
1397.431000
1398.674000
1399.901000
1401.145000
1402.388000
1403.632000
1404.875000
1406.102000
1407.345000
1408.589000
1409.832000
1411.076000
1412.303000
1413.546000
1414.789000
1416.033000
1417.260000
1418.503000
1419.747000
1420.990000
1422.234000
1423.460000
1424.704000
1425.947000
1427.191000
1428.434000
1429.661000
1430.904000
1432.148000
1433.391000
1439.592000
1440.835000
1442.062000
1443.306000
1444.549000
1445.793000
1457.431000
1458.675000
1459.901000
1461.145000
1462.388000
1464.875000
1466.102000
1467.346000
1468.589000
1469.832000
1471.076000
1472.303000
1473.546000
1474.790000
1476.033000
1477.260000
1478.503000
1479.747000
1480.990000
1482.234000
1483.461000
1484.704000
1485.947000
1487.191000
1488.434000
1489.661000
1490.905000
1492.148000
1493.391000
1494.635000
1495.862000
1497.105000
1498.349000
1499.592000
1500.836000
1502.062000
1503.306000
1504.549000
1505.793000
1517.431000
1518.675000
1519.902000
1521.145000
1522.389000
1524.875000
1526.102000
1527.346000
1528.589000
1529.833000
1531.076000
1533.546000
1534.790000
1539.747000
1540.990000
1542.234000
1543.461000
1544.704000
1545.948000
1547.191000
1548.434000
1549.661000
1550.905000
1552.148000
1553.392000
1554.635000
1558.349000
1559.592000
1560.836000
1562.063000
1563.306000
1564.549000
1565.793000
1577.432000
1578.675000
1579.902000
1581.145000
1582.389000
1583.632000
1584.876000
1586.102000
1587.346000
1588.589000
1589.833000
1591.060000
1592.303000
1593.546000
1596.033000
1597.260000
1598.504000
1599.747000
1600.991000
1602.234000
1603.461000
1605.948000
1607.191000
1608.435000
1609.661000
1610.905000
1612.148000
1613.392000
1614.635000
1615.862000
1617.106000
1618.349000
1619.592000
1623.306000
1624.550000
1625.793000
1637.432000
1638.675000
1639.902000
1641.145000
1642.389000
1644.876000
1646.103000
1647.346000
1648.589000
1649.833000
1651.060000
1652.303000
1653.547000
1654.790000
1656.034000
1657.260000
1658.504000
1659.747000
1660.991000
1662.234000
1663.461000
1664.704000
1665.948000
1667.191000
1668.435000
1669.662000
1670.905000
1672.149000
1673.392000
1674.635000
1675.862000
1677.106000
1678.349000
1679.593000
1680.836000
1682.063000
1683.306000
1684.550000
1685.793000
1697.415000
1698.659000
1699.902000
1701.146000
1702.372000
1703.616000
1706.103000
1707.346000
1708.573000
1709.817000
1711.060000
1712.303000
1713.547000
1714.774000
1716.017000
1717.261000
1718.504000
1719.747000
1720.974000
1722.218000
1723.461000
1724.705000
1725.931000
1727.175000
1728.418000
1729.662000
1730.905000
1732.132000
1733.376000
1734.619000
1735.862000
1738.333000
1739.576000
1740.820000
1742.063000
1743.307000
1744.533000
1745.777000
