1034.330000
1034.943000
1035.573000
1036.187000
1036.800000
1037.430000
1038.043000
1038.673000
1039.287000
1039.900000
1040.530000
1041.144000
1041.774000
1042.387000
1043.001000
1043.631000
1044.244000
1044.874000
1045.488000
1046.101000
1046.731000
1047.344000
1047.974000
1048.588000
1049.201000
1049.831000
1050.445000
1051.075000
1051.688000
1052.302000
1052.932000
1053.545000
1054.175000
1054.788000
1055.402000
1056.032000
1056.645000
1057.275000
1057.889000
1058.502000
1059.132000
1059.746000
1060.376000
1060.989000
1061.603000
1062.233000
1062.846000
1063.476000
1064.089000
1064.703000
1065.333000
1065.946000
1066.560000
1067.190000
1067.803000
1068.433000
1069.047000
1069.660000
1070.290000
1070.903000
1071.533000
1072.147000
1072.760000
1073.390000
1074.004000
1074.634000
1075.247000
1075.861000
1076.491000
1077.104000
1077.734000
1078.348000
1078.961000
1079.591000
1080.204000
1080.834000
1081.448000
1082.061000
1082.691000
1083.305000
1083.935000
1084.548000
1085.162000
1085.792000
1086.405000
1094.330000
1094.943000
1095.573000
1096.187000
1096.800000
1097.430000
1098.044000
1098.674000
1099.287000
1099.900000
1100.530000
1101.144000
1101.774000
1102.387000
1103.001000
1103.631000
1104.244000
1104.874000
1105.488000
1106.101000
1106.731000
1107.345000
1107.975000
1108.588000
1109.201000
1109.831000
1110.445000
1111.075000
1111.688000
1112.302000
1112.932000
1113.545000
1114.175000
1114.789000
1115.402000
1116.032000
1116.646000
1117.275000
1117.889000
1118.502000
1119.132000
1119.746000
1120.376000
1120.989000
1121.603000
1122.233000
1122.846000
1123.460000
1124.090000
1124.703000
1125.333000
1125.946000
1126.560000
1127.190000
1127.803000
1128.433000
1129.047000
1129.660000
1130.290000
1130.904000
1131.534000
1132.147000
1132.760000
1133.391000
1134.004000
1134.634000
1135.247000
1135.861000
1136.491000
1137.104000
1137.734000
1138.348000
1138.961000
1139.591000
1140.205000
1140.835000
1141.448000
1142.061000
1142.691000
1143.305000
1143.935000
1144.548000
1145.162000
1145.792000
1146.405000
1154.330000
1154.943000
1155.573000
1156.187000
1156.800000
1157.430000
1158.044000
1158.674000
1159.287000
1159.901000
1160.531000
1161.144000
1161.774000
1162.388000
1163.001000
1163.631000
1164.244000
1164.874000
1165.488000
1166.101000
1166.731000
1167.345000
1167.975000
1168.588000
1169.202000
1169.832000
1170.445000
1171.075000
1171.688000
1172.302000
1172.932000
1173.545000
1174.175000
1174.789000
1175.402000
1176.032000
1176.646000
1177.276000
1177.889000
1178.503000
1179.133000
1179.746000
1180.376000
1180.989000
1181.603000
1182.233000
1182.846000
1183.460000
1184.090000
1184.703000
1185.333000
1185.947000
1186.560000
1187.190000
1187.803000
1188.433000
1189.047000
1189.660000
1190.290000
1190.904000
1191.534000
1192.147000
1192.761000
1193.391000
1194.004000
1194.634000
1195.248000
1195.861000
1196.491000
1197.104000
1197.734000
1198.348000
1198.961000
1199.591000
1200.205000
1200.835000
1201.448000
1202.062000
1202.692000
1203.305000
1203.935000
1204.548000
1205.162000
1205.792000
1206.405000
1214.330000
1214.944000
1215.574000
1216.187000
1216.801000
1217.431000
1218.044000
1218.674000
1219.287000
1219.901000
1220.531000
1221.144000
1221.774000
1222.388000
1223.001000
1223.631000
1224.245000
1224.875000
1225.488000
1226.101000
1226.731000
1227.345000
1227.975000
1228.588000
1229.202000
1229.832000
1230.445000
1231.075000
1231.689000
1232.302000
1232.932000
1233.546000
1234.176000
1234.789000
1235.402000
1236.032000
1236.646000
1237.276000
1237.889000
1238.503000
1239.133000
1239.746000
1240.360000
1240.990000
1241.603000
1242.233000
1242.846000
1243.460000
1244.090000
1244.703000
1245.333000
1245.947000
1246.560000
1247.190000
1247.804000
1248.434000
1249.047000
1249.660000
1250.291000
1250.904000
1251.534000
1252.147000
1252.761000
1253.391000
1254.004000
1254.634000
1255.248000
1255.861000
1256.491000
1257.105000
1257.735000
1258.348000
1258.961000
1259.591000
1260.205000
1260.835000
1261.448000
1262.062000
1262.692000
1263.305000
1263.935000
1264.549000
1265.162000
1265.792000
1266.406000
1274.330000
1274.944000
1275.574000
1276.187000
1276.801000
1277.431000
1278.044000
1278.674000
1279.288000
1279.901000
1280.531000
1281.144000
1281.774000
1282.388000
1283.001000
1283.631000
1284.245000
1284.875000
1285.488000
1286.102000
1286.732000
1287.345000
1287.975000
1288.588000
1289.202000
1289.832000
1290.445000
1291.075000
1291.689000
1292.302000
1292.932000
1293.546000
1294.176000
1294.789000
1295.403000
1296.033000
1296.646000
1297.276000
1297.889000
1298.503000
1299.133000
1299.746000
1300.360000
1300.990000
1301.603000
1302.233000
1302.847000
1303.460000
1304.090000
1304.704000
1305.334000
1305.947000
1306.560000
1307.190000
1307.804000
1308.434000
1309.047000
1309.661000
1310.291000
1310.904000
1311.534000
1312.148000
1312.761000
1313.391000
1314.004000
1314.634000
1315.248000
1315.861000
1316.491000
1317.105000
1317.735000
1318.348000
1318.962000
1319.592000
1320.205000
1320.835000
1321.448000
1322.062000
1322.692000
1323.305000
1323.935000
1324.549000
1325.162000
1325.792000
1326.406000
1334.331000
1334.944000
1335.574000
1336.187000
1336.801000
1337.431000
1338.044000
1338.674000
1339.288000
1339.901000
1340.531000
1341.145000
1341.775000
1342.388000
1343.001000
1343.631000
1344.245000
1344.875000
1345.488000
1346.102000
1346.732000
1347.345000
1347.975000
1348.589000
1349.202000
1349.832000
1350.446000
1351.076000
1351.689000
1352.302000
1352.932000
1353.546000
1354.176000
1354.789000
1355.403000
1356.033000
1356.646000
1357.260000
1357.890000
1358.503000
1359.133000
1359.746000
1360.360000
1360.990000
1361.603000
1362.233000
1362.847000
1363.460000
1364.090000
1364.704000
1365.334000
1365.947000
1366.561000
1367.191000
1367.804000
1368.434000
1369.047000
1369.661000
1370.291000
1370.904000
1371.534000
1372.148000
1372.761000
1373.391000
1374.005000
1374.635000
1375.248000
1375.861000
1376.491000
1377.105000
1377.735000
1378.348000
1378.962000
1379.592000
1380.205000
1380.835000
1381.449000
1382.062000
1382.692000
1383.306000
1383.936000
1384.549000
1385.162000
1385.792000
1386.406000
1394.331000
1394.944000
1395.574000
1396.188000
1396.801000
1397.431000
1398.044000
1398.674000
1399.288000
1399.901000
1400.531000
1401.145000
1401.775000
1402.388000
1403.002000
1403.632000
1404.245000
1404.875000
1405.489000
1406.102000
1406.732000
1407.345000
1407.975000
1408.589000
1409.202000
1409.832000
1410.446000
1411.076000
1411.689000
1412.303000
1412.933000
1413.546000
1414.176000
1414.789000
1415.403000
1416.033000
1416.646000
1417.260000
1417.890000
1418.503000
1419.133000
1419.747000
1420.360000
1420.990000
1421.603000
1422.234000
1422.847000
1423.460000
1424.090000
1424.704000
1425.334000
1425.947000
1426.561000
1427.191000
1427.804000
1428.434000
1429.048000
1429.661000
1430.291000
1430.904000
1431.534000
1432.148000
1432.761000
1433.391000
1434.005000
1434.635000
1435.248000
1435.862000
1436.492000
1437.105000
1437.735000
1438.349000
1438.962000
1439.592000
1440.205000
1440.835000
1441.449000
1442.062000
1442.692000
1443.306000
1443.936000
1444.549000
1445.163000
1445.793000
1446.406000
1454.331000
1454.944000
1455.574000
1456.188000
1456.801000
1457.431000
1458.045000
1458.675000
1459.288000
1459.901000
1460.531000
1461.145000
1461.775000
1462.388000
1463.002000
1463.632000
1464.245000
1464.875000
1465.489000
1466.102000
1466.732000
1467.346000
1467.976000
1468.589000
1469.202000
1469.832000
1470.446000
1471.076000
1471.689000
1472.303000
1472.933000
1473.546000
1474.160000
1474.790000
1475.403000
1476.033000
1476.646000
1477.260000
1477.890000
1478.503000
1479.133000
1479.747000
1480.360000
1480.990000
1481.604000
1482.234000
1482.847000
1483.461000
1484.091000
1484.704000
1485.334000
1485.947000
1486.561000
1487.191000
1487.804000
1488.434000
1489.048000
1489.661000
1490.291000
1490.905000
1491.535000
1492.148000
1492.761000
1493.391000
1494.005000
1494.635000
1495.248000
1495.862000
1496.492000
1497.105000
1497.735000
1498.349000
1498.962000
1499.592000
1500.206000
1500.836000
1501.449000
1502.062000
1502.692000
1503.306000
1503.936000
1504.549000
1505.163000
1505.793000
1506.406000
1514.331000
1514.944000
1515.574000
1516.188000
1516.801000
1517.431000
1518.045000
1518.675000
1519.288000
1519.902000
1520.532000
1521.145000
1521.775000
1522.389000
1523.002000
1523.632000
1524.245000
1524.875000
1525.489000
1526.102000
1526.732000
1527.346000
1527.976000
1528.589000
1529.203000
1529.833000
1530.446000
1531.076000
1531.689000
1532.303000
1532.933000
1533.546000
1534.160000
1534.790000
1535.403000
1536.033000
1536.647000
1537.260000
1537.890000
1538.504000
1539.134000
1539.747000
1540.360000
1540.990000
1541.604000
1542.234000
1542.847000
1543.461000
1544.091000
1544.704000
1545.334000
1545.948000
1546.561000
1547.191000
1547.804000
1548.434000
1549.048000
1549.661000
1550.291000
1550.905000
1551.535000
1552.148000
1552.762000
1553.392000
1554.005000
1554.635000
1555.249000
1555.862000
1556.492000
1557.105000
1557.735000
1558.349000
1558.962000
1559.592000
1560.206000
1560.836000
1561.449000
1562.063000
1562.693000
1563.306000
1563.936000
1564.549000
1565.163000
1565.793000
1566.406000
1574.331000
1574.945000
1575.575000
1576.188000
1576.801000
1577.432000
1578.045000
1578.675000
1579.288000
1579.902000
1580.532000
1581.145000
1581.775000
1582.389000
1583.002000
1583.632000
1584.246000
1584.876000
1585.489000
1586.102000
1586.732000
1587.346000
1587.976000
1588.589000
1589.203000
1589.833000
1590.446000
1591.060000
1591.690000
1592.303000
1592.933000
1593.546000
1594.160000
1594.790000
1595.403000
1596.033000
1596.647000
1597.260000
1597.890000
1598.504000
1599.134000
1599.747000
1600.361000
1600.991000
1601.604000
1602.234000
1602.847000
1603.461000
1604.091000
1604.704000
1605.334000
1605.948000
1606.561000
1607.191000
1607.805000
1608.435000
1609.048000
1609.661000
1610.292000
1610.905000
1611.535000
1612.148000
1612.762000
1613.392000
1614.005000
1614.635000
1615.249000
1615.862000
1616.492000
1617.106000
1617.736000
1618.349000
1618.962000
1619.592000
1620.206000
1620.836000
1621.449000
1622.063000
1622.693000
1623.306000
1623.920000
1624.550000
1625.163000
1625.793000
1626.406000
1634.331000
1634.945000
1635.575000
1636.188000
1636.802000
1637.432000
1638.045000
1638.675000
1639.289000
1639.902000
1640.532000
1641.145000
1641.775000
1642.389000
1643.002000
1643.632000
1644.246000
1644.876000
1645.489000
1646.103000
1646.733000
1647.346000
1647.976000
1648.589000
1649.203000
1649.833000
1650.446000
1651.060000
1651.690000
1652.303000
1652.933000
1653.547000
1654.160000
1654.790000
1655.404000
1656.034000
1656.647000
1657.260000
1657.890000
1658.504000
1659.134000
1659.747000
1660.361000
1660.991000
1661.604000
1662.234000
1662.848000
1663.461000
1664.091000
1664.704000
1665.334000
1665.948000
1666.561000
1667.191000
1667.805000
1668.435000
1669.048000
1669.662000
1670.292000
1670.905000
1671.535000
1672.149000
1672.762000
1673.392000
1674.005000
1674.635000
1675.249000
1675.862000
1676.492000
1677.106000
1677.736000
1678.349000
1678.963000
1679.593000
1680.206000
1680.836000
1681.449000
1682.063000
1682.693000
1683.306000
1683.920000
1684.550000
1685.163000
1685.793000
1686.407000
1694.315000
1694.945000
1695.558000
1696.172000
1696.802000
1697.415000
1698.045000
1698.659000
1699.272000
1699.902000
1700.516000
1701.146000
1701.759000
1702.372000
1703.002000
1703.616000
1704.246000
1704.859000
1705.473000
1706.103000
1706.716000
1707.346000
1707.960000
1708.573000
1709.203000
1709.817000
1710.447000
1711.060000
1711.673000
1712.303000
1712.917000
1713.547000
1714.160000
1714.774000
1715.404000
1716.017000
1716.647000
1717.261000
1717.874000
1718.504000
1719.117000
1719.747000
1720.361000
1720.974000
1721.604000
1722.218000
1722.848000
1723.461000
1724.075000
1724.705000
1725.318000
1725.931000
1726.561000
1727.175000
1727.805000
1728.418000
1729.032000
1729.662000
1730.275000
1730.905000
1731.519000
1732.132000
1732.762000
1733.376000
1734.006000
1734.619000
1735.232000
1735.862000
1736.476000
1737.106000
1737.719000
1738.333000
1738.963000
1739.576000
1740.206000
1740.820000
1741.433000
1742.063000
1742.676000
1743.307000
1743.920000
1744.533000
1745.163000
1745.777000
1746.407000
