310.665000
311.908000
313.152000
314.395000
315.622000
316.865000
319.352000
320.596000
321.822000
323.066000
324.309000
325.553000
326.796000
328.023000
329.267000
330.510000
331.753000
332.997000
334.224000
335.467000
336.711000
339.181000
340.424000
341.668000
342.911000
344.155000
345.381000
346.625000
347.868000
349.112000
350.355000
351.582000
354.069000
355.312000
356.556000
357.783000
369.421000
370.665000
371.908000
373.152000
374.395000
375.622000
376.865000
378.109000
379.352000
380.596000
381.823000
383.066000
384.309000
385.553000
386.796000
388.023000
389.267000
390.510000
391.754000
392.997000
394.224000
395.467000
396.711000
397.954000
399.181000
400.424000
401.668000
402.911000
404.155000
405.382000
406.625000
407.869000
409.112000
410.355000
411.582000
412.826000
414.069000
415.313000
416.556000
417.783000
429.422000
430.665000
431.908000
433.152000
434.395000
436.866000
438.109000
439.352000
440.596000
441.823000
443.066000
444.310000
445.553000
446.797000
448.023000
449.267000
450.510000
451.754000
452.981000
454.224000
455.467000
456.711000
457.954000
459.181000
462.912000
464.155000
465.382000
466.625000
467.869000
469.112000
470.356000
471.582000
472.826000
475.313000
476.556000
477.783000
489.422000
490.665000
491.909000
493.152000
494.395000
495.622000
496.866000
498.109000
500.596000
501.823000
503.066000
504.310000
505.553000
506.797000
509.267000
510.510000
511.754000
512.981000
514.224000
515.468000
516.711000
517.955000
519.181000
520.425000
521.668000
522.912000
524.155000
525.382000
526.625000
527.869000
529.112000
530.356000
531.583000
532.826000
534.069000
535.313000
536.556000
549.422000
550.665000
551.909000
553.152000
554.396000
555.622000
556.866000
558.109000
559.353000
560.596000
561.823000
563.067000
564.310000
565.553000
566.797000
568.024000
569.267000
570.511000
571.754000
572.981000
574.224000
575.468000
576.711000
577.955000
580.425000
581.668000
582.912000
584.155000
585.382000
586.626000
587.869000
589.112000
590.356000
591.583000
592.826000
594.070000
595.313000
596.557000
597.783000
609.422000
610.665000
611.909000
613.152000
614.396000
615.623000
616.866000
619.353000
620.596000
621.823000
623.067000
624.310000
625.554000
626.797000
628.024000
629.267000
630.511000
631.754000
632.981000
634.225000
635.468000
636.711000
637.955000
639.182000
640.425000
641.669000
642.912000
644.156000
645.382000
646.626000
647.869000
649.113000
650.356000
651.583000
652.826000
654.070000
655.313000
656.557000
657.784000
669.422000
670.666000
671.909000
673.152000
676.866000
678.110000
679.353000
680.597000
681.823000
683.067000
684.310000
685.554000
690.511000
691.754000
692.981000
694.225000
695.468000
696.712000
697.955000
699.182000
700.425000
701.669000
702.912000
704.156000
705.382000
706.626000
707.869000
709.113000
710.356000
711.583000
714.070000
715.313000
716.557000
717.784000
729.422000
730.666000
731.909000
733.153000
734.396000
735.623000
736.866000
738.110000
739.353000
740.597000
741.824000
743.067000
744.310000
745.554000
746.781000
748.024000
750.511000
751.755000
752.981000
754.225000
755.468000
756.712000
757.955000
759.182000
760.425000
761.669000
762.912000
764.156000
765.383000
766.626000
767.870000
771.583000
774.070000
776.557000
789.423000
790.666000
791.909000
794.396000
795.623000
796.867000
799.353000
800.597000
801.824000
803.067000
804.311000
805.554000
806.781000
808.024000
809.268000
810.511000
811.755000
812.982000
814.225000
815.468000
816.712000
817.955000
819.182000
820.426000
821.669000
822.913000
824.156000
825.383000
826.626000
827.870000
829.113000
830.357000
831.583000
832.827000
834.070000
835.314000
836.541000
837.784000
849.423000
850.666000
851.910000
853.153000
854.396000
855.623000
856.867000
858.110000
859.354000
860.597000
861.824000
863.067000
864.311000
865.554000
866.781000
868.025000
869.268000
870.511000
871.755000
872.982000
874.225000
875.469000
876.712000
877.955000
879.182000
880.426000
881.669000
882.913000
884.156000
885.383000
886.626000
887.870000
891.584000
892.827000
894.070000
895.314000
896.541000
909.423000
910.666000
911.910000
913.153000
914.397000
915.623000
916.867000
918.110000
919.354000
920.581000
921.824000
923.068000
924.311000
925.554000
926.781000
928.025000
929.268000
930.512000
931.755000
932.982000
934.225000
935.469000
936.712000
937.956000
939.183000
940.426000
941.669000
942.913000
944.156000
945.383000
946.627000
947.870000
949.113000
950.357000
951.584000
952.827000
954.071000
955.314000
956.541000
957.784000
969.423000
970.666000
971.910000
973.153000
974.397000
975.624000
976.867000
978.110000
979.354000
980.581000
981.824000
983.068000
984.311000
985.555000
986.781000
988.025000
989.268000
990.512000
992.982000
994.225000
995.469000
996.712000
997.956000
999.183000
1000.426000
1001.670000
1002.913000
1004.156000
1005.383000
1006.627000
1007.870000
1009.114000
1010.357000
1016.541000
