318.722000
321.209000
324.923000
329.897000
333.610000
338.567000
341.054000
355.926000
372.522000
376.252000
378.722000
391.124000
398.568000
404.768000
410.969000
413.456000
414.683000
415.926000
435.009000
436.252000
437.496000
438.722000
439.966000
448.653000
458.568000
464.768000
469.726000
478.413000
493.765000
501.210000
504.923000
509.897000
511.124000
518.568000
527.255000
528.482000
529.726000
538.413000
551.295000
553.766000
555.009000
561.210000
563.697000
572.367000
578.568000
583.525000
587.256000
595.927000
615.009000
627.410000
637.325000
638.568000
641.055000
642.282000
654.683000
673.766000
677.496000
678.723000
682.453000
691.124000
697.325000
698.568000
699.812000
701.055000
702.282000
704.769000
706.013000
718.414000
732.523000
738.723000
741.210000
747.411000
748.654000
751.125000
752.368000
753.611000
766.013000
767.256000
775.927000
801.210000
804.924000
808.654000
824.769000
826.013000
827.256000
832.213000
838.414000
862.454000
869.881000
871.125000
872.368000
882.283000
886.013000
887.256000
892.214000
893.457000
894.684000
895.927000
897.171000
898.414000
913.767000
915.010000
923.681000
924.924000
926.168000
929.882000
944.770000
947.257000
949.727000
952.214000
957.171000
975.010000
981.211000
983.681000
986.168000
987.411000
989.882000
994.855000
996.082000
998.569000
1001.056000
1002.283000
1009.727000
1014.684000
