1766.667000
1767.911000
1769.154000
1770.381000
1771.624000
1772.868000
1774.111000
1775.355000
1776.582000
1777.825000
1779.069000
1780.312000
1781.555000
1782.782000
1785.269000
1786.513000
1787.756000
1788.983000
1790.226000
1791.470000
1792.713000
1793.940000
1795.184000
1796.427000
1797.670000
1798.914000
1800.141000
1801.384000
1802.628000
1803.871000
1805.114000
1806.341000
1807.585000
1808.828000
1810.072000
1811.315000
1812.542000
1813.785000
1825.424000
1826.667000
1827.911000
1829.154000
1830.381000
1831.625000
1832.868000
1834.111000
1835.355000
1836.582000
1837.825000
1839.069000
1840.312000
1841.556000
1842.782000
1844.026000
1845.269000
1846.513000
1847.740000
1848.983000
1850.226000
1851.470000
1852.713000
1853.940000
1855.184000
1856.427000
1857.671000
1858.914000
1860.141000
1861.384000
1862.628000
1863.871000
1866.341000
1867.585000
1868.828000
1870.072000
1871.315000
1872.542000
1873.786000
1885.424000
1886.668000
1889.154000
1890.381000
1891.625000
1892.868000
1894.112000
1897.825000
1899.069000
1900.312000
1901.556000
1902.783000
1904.026000
1905.270000
1906.513000
1907.740000
1910.227000
1911.470000
1912.714000
1915.184000
1916.427000
1917.671000
1918.914000
1920.141000
1921.384000
1922.628000
1923.871000
1925.115000
1926.342000
1927.585000
1928.829000
1930.072000
1931.315000
1932.542000
1933.786000
1945.424000
1946.668000
1949.155000
1950.381000
1951.625000
1952.868000
1954.112000
1955.355000
1957.826000
1959.069000
1960.312000
1961.556000
1962.783000
1964.026000
1965.270000
1966.513000
1967.740000
1968.983000
1970.227000
1971.470000
1972.714000
1973.941000
1975.184000
1976.427000
1977.671000
1978.914000
1980.141000
1981.385000
1982.628000
1983.871000
1985.115000
1986.342000
1987.585000
1988.829000
1990.072000
1991.316000
1992.542000
1993.786000
2005.424000
2006.668000
2007.911000
2009.155000
2010.382000
2011.625000
2012.869000
2014.112000
2015.355000
2016.582000
2017.826000
2019.069000
2020.313000
2021.556000
2022.783000
2024.026000
2025.270000
2026.513000
2027.740000
2028.984000
2030.227000
2031.470000
2032.714000
2033.941000
2035.184000
2036.428000
2037.671000
2038.914000
2040.141000
2041.385000
2042.628000
2043.872000
2045.115000
2046.342000
2047.585000
2048.829000
2050.072000
2052.543000
2066.668000
2067.912000
2069.155000
2070.382000
2071.625000
2072.869000
2074.112000
2075.356000
2076.582000
2079.069000
2080.313000
2081.556000
2082.783000
2084.027000
2085.270000
2086.513000
2087.757000
2088.984000
2090.227000
2091.471000
2092.714000
2093.941000
2095.184000
2096.428000
2097.671000
2098.915000
2100.142000
2101.385000
2102.628000
2103.872000
2105.115000
2106.342000
2107.586000
2108.829000
2110.072000
2111.316000
2112.543000
2113.786000
2125.425000
2126.668000
2127.912000
2129.155000
2130.382000
2131.625000
2132.869000
2134.112000
2135.356000
2136.583000
2137.826000
2139.069000
2140.313000
2141.556000
2142.783000
2144.027000
2145.270000
2146.514000
2147.757000
2148.984000
2150.227000
2151.471000
2152.714000
2153.941000
2155.184000
2156.428000
2157.671000
2158.915000
2160.142000
2161.385000
2162.629000
2163.872000
2165.115000
2166.342000
2167.586000
2168.829000
2170.073000
2171.316000
2172.543000
2173.786000
2185.425000
2186.668000
2187.912000
2189.155000
2190.382000
2191.626000
2192.869000
2195.356000
2196.583000
2197.826000
2199.070000
2200.313000
2201.557000
2202.783000
2204.027000
2205.270000
2206.514000
2207.741000
2208.984000
2210.228000
2211.471000
2212.714000
2213.941000
2215.185000
2216.428000
2217.672000
2218.915000
2220.142000
2221.385000
2222.629000
2223.872000
2225.116000
2226.342000
2227.586000
2228.829000
2230.073000
2231.316000
2232.543000
2233.787000
2245.425000
2246.669000
2247.912000
2249.155000
2250.382000
2251.626000
2252.869000
2254.113000
2255.356000
2256.583000
2257.826000
2259.070000
2260.313000
2261.557000
2262.784000
2264.027000
2265.270000
2266.514000
2267.741000
2268.984000
2270.228000
2271.471000
2272.715000
2273.941000
2275.185000
2276.428000
2277.672000
2278.915000
2280.142000
2281.385000
2282.629000
2283.872000
2285.116000
2286.343000
2287.586000
2288.830000
2290.073000
2291.316000
2292.543000
2293.787000
2305.425000
2306.669000
2307.912000
2309.156000
2310.382000
2311.626000
2312.869000
2314.113000
2315.356000
2316.583000
2317.827000
2319.070000
2320.313000
2321.557000
2322.784000
2324.027000
2325.271000
2327.741000
2328.984000
2330.228000
2331.471000
2335.185000
2336.428000
2337.672000
2338.915000
2340.142000
2341.386000
2342.629000
2343.873000
2345.116000
2346.343000
2347.586000
2348.830000
2350.073000
2351.317000
2352.543000
2353.787000
2365.425000
2366.669000
2367.912000
2369.156000
2370.383000
2371.626000
2372.870000
2374.113000
2375.356000
2376.583000
2377.827000
2379.070000
2380.314000
2381.557000
2382.784000
2384.027000
2385.271000
2386.514000
2387.741000
2388.985000
2390.228000
2391.471000
2392.715000
2393.942000
2395.185000
2396.429000
2397.672000
2398.915000
2400.142000
2401.386000
2402.629000
2405.116000
2406.343000
2407.586000
2408.830000
2410.073000
2411.317000
2412.544000
2413.787000
2425.426000
2426.669000
2427.912000
2429.156000
2431.626000
2432.870000
2434.113000
2435.357000
2436.583000
2437.827000
2439.070000
2440.314000
2441.541000
2442.784000
2445.271000
2447.741000
2448.985000
2450.228000
2451.472000
2452.715000
2453.942000
2455.185000
2456.429000
2457.672000
2460.142000
2461.386000
2462.629000
2463.873000
2465.116000
2466.343000
2467.587000
2468.830000
2470.073000
2472.544000
2473.787000
