9.437000
12.521000
13.151000
13.764000
14.394000
15.008000
15.621000
16.251000
16.864000
17.494000
18.108000
18.721000
19.351000
19.965000
20.595000
21.208000
21.822000
22.452000
23.065000
23.695000
24.308000
24.922000
25.552000
26.165000
26.795000
27.409000
28.022000
28.652000
29.266000
29.896000
30.509000
31.123000
31.753000
32.366000
32.996000
33.610000
34.223000
34.853000
35.466000
36.096000
36.710000
37.323000
37.953000
38.567000
39.197000
39.810000
40.423000
41.054000
41.667000
42.297000
42.910000
43.524000
44.154000
44.767000
45.381000
46.011000
46.624000
47.254000
47.868000
48.481000
49.111000
49.724000
50.354000
50.968000
51.581000
52.211000
52.825000
53.455000
54.068000
54.682000
55.312000
55.925000
56.555000
57.169000
57.782000
58.412000
69.421000
70.051000
70.664000
71.294000
71.907000
72.521000
73.151000
73.764000
74.394000
75.008000
75.621000
76.251000
76.865000
77.495000
78.108000
78.721000
79.351000
79.965000
80.595000
81.208000
81.822000
82.452000
83.065000
83.695000
84.309000
84.922000
85.552000
86.166000
86.796000
87.409000
88.022000
88.652000
89.266000
89.896000
90.509000
91.123000
91.753000
92.366000
92.996000
93.610000
94.223000
94.853000
95.466000
96.096000
96.710000
97.323000
97.953000
98.567000
99.197000
99.810000
100.424000
101.054000
101.667000
102.281000
102.911000
103.524000
104.154000
104.767000
105.381000
106.011000
106.624000
107.254000
107.868000
108.481000
109.111000
109.725000
110.355000
110.968000
111.581000
112.211000
112.825000
113.455000
114.068000
114.682000
115.312000
115.925000
116.555000
117.169000
117.782000
118.412000
129.421000
130.051000
130.664000
131.294000
131.908000
132.521000
133.151000
133.764000
134.394000
135.008000
135.621000
136.251000
136.865000
137.495000
138.108000
138.722000
139.352000
139.965000
140.595000
141.209000
141.822000
142.452000
143.065000
143.695000
144.309000
144.922000
145.552000
146.166000
147.409000
148.023000
148.653000
149.266000
149.896000
150.509000
152.366000
152.996000
153.610000
154.223000
154.853000
155.467000
156.097000
156.710000
157.324000
157.954000
158.567000
159.197000
159.810000
160.424000
161.054000
161.667000
162.281000
162.911000
163.524000
164.154000
164.768000
165.381000
166.011000
166.624000
167.254000
167.868000
168.481000
169.111000
169.725000
170.355000
170.968000
171.582000
172.212000
172.825000
173.455000
174.069000
174.682000
175.312000
175.925000
176.555000
177.169000
177.782000
178.412000
189.421000
190.051000
190.664000
191.294000
191.908000
192.521000
193.151000
193.765000
194.395000
195.008000
195.622000
196.251000
196.865000
197.495000
198.108000
198.722000
199.352000
199.965000
200.595000
201.209000
201.822000
202.452000
203.066000
203.696000
204.309000
204.922000
205.552000
206.166000
206.796000
207.409000
208.023000
208.653000
209.266000
209.896000
210.510000
211.123000
211.753000
212.367000
212.997000
213.610000
214.223000
214.853000
215.467000
216.097000
216.710000
217.324000
217.954000
218.567000
219.181000
219.811000
220.424000
221.054000
221.667000
222.281000
222.911000
223.524000
224.154000
224.768000
225.381000
226.011000
226.625000
227.255000
227.868000
228.481000
229.111000
229.725000
230.355000
230.968000
231.582000
232.212000
232.825000
233.455000
234.069000
234.682000
235.312000
235.926000
236.556000
237.169000
237.782000
238.412000
250.664000
251.294000
251.908000
253.151000
253.765000
254.395000
255.008000
255.622000
256.252000
256.865000
257.495000
258.109000
258.722000
259.352000
259.965000
260.595000
261.209000
261.822000
262.452000
263.066000
263.696000
264.309000
264.923000
265.553000
266.166000
266.796000
267.410000
268.023000
268.653000
269.266000
269.896000
270.510000
271.123000
271.753000
272.367000
272.997000
273.610000
274.224000
274.854000
275.467000
276.097000
276.710000
277.324000
277.954000
278.567000
279.181000
279.811000
280.424000
281.054000
281.668000
282.281000
282.911000
283.524000
284.155000
284.768000
285.381000
286.011000
286.625000
287.255000
287.868000
288.482000
289.112000
289.725000
290.355000
290.969000
291.582000
292.212000
292.825000
293.455000
294.069000
294.682000
295.312000
295.926000
296.556000
297.169000
297.783000
298.413000
