311.295000
312.522000
313.765000
315.008000
316.252000
317.495000
319.966000
322.452000
323.696000
326.166000
327.410000
328.653000
331.123000
332.367000
334.854000
336.081000
337.324000
339.811000
342.281000
343.525000
344.768000
346.012000
347.255000
348.482000
349.725000
350.969000
352.212000
353.456000
354.682000
357.169000
358.413000
370.051000
371.295000
373.765000
375.009000
377.495000
379.966000
381.209000
382.453000
383.696000
384.923000
386.166000
387.410000
388.653000
389.897000
392.367000
393.610000
394.854000
397.324000
399.811000
401.054000
402.281000
403.525000
406.012000
407.255000
409.725000
412.212000
418.413000
430.052000
431.295000
432.522000
433.765000
441.209000
442.453000
443.696000
444.923000
446.167000
447.410000
449.897000
451.124000
452.367000
453.611000
454.854000
456.081000
457.324000
459.811000
462.282000
463.525000
466.012000
467.255000
468.482000
470.969000
472.212000
473.456000
474.683000
475.926000
477.170000
490.052000
491.295000
492.522000
495.009000
496.252000
497.496000
498.723000
502.453000
503.696000
506.167000
507.410000
508.654000
512.367000
513.611000
514.854000
516.081000
517.324000
519.811000
521.055000
522.282000
523.525000
524.769000
526.012000
530.969000
532.213000
533.456000
534.683000
535.926000
537.170000
550.052000
552.522000
556.252000
557.496000
558.723000
559.966000
562.453000
564.923000
566.167000
567.410000
568.654000
569.881000
571.124000
573.611000
574.854000
576.081000
577.325000
579.812000
581.055000
582.282000
584.769000
586.012000
588.482000
589.726000
590.969000
592.213000
593.456000
594.683000
597.170000
598.413000
610.052000
611.295000
612.522000
613.766000
616.253000
618.723000
619.966000
621.210000
622.453000
623.697000
624.924000
626.167000
628.654000
631.124000
632.368000
633.611000
634.855000
636.081000
639.812000
643.525000
644.769000
646.012000
647.256000
648.483000
649.726000
650.970000
652.213000
653.456000
655.927000
657.170000
658.414000
670.052000
671.296000
672.523000
679.967000
681.210000
683.697000
684.924000
686.167000
689.881000
692.368000
693.611000
694.855000
696.082000
703.526000
707.256000
708.483000
709.726000
710.970000
712.213000
713.457000
714.683000
715.927000
717.170000
730.052000
731.296000
733.766000
735.010000
736.253000
737.496000
739.967000
742.454000
743.697000
744.924000
746.167000
749.881000
754.855000
756.082000
757.325000
758.569000
759.812000
761.055000
762.282000
764.769000
772.213000
773.457000
774.684000
777.170000
790.053000
791.296000
792.523000
793.766000
795.010000
796.253000
797.497000
798.723000
799.967000
802.454000
803.681000
807.411000
809.881000
811.125000
812.368000
813.612000
814.855000
817.325000
818.569000
819.812000
821.056000
822.282000
828.483000
829.727000
830.970000
833.457000
834.684000
835.927000
837.171000
850.053000
851.296000
852.523000
853.766000
856.253000
857.497000
859.967000
861.210000
863.681000
864.924000
866.168000
867.411000
868.655000
874.855000
876.082000
877.325000
878.569000
879.812000
881.056000
883.526000
884.770000
910.053000
911.296000
912.523000
916.253000
917.497000
918.724000
919.967000
921.211000
922.454000
927.411000
928.655000
931.125000
932.368000
934.855000
936.082000
937.326000
938.569000
939.813000
941.056000
942.283000
943.526000
946.013000
948.483000
950.970000
953.441000
954.684000
955.928000
958.414000
970.053000
971.296000
972.523000
973.767000
976.254000
977.497000
978.724000
979.967000
982.454000
984.925000
988.655000
991.125000
992.369000
993.612000
997.326000
999.813000
1003.526000
1006.013000
1007.257000
1008.484000
1010.970000
1017.171000
