1777.212000
1778.455000
1782.169000
1783.412000
1787.126000
1792.083000
1793.327000
1794.570000
1795.814000
1802.014000
1803.241000
1811.929000
1813.172000
1827.281000
1828.524000
1832.255000
1833.481000
1839.682000
1866.971000
1869.442000
1870.685000
1874.416000
1895.969000
1900.926000
1910.840000
1913.327000
1917.041000
1928.215000
1929.442000
1930.685000
1933.172000
1934.416000
1946.054000
1952.255000
1958.456000
1959.682000
1960.926000
1964.640000
1965.883000
1968.370000
1969.613000
1986.972000
1990.686000
1993.172000
2006.054000
2022.169000
2030.840000
2033.327000
2034.571000
2046.972000
2049.442000
2074.726000
2077.212000
2078.456000
2093.327000
2094.571000
2100.772000
2105.729000
2109.442000
2113.173000
2127.282000
2143.413000
2145.884000
2147.127000
2152.084000
2154.571000
2164.485000
2187.282000
2192.256000
2193.482000
2194.726000
2198.456000
2199.683000
2204.657000
2205.884000
2208.371000
2209.614000
2210.841000
2214.571000
2218.285000
2225.729000
2228.216000
2231.930000
2246.055000
2253.483000
2254.726000
2255.969000
2259.683000
2264.657000
2272.084000
2278.285000
2283.242000
2291.930000
2307.282000
2311.012000
2313.483000
2317.213000
2323.414000
2324.641000
2325.884000
2327.127000
2334.572000
2338.285000
2345.729000
2346.973000
2369.769000
2375.970000
2378.457000
2382.170000
2384.641000
2393.328000
2394.572000
2399.529000
2403.243000
2409.443000
2411.930000
2413.174000
2437.213000
2440.927000
2445.884000
2449.615000
2455.815000
2460.772000
2462.016000
2469.443000
2473.174000
