1041.774000
1045.488000
1051.688000
1054.175000
1061.603000
1062.846000
1066.560000
1075.247000
1083.935000
1086.405000
1099.287000
1107.975000
1110.445000
1114.175000
1117.889000
1122.846000
1124.090000
1127.803000
1129.047000
1131.534000
1132.760000
1135.247000
1138.961000
1158.044000
1164.244000
1166.731000
1172.932000
1176.646000
1177.889000
1182.846000
1184.090000
1205.162000
1219.287000
1225.488000
1232.932000
1237.889000
1242.846000
1244.090000
1249.047000
1254.004000
1258.961000
1263.935000
1285.488000
1291.689000
1294.176000
1304.090000
1317.735000
1323.935000
1338.044000
1347.975000
1351.689000
1352.932000
1354.176000
1361.603000
1367.804000
1372.761000
1377.735000
1381.449000
1385.162000
1398.044000
1411.689000
1412.933000
1415.403000
1416.646000
1417.890000
1424.090000
1425.334000
1431.534000
1435.248000
1438.962000
1442.692000
1443.936000
1461.775000
1464.245000
1465.489000
1466.732000
1472.933000
1479.133000
1481.604000
1482.847000
1491.535000
1496.492000
1505.163000
1526.732000
1527.976000
1546.561000
1550.291000
1552.762000
1555.249000
1563.936000
1584.246000
1595.403000
1604.091000
1607.805000
1609.048000
1610.292000
1617.736000
1626.406000
1647.976000
1650.446000
1654.160000
1662.848000
1670.292000
1680.206000
1686.407000
1699.272000
1703.002000
1705.473000
1712.917000
1721.604000
1726.561000
1738.963000
1741.433000
1742.676000
1746.407000
