6.337000
6.950000
7.564000
8.194000
8.807000
9.437000
10.050000
10.664000
11.294000
11.907000
12.521000
13.151000
13.764000
14.394000
15.008000
15.621000
16.251000
16.864000
17.494000
18.108000
18.721000
19.351000
19.965000
20.595000
21.208000
21.822000
22.452000
23.065000
23.695000
24.308000
24.922000
25.552000
26.165000
26.795000
27.409000
28.022000
28.652000
29.266000
29.896000
30.509000
31.123000
31.753000
32.366000
32.996000
33.610000
34.223000
34.853000
35.466000
36.096000
36.710000
37.323000
37.953000
38.567000
39.197000
39.810000
40.423000
41.054000
41.667000
42.297000
42.910000
43.524000
44.154000
44.767000
45.381000
46.011000
46.624000
47.254000
47.868000
48.481000
49.111000
49.724000
50.354000
50.968000
51.581000
52.211000
52.825000
53.455000
54.068000
54.682000
55.312000
55.925000
56.555000
57.169000
57.782000
58.412000
66.337000
66.950000
67.564000
68.194000
68.807000
69.421000
70.051000
70.664000
71.294000
71.907000
72.521000
73.151000
73.764000
74.394000
75.008000
75.621000
76.251000
76.865000
77.495000
78.108000
78.721000
79.351000
79.965000
80.595000
81.208000
81.822000
82.452000
83.065000
83.695000
84.309000
84.922000
85.552000
86.166000
86.796000
87.409000
88.022000
88.652000
89.266000
89.896000
90.509000
91.123000
91.753000
92.366000
92.996000
93.610000
94.223000
94.853000
95.466000
96.096000
96.710000
97.323000
97.953000
98.567000
99.197000
99.810000
100.424000
101.054000
101.667000
102.281000
102.911000
103.524000
104.154000
104.767000
105.381000
106.011000
106.624000
107.254000
107.868000
108.481000
109.111000
109.725000
110.355000
110.968000
111.581000
112.211000
112.825000
113.455000
114.068000
114.682000
115.312000
115.925000
116.555000
117.169000
117.782000
118.412000
126.337000
126.950000
127.564000
128.194000
128.807000
129.421000
130.051000
130.664000
131.294000
131.908000
132.521000
133.151000
133.764000
134.394000
135.008000
135.621000
136.251000
136.865000
137.495000
138.108000
138.722000
139.352000
139.965000
140.595000
141.209000
141.822000
142.452000
143.065000
143.695000
144.309000
144.922000
145.552000
146.166000
146.796000
147.409000
148.023000
148.653000
149.266000
149.896000
150.509000
151.123000
151.753000
152.366000
152.996000
153.610000
154.223000
154.853000
155.467000
156.097000
156.710000
157.324000
157.954000
158.567000
159.197000
159.810000
160.424000
161.054000
161.667000
162.281000
162.911000
163.524000
164.154000
164.768000
165.381000
166.011000
166.624000
167.254000
167.868000
168.481000
169.111000
169.725000
170.355000
170.968000
171.582000
172.212000
172.825000
173.455000
174.069000
174.682000
175.312000
175.925000
176.555000
177.169000
177.782000
178.412000
186.321000
186.951000
187.564000
188.194000
188.807000
189.421000
190.051000
190.664000
191.294000
191.908000
192.521000
193.151000
193.765000
194.395000
195.008000
195.622000
196.251000
196.865000
197.495000
198.108000
198.722000
199.352000
199.965000
200.595000
201.209000
201.822000
202.452000
203.066000
203.696000
204.309000
204.922000
205.552000
206.166000
206.796000
207.409000
208.023000
208.653000
209.266000
209.896000
210.510000
211.123000
211.753000
212.367000
212.997000
213.610000
214.223000
214.853000
215.467000
216.097000
216.710000
217.324000
217.954000
218.567000
219.181000
219.811000
220.424000
221.054000
221.667000
222.281000
222.911000
223.524000
224.154000
224.768000
225.381000
226.011000
226.625000
227.255000
227.868000
228.481000
229.111000
229.725000
230.355000
230.968000
231.582000
232.212000
232.825000
233.455000
234.069000
234.682000
235.312000
235.926000
236.556000
237.169000
237.782000
238.412000
246.321000
246.951000
247.564000
248.194000
248.808000
249.421000
250.051000
250.664000
251.294000
251.908000
252.521000
253.151000
253.765000
254.395000
255.008000
255.622000
256.252000
256.865000
257.495000
258.109000
258.722000
259.352000
259.965000
260.595000
261.209000
261.822000
262.452000
263.066000
263.696000
264.309000
264.923000
265.553000
266.166000
266.796000
267.410000
268.023000
268.653000
269.266000
269.896000
270.510000
271.123000
271.753000
272.367000
272.997000
273.610000
274.224000
274.854000
275.467000
276.097000
276.710000
277.324000
277.954000
278.567000
279.181000
279.811000
280.424000
281.054000
281.668000
282.281000
282.911000
283.524000
284.155000
284.768000
285.381000
286.011000
286.625000
287.255000
287.868000
288.482000
289.112000
289.725000
290.355000
290.969000
291.582000
292.212000
292.825000
293.455000
294.069000
294.682000
295.312000
295.926000
296.556000
297.169000
297.783000
298.413000
306.321000
306.951000
307.564000
308.194000
308.808000
309.421000
310.051000
310.665000
311.295000
311.908000
312.522000
313.152000
313.765000
314.395000
315.008000
315.622000
316.252000
316.865000
317.495000
318.109000
318.722000
319.352000
319.966000
320.596000
321.209000
321.822000
322.452000
323.066000
323.696000
324.309000
324.923000
325.553000
326.166000
326.796000
327.410000
328.023000
328.653000
329.267000
329.897000
330.510000
331.123000
331.753000
332.367000
332.997000
333.610000
334.224000
334.854000
335.467000
336.081000
336.711000
337.324000
337.954000
338.567000
339.181000
339.811000
340.424000
341.054000
341.668000
342.281000
342.911000
343.525000
344.155000
344.768000
345.381000
346.012000
346.625000
347.255000
347.868000
348.482000
349.112000
349.725000
350.355000
350.969000
351.582000
352.212000
352.826000
353.456000
354.069000
354.682000
355.312000
355.926000
356.556000
357.169000
357.783000
358.413000
366.321000
366.951000
367.564000
368.194000
368.808000
369.421000
370.051000
370.665000
371.295000
371.908000
372.522000
373.152000
373.765000
374.395000
375.009000
375.622000
376.252000
376.865000
377.495000
378.109000
378.722000
379.352000
379.966000
380.596000
381.209000
381.823000
382.453000
383.066000
383.696000
384.309000
384.923000
385.553000
386.166000
386.796000
387.410000
388.023000
388.653000
389.267000
389.897000
390.510000
391.124000
391.754000
392.367000
392.997000
393.610000
394.224000
394.854000
395.467000
396.081000
396.711000
397.324000
397.954000
398.568000
399.181000
399.811000
400.424000
401.054000
401.668000
402.281000
402.911000
403.525000
404.155000
404.768000
405.382000
406.012000
406.625000
407.255000
407.869000
408.482000
409.112000
409.725000
410.355000
410.969000
411.582000
412.212000
412.826000
413.456000
414.069000
414.683000
415.313000
415.926000
416.556000
417.169000
417.783000
418.413000
426.321000
426.951000
427.565000
428.195000
428.808000
429.422000
430.052000
430.665000
431.295000
431.908000
432.522000
433.152000
433.765000
434.395000
435.009000
435.622000
436.252000
436.866000
437.496000
438.109000
438.722000
439.352000
439.966000
440.596000
441.209000
441.823000
442.453000
443.066000
443.696000
444.310000
444.923000
445.553000
446.167000
446.797000
447.410000
448.023000
448.653000
449.267000
449.897000
450.510000
451.124000
451.754000
452.367000
452.981000
453.611000
454.224000
454.854000
455.467000
456.081000
456.711000
457.324000
457.954000
458.568000
459.181000
459.811000
460.425000
461.055000
461.668000
462.282000
462.912000
463.525000
464.155000
464.768000
465.382000
466.012000
466.625000
467.255000
467.869000
468.482000
469.112000
469.726000
470.356000
470.969000
471.582000
472.212000
472.826000
473.456000
474.069000
474.683000
475.313000
475.926000
476.556000
477.170000
477.783000
478.413000
486.321000
486.951000
487.565000
488.195000
488.808000
489.422000
490.052000
490.665000
491.295000
491.909000
492.522000
493.152000
493.765000
494.395000
495.009000
495.622000
496.252000
496.866000
497.496000
498.109000
498.723000
499.353000
499.966000
500.596000
501.210000
501.823000
502.453000
503.066000
503.696000
504.310000
504.923000
505.553000
506.167000
506.797000
507.410000
508.024000
508.654000
509.267000
509.897000
510.510000
511.124000
511.754000
512.367000
512.981000
513.611000
514.224000
514.854000
515.468000
516.081000
516.711000
517.324000
517.955000
518.568000
519.181000
519.811000
520.425000
521.055000
521.668000
522.282000
522.912000
523.525000
524.155000
524.769000
525.382000
526.012000
526.625000
527.255000
527.869000
528.482000
529.112000
529.726000
530.356000
530.969000
531.583000
532.213000
532.826000
533.456000
534.069000
534.683000
535.313000
535.926000
536.556000
537.170000
537.783000
538.413000
546.322000
546.952000
547.565000
548.195000
548.808000
549.422000
550.052000
550.665000
551.295000
551.909000
552.522000
553.152000
553.766000
554.396000
555.009000
555.622000
556.252000
556.866000
557.496000
558.109000
558.723000
559.353000
559.966000
560.596000
561.210000
561.823000
562.453000
563.067000
563.697000
564.310000
564.923000
565.553000
566.167000
566.797000
567.410000
568.024000
568.654000
569.267000
569.881000
570.511000
571.124000
571.754000
572.367000
572.981000
573.611000
574.224000
574.854000
575.468000
576.081000
576.711000
577.325000
577.955000
578.568000
579.182000
579.812000
580.425000
581.055000
581.668000
582.282000
582.912000
583.525000
584.155000
584.769000
585.382000
586.012000
586.626000
587.256000
587.869000
588.482000
589.112000
589.726000
590.356000
590.969000
591.583000
592.213000
592.826000
593.456000
594.070000
594.683000
595.313000
595.927000
596.557000
597.170000
597.783000
598.413000
606.322000
606.952000
607.565000
608.195000
608.809000
609.422000
610.052000
610.665000
611.295000
611.909000
612.522000
613.152000
613.766000
614.396000
615.009000
615.623000
616.253000
616.866000
617.496000
618.110000
618.723000
619.353000
619.966000
620.596000
621.210000
621.823000
622.453000
623.067000
623.697000
624.310000
624.924000
625.554000
626.167000
626.797000
627.410000
628.024000
628.654000
629.267000
629.881000
630.511000
631.124000
631.754000
632.368000
632.981000
633.611000
634.225000
634.855000
635.468000
636.081000
636.711000
637.325000
637.955000
638.568000
639.182000
639.812000
640.425000
641.055000
641.669000
642.282000
642.912000
643.525000
644.156000
644.769000
645.382000
646.012000
646.626000
647.256000
647.869000
648.483000
649.113000
649.726000
650.356000
650.970000
651.583000
652.213000
652.826000
653.456000
654.070000
654.683000
655.313000
655.927000
656.557000
657.170000
657.784000
658.414000
666.322000
666.952000
667.565000
668.195000
668.809000
669.422000
670.052000
670.666000
671.296000
671.909000
672.523000
673.152000
673.766000
674.396000
675.009000
675.623000
676.253000
676.866000
677.496000
678.110000
678.723000
679.353000
679.967000
680.597000
681.210000
681.823000
682.453000
683.067000
683.697000
684.310000
684.924000
685.554000
686.167000
686.781000
687.411000
688.024000
688.654000
689.267000
689.881000
690.511000
691.124000
691.754000
692.368000
692.981000
693.611000
694.225000
694.855000
695.468000
696.082000
696.712000
697.325000
697.955000
698.568000
699.182000
699.812000
700.425000
701.055000
701.669000
702.282000
702.912000
703.526000
704.156000
704.769000
705.382000
706.013000
706.626000
707.256000
707.869000
708.483000
709.113000
709.726000
710.356000
710.970000
711.583000
712.213000
712.827000
713.457000
714.070000
714.683000
715.313000
715.927000
716.557000
717.170000
717.784000
718.414000
726.322000
726.952000
727.565000
728.195000
728.809000
729.422000
730.052000
730.666000
731.296000
731.909000
732.523000
733.153000
733.766000
734.396000
735.010000
735.623000
736.253000
736.866000
737.496000
738.110000
738.723000
739.353000
739.967000
740.597000
741.210000
741.824000
742.454000
743.067000
743.697000
744.310000
744.924000
745.554000
746.167000
746.781000
747.411000
748.024000
748.654000
749.268000
749.881000
750.511000
751.125000
751.755000
752.368000
752.981000
753.611000
754.225000
754.855000
755.468000
756.082000
756.712000
757.325000
757.955000
758.569000
759.182000
759.812000
760.425000
761.055000
761.669000
762.282000
762.912000
763.526000
764.156000
764.769000
765.383000
766.013000
766.626000
767.256000
767.870000
768.483000
769.113000
769.726000
770.356000
770.970000
771.583000
772.213000
772.827000
773.457000
774.070000
774.684000
775.314000
775.927000
776.557000
777.170000
777.784000
778.414000
786.322000
786.952000
787.566000
788.196000
788.809000
789.423000
790.053000
790.666000
791.296000
791.909000
792.523000
793.153000
793.766000
794.396000
795.010000
795.623000
796.253000
796.867000
797.497000
798.110000
798.723000
799.353000
799.967000
800.597000
801.210000
801.824000
802.454000
803.067000
803.681000
804.311000
804.924000
805.554000
806.168000
806.781000
807.411000
808.024000
808.654000
809.268000
809.881000
810.511000
811.125000
811.755000
812.368000
812.982000
813.612000
814.225000
814.855000
815.468000
816.082000
816.712000
817.325000
817.955000
818.569000
819.182000
819.812000
820.426000
821.056000
821.669000
822.282000
822.913000
823.526000
824.156000
824.769000
825.383000
826.013000
826.626000
827.256000
827.870000
828.483000
829.113000
829.727000
830.357000
830.970000
831.583000
832.213000
832.827000
833.457000
834.070000
834.684000
835.314000
835.927000
836.541000
837.171000
837.784000
838.414000
846.322000
846.952000
847.566000
848.196000
848.809000
849.423000
850.053000
850.666000
851.296000
851.910000
852.523000
853.153000
853.766000
854.396000
855.010000
855.623000
856.253000
856.867000
857.497000
858.110000
858.724000
859.354000
859.967000
860.597000
861.210000
861.824000
862.454000
863.067000
863.681000
864.311000
864.924000
865.554000
866.168000
866.781000
867.411000
868.025000
868.655000
869.268000
869.881000
870.511000
871.125000
871.755000
872.368000
872.982000
873.612000
874.225000
874.855000
875.469000
876.082000
876.712000
877.325000
877.955000
878.569000
879.182000
879.812000
880.426000
881.056000
881.669000
882.283000
882.913000
883.526000
884.156000
884.770000
885.383000
886.013000
886.626000
887.256000
887.870000
888.483000
889.113000
889.727000
890.357000
890.970000
891.584000
892.214000
892.827000
893.457000
894.070000
894.684000
895.314000
895.927000
896.541000
897.171000
897.784000
898.414000
906.323000
906.953000
907.566000
908.196000
908.809000
909.423000
910.053000
910.666000
911.296000
911.910000
912.523000
913.153000
913.767000
914.397000
915.010000
915.623000
916.253000
916.867000
917.497000
918.110000
918.724000
919.354000
919.967000
920.581000
921.211000
921.824000
922.454000
923.068000
923.681000
924.311000
924.924000
925.554000
926.168000
926.781000
927.411000
928.025000
928.655000
929.268000
929.882000
930.512000
931.125000
931.755000
932.368000
932.982000
933.612000
934.225000
934.855000
935.469000
936.082000
936.712000
937.326000
937.956000
938.569000
939.183000
939.813000
940.426000
941.056000
941.669000
942.283000
942.913000
943.526000
944.156000
944.770000
945.383000
946.013000
946.627000
947.257000
947.870000
948.483000
949.113000
949.727000
950.357000
950.970000
951.584000
952.214000
952.827000
953.441000
954.071000
954.684000
955.314000
955.928000
956.541000
957.171000
957.784000
958.414000
966.323000
966.953000
967.566000
968.196000
968.810000
969.423000
970.053000
970.666000
971.296000
971.910000
972.523000
973.153000
973.767000
974.397000
975.010000
975.624000
976.254000
976.867000
977.497000
978.110000
978.724000
979.354000
979.967000
980.581000
981.211000
981.824000
982.454000
983.068000
983.681000
984.311000
984.925000
985.555000
986.168000
986.781000
987.411000
988.025000
988.655000
989.268000
989.882000
990.512000
991.125000
991.755000
992.369000
992.982000
993.612000
994.225000
994.855000
995.469000
996.082000
996.712000
997.326000
997.956000
998.569000
999.183000
999.813000
1000.426000
1001.056000
1001.670000
1002.283000
1002.913000
1003.526000
1004.156000
1004.770000
1005.383000
1006.013000
1006.627000
1007.257000
1007.870000
1008.484000
1009.114000
1009.727000
1010.357000
1010.970000
1011.584000
1012.214000
1012.827000
1013.441000
1014.071000
1014.684000
1015.314000
1015.928000
1016.541000
1017.171000
1017.785000
1018.415000
