1045.486000
1050.444000
1054.174000
1059.131000
1061.602000
1066.575000
1069.046000
1071.532000
1082.690000
1109.200000
1120.375000
1122.845000
1130.289000
1134.003000
1137.733000
1140.204000
1145.161000
1158.043000
1164.243000
1167.974000
1175.401000
1179.132000
1181.602000
1187.802000
1192.760000
1198.960000
1201.447000
1202.691000
1218.043000
1229.201000
1231.688000
1234.175000
1236.645000
1237.888000
1240.375000
1242.845000
1250.290000
1254.003000
1255.247000
1256.490000
1265.161000
1266.404000
1281.773000
1286.731000
1287.974000
1295.402000
1300.375000
1301.602000
1312.760000
1322.691000
1347.974000
1350.445000
1359.132000
1362.846000
1371.533000
1376.490000
1383.935000
1399.287000
1409.201000
1419.132000
1422.846000
1432.760000
1435.247000
1436.491000
1441.448000
1445.162000
1446.405000
1467.975000
1469.201000
1475.402000
1501.448000
1506.405000
1520.531000
1525.488000
1529.202000
1536.646000
1539.133000
1544.090000
1545.333000
1557.734000
1561.448000
1581.774000
1596.646000
1607.804000
1611.534000
1614.004000
1616.491000
1639.288000
1646.732000
1647.975000
1662.847000
1665.333000
1669.047000
1670.291000
1672.761000
1675.248000
1677.735000
1680.205000
1682.692000
1685.162000
1686.406000
1699.288000
1705.488000
1706.732000
1716.646000
1730.291000
1732.761000
