1038.672000
1039.916000
1041.143000
1042.386000
1043.630000
1044.873000
1046.100000
1047.343000
1048.587000
1049.830000
1051.074000
1052.301000
1054.787000
1057.274000
1058.501000
1059.745000
1060.988000
1062.232000
1063.475000
1064.702000
1065.945000
1067.189000
1068.432000
1069.676000
1070.902000
1072.146000
1073.389000
1075.860000
1077.103000
1078.347000
1079.590000
1080.833000
1082.060000
1083.304000
1084.547000
1085.791000
1097.429000
1098.673000
1099.916000
1101.143000
1103.630000
1104.873000
1106.100000
1107.344000
1108.587000
1109.830000
1111.074000
1112.301000
1113.544000
1114.788000
1116.031000
1117.274000
1118.501000
1119.745000
1120.988000
1122.232000
1123.475000
1124.702000
1125.945000
1127.189000
1128.432000
1129.676000
1130.903000
1133.389000
1135.860000
1137.103000
1138.347000
1139.590000
1140.834000
1142.060000
1143.304000
1144.547000
1145.791000
1157.429000
1158.673000
1159.900000
1161.143000
1162.387000
1163.630000
1164.873000
1166.100000
1167.344000
1168.587000
1169.831000
1171.074000
1173.544000
1174.788000
1176.031000
1177.275000
1178.502000
1179.745000
1180.988000
1182.232000
1183.475000
1184.702000
1185.946000
1187.189000
1189.676000
1192.146000
1193.390000
1194.633000
1195.860000
1197.103000
1198.347000
1199.590000
1200.834000
1203.304000
1204.547000
1205.791000
1217.430000
1218.673000
1219.900000
1221.143000
1222.387000
1224.874000
1226.100000
1227.344000
1228.587000
1229.831000
1231.074000
1232.301000
1233.544000
1234.788000
1236.031000
1237.275000
1238.502000
1239.745000
1240.989000
1242.232000
1243.475000
1245.946000
1247.189000
1248.433000
1249.676000
1250.903000
1252.146000
1253.390000
1254.633000
1255.860000
1257.104000
1258.347000
1259.590000
1260.834000
1262.061000
1263.304000
1264.548000
1265.791000
1277.430000
1278.673000
1279.900000
1281.143000
1282.387000
1284.874000
1286.101000
1287.344000
1288.587000
1289.831000
1291.074000
1292.301000
1293.545000
1294.788000
1296.032000
1297.275000
1298.502000
1299.745000
1300.989000
1302.232000
1304.702000
1309.660000
1310.903000
1312.147000
1313.390000
1314.633000
1315.860000
1317.104000
1318.347000
1319.591000
1320.834000
1322.061000
1323.304000
1324.548000
1325.791000
1337.430000
1339.900000
1342.387000
1343.630000
1344.874000
1346.101000
1347.344000
1348.588000
1349.831000
1351.075000
1352.301000
1353.545000
1354.788000
1356.032000
1357.275000
1358.502000
1359.745000
1360.989000
1362.232000
1363.476000
1364.703000
1365.946000
1367.190000
1368.433000
1369.660000
1370.903000
1372.147000
1373.390000
1374.634000
1375.860000
1377.104000
1378.347000
1382.061000
1383.305000
1384.548000
1385.791000
1398.673000
1399.900000
1401.144000
1402.387000
1403.631000
1404.874000
1406.101000
1407.344000
1408.588000
1409.831000
1411.075000
1412.302000
1413.545000
1414.788000
1419.746000
1420.989000
1423.476000
1424.703000
1425.946000
1427.190000
1430.903000
1432.147000
1433.390000
1434.634000
1435.861000
1437.104000
1439.591000
1440.834000
1442.061000
1444.548000
1445.792000
1457.430000
1459.900000
1461.144000
1462.387000
1463.631000
1464.874000
1466.101000
1467.345000
1468.588000
1469.831000
1471.075000
1472.302000
1473.545000
1474.789000
1476.032000
1477.275000
1479.746000
1480.989000
1482.233000
1483.460000
1485.946000
1487.190000
1489.660000
1490.904000
1492.147000
1494.634000
1495.861000
1498.348000
1499.591000
1500.835000
1502.061000
1503.305000
1504.548000
1517.430000
1519.901000
1522.388000
1524.874000
1526.101000
1527.345000
1529.832000
1531.075000
1534.789000
1536.032000
1539.746000
1542.233000
1543.460000
1544.703000
1545.947000
1547.190000
1548.433000
1549.660000
1550.904000
1552.147000
1554.634000
1557.104000
1558.348000
1560.835000
1563.305000
1565.792000
1577.430000
1578.674000
1579.901000
1581.144000
1582.388000
1584.875000
1586.101000
1587.345000
1588.588000
1589.832000
1591.075000
1592.302000
1593.545000
1594.789000
1596.032000
1597.276000
1598.503000
1603.460000
1604.703000
1608.434000
1610.904000
1613.391000
1614.634000
1615.861000
1620.835000
1623.305000
1637.431000
1638.674000
1639.901000
1641.144000
1643.631000
1644.875000
1646.102000
1647.345000
1648.588000
1649.832000
1651.075000
1653.546000
1654.789000
1658.503000
1659.746000
1660.990000
1662.233000
1663.477000
1664.703000
1665.947000
1668.434000
1669.661000
1672.148000
1673.391000
1674.634000
1675.861000
1677.105000
1678.348000
1683.305000
1684.549000
1685.792000
1697.431000
1698.674000
1699.901000
1701.145000
1702.388000
1704.875000
1706.102000
1707.345000
1708.589000
1709.832000
1711.075000
1712.302000
1713.546000
1718.503000
1719.746000
1720.990000
1722.233000
1724.704000
1725.947000
1727.190000
1728.434000
1729.661000
1730.904000
1732.148000
1733.391000
1737.105000
1738.348000
1739.592000
1743.305000
1745.792000
