310.673000
311.287000
311.900000
312.530000
313.144000
313.774000
314.387000
315.000000
316.244000
317.487000
318.101000
318.731000
319.344000
320.588000
321.201000
323.075000
324.301000
326.175000
326.788000
327.402000
328.032000
328.645000
329.275000
330.502000
331.132000
331.745000
332.989000
333.602000
334.232000
336.089000
336.703000
337.333000
337.946000
338.560000
339.190000
339.803000
340.433000
341.046000
341.660000
342.290000
342.903000
343.533000
344.147000
344.760000
345.390000
346.004000
346.634000
347.247000
347.860000
348.490000
349.104000
350.347000
350.961000
351.591000
352.204000
352.834000
353.448000
354.061000
355.305000
355.935000
356.548000
357.161000
357.791000
358.405000
369.430000
370.043000
370.673000
371.287000
371.900000
372.530000
373.144000
373.774000
374.387000
375.001000
375.631000
376.874000
377.488000
378.101000
379.344000
381.201000
381.831000
382.445000
383.075000
383.688000
384.302000
384.932000
385.545000
386.175000
386.788000
387.402000
388.032000
389.889000
390.502000
391.132000
391.746000
392.376000
392.989000
393.603000
394.233000
395.476000
396.089000
396.703000
397.946000
398.560000
399.190000
400.433000
401.660000
402.290000
402.903000
403.533000
404.147000
404.760000
405.390000
406.004000
406.634000
407.247000
407.861000
408.491000
410.961000
411.591000
412.204000
414.061000
415.305000
415.935000
417.162000
417.792000
418.405000
429.430000
430.044000
430.674000
431.287000
431.900000
432.530000
433.144000
433.774000
434.387000
435.631000
437.488000
438.101000
438.731000
439.975000
440.588000
442.445000
443.075000
443.688000
444.302000
446.175000
446.789000
447.402000
448.032000
448.645000
449.276000
450.502000
451.132000
451.746000
452.376000
453.603000
455.460000
456.090000
456.703000
457.333000
458.560000
459.803000
461.047000
461.660000
462.290000
462.904000
463.534000
464.147000
465.391000
466.004000
466.634000
467.247000
467.861000
468.491000
469.734000
470.348000
470.961000
471.591000
472.835000
473.448000
474.061000
475.305000
477.162000
477.792000
478.405000
489.430000
490.044000
490.674000
491.287000
491.901000
492.531000
493.144000
493.774000
494.388000
495.001000
495.631000
496.874000
497.488000
498.101000
498.731000
499.345000
499.975000
500.588000
501.202000
501.832000
502.445000
503.075000
503.688000
505.545000
506.175000
506.789000
507.402000
508.032000
508.646000
509.276000
509.889000
511.133000
511.746000
512.376000
513.603000
515.460000
516.090000
516.703000
517.333000
517.947000
519.803000
520.433000
521.047000
522.290000
522.904000
523.534000
524.147000
525.391000
526.004000
526.634000
527.248000
527.861000
530.348000
533.448000
534.062000
535.305000
535.935000
536.548000
537.162000
537.792000
538.405000
550.044000
551.287000
551.901000
552.531000
553.144000
553.774000
554.388000
555.001000
555.631000
556.245000
556.875000
557.488000
558.102000
558.731000
561.202000
561.832000
562.445000
563.075000
563.689000
564.302000
565.546000
566.176000
566.789000
567.402000
569.276000
569.889000
570.503000
571.133000
571.746000
572.360000
572.990000
573.603000
574.233000
574.846000
576.090000
577.333000
577.947000
579.190000
580.434000
581.047000
581.661000
582.290000
582.904000
583.534000
585.391000
586.004000
586.634000
587.248000
588.491000
589.105000
589.735000
590.348000
590.961000
592.205000
592.835000
594.062000
595.305000
595.935000
596.549000
597.162000
609.431000
610.044000
612.531000
613.144000
613.774000
614.388000
616.875000
617.488000
618.102000
618.732000
619.345000
620.588000
621.202000
621.832000
622.445000
623.689000
624.302000
624.932000
625.546000
626.159000
626.789000
627.403000
628.033000
629.276000
630.503000
631.133000
631.746000
634.847000
636.090000
636.703000
637.333000
637.947000
638.560000
639.190000
639.804000
640.434000
641.661000
642.291000
642.904000
643.534000
644.148000
644.761000
645.391000
646.004000
646.634000
648.491000
649.105000
649.735000
650.348000
652.205000
652.835000
653.448000
654.062000
654.692000
656.549000
657.162000
657.792000
669.431000
670.044000
670.674000
671.901000
672.531000
673.145000
673.775000
674.388000
675.631000
676.245000
676.875000
677.488000
678.102000
678.732000
679.345000
679.975000
680.589000
681.202000
681.832000
682.446000
683.076000
683.689000
687.403000
688.033000
688.646000
689.260000
689.890000
690.503000
691.133000
692.360000
692.990000
693.603000
694.233000
694.847000
695.460000
696.090000
696.704000
697.334000
697.947000
698.561000
699.191000
699.804000
700.434000
701.047000
701.661000
702.291000
702.904000
703.534000
704.148000
705.391000
706.005000
706.635000
707.248000
707.861000
708.491000
709.105000
710.348000
710.962000
711.592000
712.205000
712.835000
713.449000
714.062000
715.306000
717.162000
717.792000
718.406000
729.431000
730.044000
730.674000
731.288000
731.901000
733.145000
733.775000
735.632000
736.245000
736.875000
737.489000
738.732000
739.975000
740.589000
741.202000
741.832000
742.446000
743.076000
744.303000
745.546000
746.159000
746.789000
747.403000
748.646000
749.890000
750.503000
751.133000
751.747000
752.360000
752.990000
753.603000
754.234000
754.847000
755.460000
756.090000
756.704000
757.334000
757.947000
758.561000
759.191000
759.804000
760.434000
761.048000
761.661000
762.291000
762.904000
763.534000
764.148000
764.761000
765.391000
767.862000
769.735000
770.348000
770.962000
771.592000
772.835000
773.449000
774.062000
775.306000
775.936000
776.549000
777.163000
777.793000
778.406000
789.415000
790.045000
791.288000
791.901000
792.515000
793.145000
793.758000
794.372000
795.615000
796.859000
797.472000
798.102000
798.716000
799.346000
799.959000
801.202000
801.816000
802.446000
803.673000
804.303000
804.916000
805.546000
806.160000
806.773000
807.403000
808.016000
808.646000
811.747000
812.360000
812.974000
813.604000
814.217000
814.847000
815.461000
818.561000
819.174000
819.804000
822.275000
822.905000
823.518000
824.148000
824.761000
826.618000
827.232000
827.862000
828.475000
829.719000
830.332000
830.962000
831.576000
832.819000
833.432000
834.062000
834.676000
835.306000
835.919000
836.533000
837.163000
837.776000
838.406000
849.415000
850.045000
850.658000
851.272000
851.902000
852.515000
853.145000
853.758000
854.372000
855.002000
855.615000
856.245000
856.859000
857.472000
860.573000
861.203000
863.673000
864.303000
864.916000
865.546000
866.160000
866.773000
867.403000
868.017000
869.874000
870.504000
871.117000
871.747000
872.360000
873.604000
874.847000
875.461000
876.704000
877.318000
879.174000
879.804000
880.418000
881.048000
881.661000
882.275000
882.905000
883.518000
884.132000
884.762000
885.375000
887.862000
890.962000
891.576000
892.206000
892.819000
893.433000
894.063000
894.676000
895.306000
895.919000
896.533000
897.163000
898.406000
909.415000
910.658000
911.288000
911.902000
912.515000
913.145000
913.759000
914.389000
915.002000
915.616000
916.246000
916.859000
917.489000
918.102000
918.716000
919.346000
920.573000
921.203000
921.816000
923.060000
923.673000
924.303000
924.916000
925.546000
926.160000
927.403000
928.017000
931.747000
932.361000
932.974000
933.604000
934.217000
934.847000
935.461000
936.074000
936.704000
937.318000
937.948000
938.561000
939.175000
940.418000
941.048000
941.661000
942.275000
942.905000
945.375000
946.619000
947.249000
948.476000
951.576000
952.206000
952.819000
953.433000
954.063000
954.676000
955.306000
956.533000
969.415000
970.045000
970.659000
971.289000
971.902000
972.515000
973.145000
973.759000
974.389000
975.616000
976.246000
976.859000
977.473000
978.103000
979.959000
980.573000
981.203000
981.816000
982.446000
983.060000
984.303000
985.547000
986.160000
986.774000
988.647000
989.874000
990.504000
991.117000
991.747000
992.361000
994.218000
994.848000
995.461000
996.074000
996.704000
997.318000
997.948000
998.561000
999.175000
1001.662000
1003.519000
1005.375000
1006.005000
1006.619000
1007.862000
1010.963000
1011.576000
1012.206000
1012.819000
1013.433000
1014.063000
1014.676000
1015.306000
1016.533000
1017.777000
1018.407000
