318.731000
321.201000
328.645000
331.132000
336.089000
337.333000
341.046000
342.290000
346.004000
347.247000
348.490000
350.961000
352.204000
353.448000
355.935000
357.161000
358.405000
370.043000
371.287000
372.530000
373.774000
375.001000
377.488000
381.201000
384.932000
389.889000
391.132000
392.376000
393.603000
396.089000
402.290000
403.533000
408.491000
410.961000
412.204000
415.935000
417.162000
430.044000
432.530000
437.488000
439.975000
443.688000
448.645000
452.376000
453.603000
456.090000
458.560000
459.803000
461.047000
462.290000
466.004000
467.247000
468.491000
473.448000
477.162000
478.405000
490.044000
491.287000
492.531000
493.774000
495.001000
497.488000
498.731000
499.975000
501.202000
502.445000
506.175000
507.402000
508.646000
509.889000
511.133000
512.376000
513.603000
516.090000
517.333000
519.803000
521.047000
522.290000
523.534000
527.248000
535.935000
537.162000
550.044000
551.287000
552.531000
553.774000
556.245000
557.488000
558.731000
561.202000
562.445000
566.176000
567.402000
569.889000
572.360000
573.603000
574.846000
581.047000
582.290000
583.534000
586.004000
588.491000
590.961000
592.205000
595.935000
597.162000
610.044000
613.774000
617.488000
618.732000
621.202000
622.445000
623.689000
624.932000
626.159000
627.403000
631.133000
634.847000
639.804000
643.534000
644.761000
646.004000
649.735000
652.205000
653.448000
654.692000
657.162000
670.044000
672.531000
676.245000
677.488000
678.732000
679.975000
681.202000
682.446000
683.689000
687.403000
688.646000
689.890000
691.133000
692.360000
693.603000
696.090000
697.334000
699.804000
701.047000
702.291000
703.534000
706.005000
707.248000
708.491000
712.205000
718.406000
730.044000
731.288000
736.245000
737.489000
738.732000
739.975000
747.403000
748.646000
752.360000
753.603000
754.847000
756.090000
757.334000
761.048000
763.534000
770.962000
775.936000
777.163000
778.406000
792.515000
793.758000
797.472000
798.716000
801.202000
802.446000
804.916000
806.160000
807.403000
812.360000
813.604000
822.275000
823.518000
827.232000
828.475000
829.719000
833.432000
838.406000
850.045000
851.272000
852.515000
855.002000
856.245000
857.472000
861.203000
863.673000
864.916000
867.403000
871.117000
872.360000
873.604000
877.318000
879.804000
883.518000
884.762000
890.962000
892.206000
894.676000
895.919000
897.163000
898.406000
911.288000
912.515000
913.759000
915.002000
916.246000
917.489000
918.716000
921.203000
923.673000
924.916000
926.160000
927.403000
932.361000
933.604000
934.847000
936.074000
937.318000
938.561000
941.048000
942.275000
947.249000
948.476000
952.206000
954.676000
972.515000
973.759000
976.246000
977.473000
981.203000
986.160000
988.647000
989.874000
992.361000
994.848000
996.074000
997.318000
998.561000
1006.005000
1010.963000
1012.206000
1013.433000
1014.676000
1018.407000
