9.429000
10.042000
10.672000
11.286000
11.916000
13.143000
14.386000
15.630000
16.243000
16.873000
17.487000
18.730000
19.343000
19.973000
20.587000
21.200000
21.830000
22.444000
23.074000
23.687000
24.301000
24.931000
26.174000
26.787000
27.401000
28.031000
28.644000
29.274000
29.888000
30.501000
31.131000
31.745000
32.375000
32.988000
33.602000
34.232000
34.845000
35.475000
36.088000
36.702000
37.332000
37.945000
38.575000
39.189000
39.802000
41.046000
42.289000
42.902000
43.532000
44.146000
44.776000
45.389000
46.003000
46.633000
47.246000
47.860000
48.490000
49.103000
49.733000
50.347000
50.960000
51.590000
52.203000
52.833000
53.447000
54.060000
54.690000
55.304000
55.934000
56.547000
57.161000
57.791000
58.404000
69.429000
70.043000
70.673000
71.286000
71.900000
72.530000
73.143000
73.773000
74.386000
75.000000
75.630000
76.243000
77.487000
78.100000
78.730000
79.344000
79.974000
80.587000
81.200000
81.830000
82.444000
83.074000
83.687000
84.301000
84.931000
85.544000
86.174000
86.788000
88.031000
88.645000
89.275000
89.888000
90.501000
91.131000
92.375000
92.988000
93.602000
94.232000
94.845000
95.475000
96.089000
96.702000
97.332000
97.945000
98.575000
99.189000
99.802000
100.432000
101.046000
101.676000
102.289000
102.903000
103.533000
104.146000
104.759000
105.390000
106.003000
106.633000
107.246000
107.860000
108.490000
109.103000
109.733000
110.347000
110.960000
111.590000
112.204000
112.834000
113.447000
114.690000
115.304000
115.934000
117.161000
117.791000
118.404000
129.429000
130.043000
130.673000
131.286000
131.900000
132.530000
133.143000
133.773000
134.387000
135.000000
136.243000
136.873000
137.487000
138.100000
138.730000
139.344000
139.974000
140.587000
141.201000
141.831000
142.444000
143.074000
143.687000
144.301000
144.931000
145.544000
146.174000
146.788000
147.401000
148.031000
148.645000
149.275000
151.132000
151.745000
152.375000
154.232000
154.845000
155.475000
156.089000
156.702000
157.332000
157.946000
158.576000
159.189000
159.803000
161.046000
161.676000
162.903000
164.760000
165.390000
166.003000
166.633000
167.247000
167.860000
168.490000
169.103000
169.733000
172.204000
172.834000
173.447000
174.061000
174.691000
175.304000
175.934000
176.547000
177.161000
177.791000
178.404000
189.430000
190.043000
190.673000
191.286000
191.900000
192.530000
193.143000
193.773000
194.387000
195.000000
195.630000
196.244000
197.487000
198.100000
198.730000
199.344000
199.974000
200.587000
201.201000
201.831000
202.444000
203.074000
203.688000
204.301000
204.931000
205.545000
206.175000
207.401000
208.031000
209.275000
209.888000
210.502000
211.132000
211.745000
212.375000
212.989000
213.602000
214.232000
214.845000
215.475000
216.089000
216.702000
217.332000
217.946000
218.576000
219.189000
219.803000
220.433000
221.046000
221.660000
222.290000
223.533000
224.146000
224.760000
225.390000
226.003000
226.633000
227.247000
227.860000
228.490000
229.104000
229.734000
230.347000
231.590000
232.204000
232.834000
233.447000
234.061000
234.691000
235.304000
235.934000
236.548000
237.161000
237.791000
238.405000
250.043000
250.673000
251.287000
251.900000
252.530000
253.143000
253.773000
254.387000
255.000000
255.630000
256.244000
257.487000
258.101000
258.731000
259.974000
261.201000
261.831000
262.444000
263.074000
263.688000
264.301000
264.931000
265.545000
266.175000
266.788000
267.402000
268.032000
268.645000
269.275000
269.888000
270.502000
271.132000
271.745000
272.375000
272.989000
273.602000
274.846000
275.476000
276.703000
277.333000
277.946000
278.576000
279.189000
279.803000
280.433000
281.046000
281.660000
282.290000
282.903000
283.533000
284.147000
284.760000
285.390000
286.003000
287.247000
287.860000
288.490000
289.104000
289.734000
290.347000
290.961000
291.591000
292.204000
293.448000
294.061000
294.691000
295.304000
295.934000
296.548000
297.161000
297.791000
298.405000
