1038.672000
1039.286000
1039.916000
1040.529000
1041.143000
1041.773000
1042.386000
1043.000000
1043.630000
1044.243000
1044.873000
1045.486000
1046.100000
1046.730000
1047.343000
1047.973000
1048.587000
1049.200000
1049.830000
1050.444000
1051.074000
1051.687000
1052.301000
1054.174000
1054.787000
1057.274000
1057.888000
1058.501000
1059.131000
1059.745000
1060.375000
1060.988000
1061.602000
1062.232000
1062.845000
1063.475000
1064.088000
1064.702000
1065.332000
1065.945000
1066.575000
1067.189000
1067.802000
1068.432000
1069.046000
1069.676000
1070.289000
1070.902000
1071.532000
1072.146000
1073.389000
1074.003000
1075.246000
1075.860000
1076.490000
1077.103000
1077.733000
1078.347000
1078.960000
1079.590000
1080.203000
1080.833000
1081.447000
1082.060000
1082.690000
1083.304000
1084.547000
1085.161000
1085.791000
1086.404000
1097.429000
1098.043000
1098.673000
1099.286000
1099.916000
1100.529000
1101.143000
1101.773000
1103.630000
1104.243000
1104.873000
1105.487000
1106.100000
1106.730000
1107.344000
1107.974000
1108.587000
1109.200000
1109.830000
1110.444000
1111.074000
1111.687000
1112.301000
1112.931000
1113.544000
1114.174000
1114.788000
1115.401000
1116.031000
1116.644000
1117.274000
1117.888000
1118.501000
1119.131000
1119.745000
1120.375000
1120.988000
1121.602000
1122.232000
1122.845000
1123.475000
1124.089000
1124.702000
1125.945000
1126.575000
1127.189000
1127.802000
1128.432000
1129.046000
1129.676000
1130.289000
1130.903000
1131.533000
1133.389000
1134.003000
1135.246000
1135.860000
1136.490000
1137.103000
1137.733000
1138.347000
1139.590000
1140.204000
1140.834000
1141.447000
1142.060000
1143.304000
1143.934000
1144.547000
1145.161000
1145.791000
1146.404000
1157.429000
1158.043000
1158.673000
1159.286000
1159.900000
1160.530000
1161.143000
1161.773000
1162.387000
1163.630000
1164.243000
1164.873000
1165.487000
1166.100000
1166.730000
1167.344000
1167.974000
1168.587000
1169.201000
1169.831000
1171.074000
1171.687000
1172.931000
1173.544000
1174.174000
1174.788000
1175.401000
1176.031000
1176.645000
1177.275000
1177.888000
1178.502000
1179.132000
1179.745000
1180.988000
1181.602000
1182.232000
1182.845000
1183.475000
1184.089000
1184.702000
1185.332000
1185.946000
1186.576000
1187.189000
1187.802000
1189.046000
1189.676000
1190.289000
1191.533000
1192.146000
1192.760000
1193.390000
1194.003000
1194.633000
1195.247000
1195.860000
1196.490000
1197.103000
1197.733000
1198.347000
1198.960000
1199.590000
1200.834000
1201.447000
1202.691000
1203.304000
1203.934000
1204.547000
1205.161000
1205.791000
1206.404000
1217.430000
1218.043000
1218.673000
1219.286000
1219.900000
1221.143000
1221.773000
1222.387000
1223.000000
1224.244000
1224.874000
1225.487000
1226.100000
1226.730000
1227.344000
1227.974000
1228.587000
1229.201000
1229.831000
1230.444000
1231.074000
1231.688000
1232.301000
1232.931000
1233.544000
1234.175000
1234.788000
1235.401000
1236.031000
1236.645000
1237.275000
1237.888000
1238.502000
1239.132000
1239.745000
1240.375000
1240.989000
1241.602000
1242.232000
1242.845000
1243.475000
1245.332000
1245.946000
1246.576000
1247.189000
1247.803000
1248.433000
1249.046000
1249.676000
1250.290000
1250.903000
1251.533000
1252.146000
1252.760000
1253.390000
1254.003000
1254.633000
1255.247000
1255.860000
1256.490000
1257.104000
1257.734000
1258.347000
1258.960000
1259.590000
1260.834000
1261.447000
1262.061000
1263.304000
1263.934000
1264.548000
1265.161000
1265.791000
1266.404000
1277.430000
1278.043000
1278.673000
1279.287000
1279.900000
1280.530000
1281.143000
1281.773000
1282.387000
1283.000000
1284.244000
1284.874000
1285.487000
1286.101000
1286.731000
1287.344000
1287.974000
1288.587000
1289.201000
1289.831000
1290.444000
1291.074000
1291.688000
1292.301000
1292.931000
1293.545000
1294.788000
1295.402000
1296.032000
1296.645000
1297.275000
1297.888000
1298.502000
1299.132000
1299.745000
1300.375000
1300.989000
1301.602000
1302.232000
1304.089000
1304.702000
1309.046000
1309.660000
1310.290000
1310.903000
1312.147000
1312.760000
1313.390000
1314.003000
1314.633000
1315.247000
1315.860000
1316.490000
1317.104000
1317.734000
1318.347000
1319.591000
1320.204000
1320.834000
1321.447000
1322.061000
1322.691000
1323.304000
1323.934000
1324.548000
1325.161000
1325.791000
1326.405000
1337.430000
1338.043000
1339.287000
1339.900000
1340.530000
1341.774000
1342.387000
1343.630000
1344.244000
1344.874000
1345.487000
1346.101000
1346.731000
1347.344000
1347.974000
1348.588000
1349.201000
1349.831000
1350.445000
1351.075000
1351.688000
1352.301000
1353.545000
1354.175000
1354.788000
1355.402000
1356.032000
1357.275000
1357.889000
1358.502000
1359.132000
1359.745000
1360.375000
1360.989000
1361.602000
1362.232000
1362.846000
1363.476000
1364.089000
1364.703000
1365.333000
1365.946000
1366.559000
1367.190000
1367.803000
1368.433000
1369.660000
1370.290000
1370.903000
1371.533000
1372.147000
1373.390000
1374.004000
1374.634000
1375.247000
1375.860000
1376.490000
1377.104000
1377.734000
1378.347000
1381.448000
1382.061000
1382.691000
1383.305000
1383.935000
1384.548000
1385.161000
1385.791000
1386.405000
1398.043000
1398.673000
1399.287000
1399.900000
1400.530000
1401.144000
1401.774000
1402.387000
1403.001000
1403.631000
1404.244000
1404.874000
1405.487000
1406.101000
1406.731000
1407.344000
1408.588000
1409.201000
1409.831000
1411.075000
1411.688000
1412.302000
1412.932000
1413.545000
1414.175000
1414.788000
1415.402000
1416.645000
1417.889000
1419.132000
1419.746000
1420.376000
1420.989000
1421.602000
1422.846000
1423.476000
1424.089000
1424.703000
1425.333000
1425.946000
1426.560000
1427.190000
1427.803000
1430.290000
1430.903000
1431.533000
1432.147000
1432.760000
1433.390000
1434.004000
1434.634000
1435.247000
1435.861000
1436.491000
1437.104000
1437.734000
1438.961000
1439.591000
1440.834000
1441.448000
1442.061000
1442.691000
1444.548000
1445.162000
1445.792000
1446.405000
1457.430000
1458.044000
1459.287000
1459.900000
1461.144000
1462.387000
1463.001000
1463.631000
1464.244000
1464.874000
1465.488000
1466.101000
1466.731000
1467.345000
1467.975000
1468.588000
1469.201000
1469.831000
1471.075000
1471.688000
1472.302000
1472.932000
1473.545000
1474.175000
1474.789000
1475.402000
1476.032000
1476.645000
1477.275000
1477.889000
1479.132000
1479.746000
1480.376000
1480.989000
1481.603000
1482.233000
1482.846000
1483.460000
1484.090000
1485.946000
1486.560000
1487.190000
1487.803000
1489.047000
1489.660000
1490.290000
1490.904000
1491.534000
1492.147000
1494.634000
1495.247000
1495.861000
1497.734000
1498.348000
1498.961000
1499.591000
1500.205000
1500.835000
1501.448000
1502.061000
1503.305000
1503.935000
1504.548000
1505.162000
1506.405000
1517.430000
1518.044000
1519.287000
1519.901000
1520.531000
1522.388000
1523.001000
1524.244000
1524.874000
1525.488000
1526.101000
1526.731000
1527.345000
1527.975000
1529.202000
1529.832000
1530.445000
1531.075000
1531.688000
1534.175000
1534.789000
1535.402000
1536.032000
1536.646000
1539.133000
1539.746000
1541.603000
1542.233000
1543.460000
1544.090000
1544.703000
1545.333000
1545.947000
1546.560000
1547.190000
1547.803000
1548.433000
1549.047000
1549.660000
1550.904000
1551.534000
1552.147000
1552.761000
1554.634000
1555.247000
1557.104000
1557.734000
1558.348000
1560.835000
1561.448000
1563.305000
1565.162000
1565.792000
1577.430000
1578.044000
1578.674000
1579.287000
1579.901000
1580.531000
1581.144000
1581.774000
1582.388000
1584.245000
1584.875000
1585.488000
1586.101000
1586.731000
1587.345000
1587.975000
1588.588000
1589.202000
1589.832000
1590.445000
1591.075000
1591.689000
1592.302000
1592.932000
1593.545000
1594.175000
1594.789000
1595.402000
1596.032000
1596.646000
1597.276000
1598.503000
1602.846000
1603.460000
1604.090000
1604.703000
1605.333000
1607.804000
1608.434000
1610.904000
1611.534000
1613.391000
1614.004000
1614.634000
1615.248000
1615.861000
1616.491000
1617.735000
1620.205000
1620.835000
1623.305000
1626.405000
1637.431000
1638.044000
1638.674000
1639.288000
1639.901000
1640.531000
1641.144000
1643.631000
1644.245000
1644.875000
1646.102000
1646.732000
1647.345000
1647.975000
1648.588000
1649.832000
1651.075000
1652.932000
1653.546000
1654.176000
1654.789000
1655.403000
1656.646000
1658.503000
1659.746000
1660.376000
1660.990000
1661.603000
1662.233000
1662.847000
1663.477000
1664.703000
1665.333000
1665.947000
1668.434000
1669.047000
1669.661000
1670.291000
1672.148000
1672.761000
1673.391000
1674.634000
1675.248000
1675.861000
1676.491000
1677.105000
1677.735000
1678.348000
1680.205000
1682.692000
1683.305000
1683.935000
1684.549000
1685.162000
1685.792000
1686.406000
1697.431000
1698.674000
1699.288000
1699.901000
1700.531000
1701.145000
1701.775000
1702.388000
1703.001000
1704.245000
1704.875000
1705.488000
1706.102000
1706.732000
1707.345000
1707.975000
1708.589000
1709.202000
1709.832000
1710.445000
1711.075000
1711.689000
1712.302000
1712.932000
1713.546000
1714.176000
1716.646000
1718.503000
1719.133000
1719.746000
1720.376000
1720.990000
1722.233000
1722.847000
1724.090000
1724.704000
1725.947000
1726.577000
1727.190000
1727.804000
1728.434000
1729.047000
1729.661000
1730.291000
1730.904000
1731.534000
1732.148000
1732.761000
1733.391000
1734.005000
1736.491000
1737.105000
1737.735000
1738.348000
1738.962000
1739.592000
1740.205000
1741.449000
1743.305000
1745.162000
1745.792000
1746.406000
