311.287000
312.530000
313.774000
315.000000
316.244000
317.487000
326.175000
327.402000
333.602000
338.560000
339.803000
343.533000
344.760000
382.445000
383.688000
386.175000
387.402000
398.560000
404.760000
406.004000
407.247000
418.405000
431.287000
433.774000
438.731000
442.445000
446.175000
447.402000
451.132000
457.333000
463.534000
469.734000
470.961000
503.688000
526.004000
533.448000
538.405000
555.001000
563.689000
571.133000
576.090000
577.333000
587.248000
589.735000
612.531000
636.090000
637.333000
638.560000
642.291000
648.491000
673.775000
694.847000
698.561000
710.962000
713.449000
717.162000
733.775000
741.202000
742.446000
746.159000
749.890000
751.133000
758.561000
759.804000
762.291000
764.761000
769.735000
773.449000
790.045000
791.288000
799.959000
803.673000
808.646000
814.847000
818.561000
819.804000
824.761000
830.962000
834.676000
835.919000
837.163000
853.758000
866.160000
869.874000
874.847000
881.048000
882.275000
893.433000
953.433000
970.045000
971.289000
979.959000
982.446000
991.117000
1003.519000
