1766.666000
1767.910000
1769.153000
1771.624000
1772.867000
1774.110000
1775.354000
1776.581000
1777.824000
1779.068000
1780.311000
1781.554000
1782.781000
1784.025000
1785.268000
1787.755000
1791.469000
1792.712000
1793.956000
1795.183000
1796.426000
1797.669000
1800.140000
1801.383000
1802.627000
1803.870000
1805.114000
1806.340000
1807.584000
1808.827000
1810.071000
1811.314000
1812.541000
1813.784000
1825.423000
1826.666000
1827.910000
1829.153000
1830.380000
1831.624000
1832.867000
1834.111000
1835.354000
1836.581000
1837.824000
1839.068000
1840.311000
1841.555000
1842.781000
1844.025000
1846.512000
1847.755000
1848.982000
1850.226000
1851.469000
1852.712000
1853.956000
1856.426000
1857.670000
1858.913000
1860.140000
1861.383000
1862.627000
1863.870000
1865.114000
1866.341000
1867.584000
1868.827000
1870.071000
1872.541000
1873.785000
1886.667000
1887.910000
1889.154000
1890.380000
1891.624000
1892.867000
1894.111000
1895.354000
1896.581000
1897.824000
1899.068000
1900.311000
1902.782000
1904.025000
1905.269000
1906.512000
1907.755000
1908.982000
1910.226000
1911.469000
1912.713000
1916.426000
1917.670000
1918.913000
1920.140000
1921.384000
1922.627000
1925.114000
1926.341000
1930.071000
1932.541000
1933.785000
1945.423000
1946.667000
1947.910000
1949.154000
1951.624000
1952.867000
1954.111000
1955.354000
1956.581000
1957.825000
1959.068000
1960.312000
1961.555000
1962.782000
1964.025000
1965.269000
1966.512000
1967.756000
1968.982000
1970.226000
1972.713000
1973.940000
1975.183000
1976.427000
1978.913000
1981.384000
1982.627000
1983.871000
1986.341000
1987.584000
1988.828000
1991.315000
1992.541000
1993.785000
2005.424000
2006.667000
2010.381000
2011.624000
2012.868000
2014.095000
2015.338000
2021.539000
2022.782000
2024.025000
2025.252000
2026.496000
2027.739000
2028.983000
2030.226000
2031.453000
2032.696000
2036.427000
2037.654000
2038.897000
2041.384000
2043.854000
2046.341000
2047.584000
2048.828000
2050.055000
2053.785000
2066.667000
2069.137000
2071.624000
2072.868000
2074.095000
2076.582000
2081.539000
2082.782000
2086.496000
2087.739000
2088.983000
2090.226000
2091.453000
2092.697000
2093.940000
2097.654000
2098.897000
2101.384000
2102.627000
2103.854000
2105.098000
2107.585000
2108.812000
2110.055000
2125.424000
2126.667000
2127.894000
2130.381000
2131.625000
2132.868000
2134.095000
2135.338000
2136.582000
2137.825000
2141.539000
2142.782000
2144.026000
2145.253000
2146.496000
2147.739000
2148.983000
2153.940000
2156.427000
2157.654000
2160.141000
2161.384000
2162.628000
2163.854000
2165.098000
2167.585000
2168.812000
2170.055000
2173.785000
2185.424000
2186.668000
2187.894000
2189.138000
2190.381000
2191.625000
2192.852000
2195.338000
2197.825000
2199.052000
2200.296000
2202.782000
2204.026000
2205.253000
2206.496000
2207.740000
2208.983000
2210.227000
2212.697000
2213.940000
2216.427000
2223.855000
2230.055000
2231.299000
2232.542000
2245.424000
2246.668000
2247.895000
2249.138000
2250.381000
2251.625000
2254.095000
2255.339000
2256.582000
2257.825000
2259.052000
2260.296000
2262.783000
2266.496000
2270.227000
2271.454000
2272.697000
2273.940000
2275.184000
2276.427000
2277.654000
2278.898000
2282.628000
2283.855000
2287.585000
2288.812000
2290.055000
2291.299000
2305.424000
2306.668000
2307.895000
2309.138000
2310.382000
2311.625000
2312.852000
2314.095000
2320.296000
2322.783000
2328.983000
2330.227000
2332.697000
2333.941000
2336.427000
2338.898000
2341.385000
2342.612000
2343.855000
2346.342000
2347.585000
2348.812000
2353.786000
2365.425000
2366.668000
2367.895000
2369.138000
2374.095000
2375.339000
2376.582000
2380.296000
2381.540000
2386.497000
2387.740000
2388.984000
2392.697000
2393.941000
2395.184000
2396.428000
2397.655000
2401.385000
2405.099000
2408.812000
2412.543000
2425.425000
2426.652000
2427.895000
2429.138000
2430.382000
2432.852000
2434.096000
2435.339000
2439.053000
2440.296000
2441.540000
2442.783000
2444.027000
2445.253000
2446.497000
2447.740000
2448.984000
2450.227000
2451.454000
2455.184000
2456.428000
2458.898000
2460.142000
2461.385000
2462.612000
2465.099000
2466.342000
2467.586000
2470.056000
2471.299000
