1767.280000
1768.523000
1769.767000
1772.254000
1774.724000
1775.967000
1777.211000
1778.454000
1779.681000
1780.924000
1782.168000
1783.411000
1785.882000
1787.125000
1788.369000
1790.855000
1792.082000
1793.326000
1794.569000
1797.056000
1798.283000
1799.526000
1800.770000
1802.013000
1803.240000
1805.727000
1806.970000
1809.441000
1810.684000
1811.928000
1826.053000
1827.280000
1829.767000
1831.010000
1832.254000
1833.481000
1834.724000
1838.454000
1839.681000
1842.168000
1843.411000
1844.655000
1845.882000
1847.125000
1848.369000
1849.612000
1850.856000
1852.082000
1853.326000
1855.813000
1857.040000
1863.240000
1864.484000
1866.971000
1869.441000
1870.684000
1871.928000
1874.415000
1886.053000
1887.280000
1889.767000
1891.010000
1892.254000
1893.481000
1894.724000
1897.211000
1898.454000
1899.681000
1903.412000
1904.655000
1905.882000
1907.125000
1908.369000
1909.612000
1910.856000
1912.083000
1915.813000
1918.283000
1922.014000
1923.240000
1925.727000
1928.214000
1929.441000
1931.928000
1933.171000
1934.415000
1946.053000
1949.767000
1952.254000
1953.481000
1954.724000
1957.211000
1958.455000
1959.682000
1960.925000
1963.412000
1964.655000
1965.882000
1967.126000
1968.369000
1969.612000
1973.326000
1977.040000
1979.527000
1980.770000
1983.241000
1984.484000
1986.971000
1990.685000
1991.928000
1993.172000
2009.767000
2012.238000
2017.195000
2019.682000
2022.152000
2025.882000
2028.353000
2029.596000
2030.840000
2032.083000
2033.326000
2035.797000
2038.284000
2039.527000
2040.754000
2043.241000
2050.685000
2054.399000
2066.037000
2067.281000
2068.524000
2070.994000
2073.481000
2075.952000
2077.195000
2080.925000
2083.396000
2087.126000
2088.353000
2089.596000
2090.840000
2095.797000
2097.040000
2099.527000
2100.754000
2101.997000
2103.241000
2109.442000
2110.685000
2126.037000
2128.524000
2129.768000
2130.995000
2132.238000
2133.481000
2134.725000
2135.952000
2137.195000
2143.396000
2148.353000
2152.083000
2157.040000
2161.998000
2165.728000
2168.198000
2169.442000
2170.685000
2174.399000
2188.524000
2190.995000
2192.238000
2193.482000
2199.682000
2200.926000
2202.153000
2204.639000
2207.126000
2209.597000
2212.083000
2217.041000
2221.998000
2224.485000
2228.198000
2230.685000
2233.156000
2247.281000
2248.525000
2249.768000
2250.995000
2254.725000
2255.952000
2258.439000
2260.926000
2262.153000
2263.396000
2267.126000
2268.353000
2272.084000
2277.041000
2283.241000
2284.485000
2288.199000
2289.442000
2306.038000
2310.995000
2312.238000
2324.640000
2329.597000
2335.798000
2341.998000
2343.242000
2346.955000
2348.199000
2349.442000
2351.912000
2354.399000
2366.038000
2367.281000
2368.525000
2372.239000
2373.482000
2374.725000
2377.196000
2380.926000
2382.153000
2383.396000
2387.127000
2388.354000
2389.597000
2393.327000
2394.554000
2395.798000
2397.041000
2400.755000
2401.998000
2404.485000
2405.712000
2406.955000
2409.442000
2414.400000
2426.038000
2427.282000
2428.525000
2430.995000
2432.239000
2434.726000
2437.196000
2439.683000
2443.397000
2444.640000
2447.127000
2448.354000
2449.597000
2450.841000
2457.041000
2460.755000
2465.712000
2468.199000
2470.686000
