1766.666000
1767.280000
1767.910000
1768.523000
1769.153000
1769.767000
1771.010000
1771.624000
1772.254000
1772.867000
1773.480000
1774.110000
1774.724000
1775.354000
1775.967000
1776.581000
1777.211000
1777.824000
1778.454000
1779.068000
1779.681000
1780.311000
1780.924000
1781.554000
1782.168000
1782.781000
1783.411000
1784.025000
1784.655000
1785.268000
1785.882000
1787.125000
1787.755000
1788.369000
1789.612000
1790.855000
1791.469000
1792.082000
1792.712000
1793.326000
1793.956000
1794.569000
1795.183000
1796.426000
1797.056000
1797.669000
1798.283000
1799.526000
1800.140000
1800.770000
1801.383000
1802.013000
1802.627000
1803.240000
1803.870000
1804.484000
1805.114000
1805.727000
1806.340000
1806.970000
1807.584000
1808.214000
1808.827000
1809.441000
1810.071000
1810.684000
1811.314000
1811.928000
1812.541000
1813.171000
1813.784000
1814.414000
1825.423000
1826.053000
1826.666000
1827.280000
1827.910000
1828.523000
1829.153000
1829.767000
1830.380000
1831.010000
1831.624000
1832.254000
1832.867000
1833.481000
1834.111000
1834.724000
1835.354000
1836.581000
1837.211000
1837.824000
1838.454000
1839.068000
1839.681000
1840.311000
1840.925000
1841.555000
1842.168000
1842.781000
1843.411000
1844.025000
1844.655000
1845.882000
1846.512000
1847.125000
1847.755000
1848.369000
1848.982000
1849.612000
1850.226000
1850.856000
1851.469000
1852.082000
1852.712000
1853.326000
1853.956000
1855.813000
1856.426000
1857.040000
1857.670000
1858.283000
1858.913000
1860.140000
1860.770000
1861.383000
1862.627000
1863.240000
1863.870000
1864.484000
1865.114000
1865.727000
1866.341000
1866.971000
1867.584000
1868.214000
1868.827000
1869.441000
1870.071000
1870.684000
1871.928000
1872.541000
1873.171000
1873.785000
1874.415000
1886.053000
1886.667000
1887.280000
1887.910000
1888.524000
1889.154000
1889.767000
1890.380000
1891.010000
1891.624000
1892.254000
1892.867000
1893.481000
1894.111000
1894.724000
1895.354000
1896.581000
1897.211000
1897.824000
1898.454000
1899.068000
1899.681000
1900.311000
1902.782000
1903.412000
1904.025000
1904.655000
1905.269000
1905.882000
1906.512000
1907.125000
1907.755000
1908.369000
1908.982000
1909.612000
1910.226000
1910.856000
1911.469000
1912.083000
1912.713000
1915.813000
1916.426000
1917.040000
1917.670000
1918.283000
1918.913000
1920.140000
1920.770000
1921.384000
1922.014000
1922.627000
1923.240000
1925.114000
1925.727000
1926.341000
1926.971000
1928.214000
1929.441000
1930.071000
1931.928000
1932.541000
1933.171000
1933.785000
1934.415000
1945.423000
1946.053000
1946.667000
1947.280000
1947.910000
1949.154000
1949.767000
1951.011000
1951.624000
1952.254000
1952.867000
1953.481000
1954.111000
1954.724000
1955.354000
1955.968000
1956.581000
1957.211000
1957.825000
1958.455000
1959.068000
1959.682000
1960.312000
1960.925000
1961.555000
1962.782000
1963.412000
1964.025000
1964.655000
1965.269000
1965.882000
1966.512000
1967.126000
1967.756000
1968.369000
1968.982000
1969.612000
1970.226000
1970.856000
1972.713000
1973.326000
1973.940000
1974.570000
1975.183000
1975.813000
1976.427000
1977.040000
1978.913000
1979.527000
1980.770000
1981.384000
1982.014000
1982.627000
1983.241000
1983.871000
1984.484000
1986.341000
1986.971000
1987.584000
1988.828000
1990.685000
1991.315000
1991.928000
1992.541000
1993.172000
1993.785000
2005.424000
2006.037000
2006.667000
2008.524000
2009.767000
2010.381000
2010.994000
2011.624000
2012.238000
2012.868000
2013.481000
2014.095000
2014.724000
2015.338000
2017.195000
2019.682000
2021.539000
2022.152000
2022.782000
2023.395000
2024.025000
2025.252000
2025.882000
2026.496000
2027.739000
2028.353000
2028.983000
2029.596000
2030.226000
2030.840000
2031.453000
2032.083000
2032.696000
2033.326000
2035.797000
2036.427000
2037.040000
2037.654000
2038.284000
2038.897000
2039.527000
2040.754000
2041.384000
2043.241000
2043.854000
2046.341000
2047.584000
2048.828000
2049.441000
2050.055000
2050.685000
2053.785000
2054.399000
2066.037000
2066.667000
2067.281000
2068.524000
2069.137000
2069.767000
2070.994000
2071.624000
2072.868000
2073.481000
2074.095000
2075.952000
2076.582000
2077.195000
2078.438000
2080.925000
2081.539000
2082.152000
2082.782000
2083.396000
2086.496000
2087.126000
2087.739000
2088.353000
2088.983000
2089.596000
2090.226000
2090.840000
2091.453000
2092.083000
2092.697000
2093.940000
2095.797000
2097.040000
2097.654000
2098.897000
2099.527000
2100.754000
2101.384000
2101.997000
2102.627000
2103.241000
2103.854000
2105.098000
2106.955000
2107.585000
2108.198000
2108.812000
2109.442000
2110.055000
2110.685000
2125.424000
2126.037000
2126.667000
2127.894000
2128.524000
2129.768000
2130.381000
2130.995000
2131.625000
2132.238000
2132.868000
2133.481000
2134.095000
2134.725000
2135.338000
2135.952000
2136.582000
2137.195000
2137.825000
2140.925000
2141.539000
2142.152000
2142.782000
2143.396000
2144.026000
2144.639000
2145.253000
2146.496000
2147.739000
2148.353000
2148.983000
2149.596000
2152.083000
2153.940000
2156.427000
2157.040000
2157.654000
2160.141000
2161.384000
2161.998000
2162.628000
2163.241000
2163.854000
2165.098000
2165.728000
2167.585000
2168.198000
2168.812000
2169.442000
2170.055000
2170.685000
2173.785000
2174.399000
2185.424000
2186.668000
2187.281000
2187.894000
2188.524000
2189.138000
2190.381000
2190.995000
2191.625000
2192.238000
2192.852000
2193.482000
2195.338000
2195.952000
2197.825000
2198.439000
2199.052000
2199.682000
2200.296000
2200.926000
2202.153000
2202.782000
2204.026000
2204.639000
2205.253000
2206.496000
2207.126000
2207.740000
2208.353000
2208.983000
2209.597000
2210.227000
2212.083000
2212.697000
2213.940000
2215.797000
2216.427000
2217.041000
2219.527000
2221.998000
2223.855000
2224.485000
2228.198000
2230.055000
2230.685000
2231.299000
2231.912000
2232.542000
2233.156000
2245.424000
2246.038000
2246.668000
2247.281000
2247.895000
2248.525000
2249.138000
2249.768000
2250.381000
2250.995000
2251.625000
2253.482000
2254.095000
2254.725000
2255.339000
2255.952000
2256.582000
2257.825000
2258.439000
2259.052000
2259.682000
2260.296000
2260.926000
2262.153000
2262.783000
2263.396000
2264.640000
2266.496000
2267.126000
2268.353000
2270.227000
2271.454000
2272.084000
2272.697000
2273.940000
2275.184000
2275.797000
2276.427000
2277.041000
2277.654000
2278.898000
2281.998000
2282.628000
2283.241000
2283.855000
2284.485000
2287.585000
2288.199000
2288.812000
2289.442000
2290.055000
2291.299000
2305.424000
2306.038000
2306.668000
2307.895000
2308.525000
2309.138000
2309.752000
2310.382000
2310.995000
2311.625000
2312.238000
2312.852000
2314.095000
2319.683000
2320.296000
2320.926000
2322.783000
2324.640000
2328.983000
2329.597000
2330.227000
2330.840000
2332.084000
2332.697000
2333.941000
2335.798000
2336.427000
2338.898000
2341.385000
2341.998000
2342.612000
2343.242000
2343.855000
2346.342000
2346.955000
2347.585000
2348.199000
2348.812000
2349.442000
2351.912000
2353.786000
2354.399000
2365.425000
2366.038000
2366.668000
2367.281000
2367.895000
2368.525000
2369.138000
2372.239000
2373.482000
2374.095000
2374.725000
2375.339000
2375.952000
2376.582000
2377.196000
2380.296000
2380.926000
2381.540000
2382.153000
2383.396000
2386.497000
2387.127000
2387.740000
2388.354000
2388.984000
2389.597000
2392.084000
2392.697000
2393.327000
2393.941000
2394.554000
2395.184000
2395.798000
2396.428000
2397.041000
2397.655000
2399.511000
2400.755000
2401.385000
2401.998000
2404.485000
2405.099000
2405.712000
2406.955000
2408.199000
2408.812000
2409.442000
2411.913000
2412.543000
2414.400000
2425.425000
2426.038000
2426.652000
2427.282000
2427.895000
2428.525000
2429.138000
2429.752000
2430.382000
2430.995000
2432.239000
2432.852000
2433.482000
2434.096000
2434.726000
2435.339000
2437.196000
2439.053000
2439.683000
2440.296000
2441.540000
2442.153000
2442.783000
2443.397000
2444.027000
2444.640000
2445.253000
2445.883000
2446.497000
2447.127000
2447.740000
2448.354000
2448.984000
2449.597000
2450.227000
2450.841000
2451.454000
2452.084000
2455.184000
2456.428000
2457.041000
2458.898000
2460.142000
2460.755000
2461.385000
2461.998000
2462.612000
2465.099000
2465.712000
2466.342000
2466.956000
2467.586000
2468.199000
2470.056000
2470.686000
2471.299000
