6.329000
6.942000
7.572000
8.186000
8.816000
9.429000
10.042000
10.672000
11.286000
11.916000
12.529000
13.143000
13.773000
14.386000
15.000000
15.630000
16.243000
16.873000
17.487000
18.100000
18.730000
19.343000
19.973000
20.587000
21.200000
21.830000
22.444000
23.074000
23.687000
24.301000
24.931000
25.544000
26.174000
26.787000
27.401000
28.031000
28.644000
29.274000
29.888000
30.501000
31.131000
31.745000
32.375000
32.988000
33.602000
34.232000
34.845000
35.475000
36.088000
36.702000
37.332000
37.945000
38.575000
39.189000
39.802000
40.432000
41.046000
41.676000
42.289000
42.902000
43.532000
44.146000
44.776000
45.389000
46.003000
46.633000
47.246000
47.860000
48.490000
49.103000
49.733000
50.347000
50.960000
51.590000
52.203000
52.833000
53.447000
54.060000
54.690000
55.304000
55.934000
56.547000
57.161000
57.791000
58.404000
66.329000
66.942000
67.572000
68.186000
68.816000
69.429000
70.043000
70.673000
71.286000
71.900000
72.530000
73.143000
73.773000
74.386000
75.000000
75.630000
76.243000
76.873000
77.487000
78.100000
78.730000
79.344000
79.974000
80.587000
81.200000
81.830000
82.444000
83.074000
83.687000
84.301000
84.931000
85.544000
86.174000
86.788000
87.401000
88.031000
88.645000
89.275000
89.888000
90.501000
91.131000
91.745000
92.375000
92.988000
93.602000
94.232000
94.845000
95.475000
96.089000
96.702000
97.332000
97.945000
98.575000
99.189000
99.802000
100.432000
101.046000
101.676000
102.289000
102.903000
103.533000
104.146000
104.759000
105.390000
106.003000
106.633000
107.246000
107.860000
108.490000
109.103000
109.733000
110.347000
110.960000
111.590000
112.204000
112.834000
113.447000
114.060000
114.690000
115.304000
115.934000
116.547000
117.161000
117.791000
118.404000
126.329000
126.942000
127.573000
128.186000
128.816000
129.429000
130.043000
130.673000
131.286000
131.900000
132.530000
133.143000
133.773000
134.387000
135.000000
135.630000
136.243000
136.873000
137.487000
138.100000
138.730000
139.344000
139.974000
140.587000
141.201000
141.831000
142.444000
143.074000
143.687000
144.301000
144.931000
145.544000
146.174000
146.788000
147.401000
148.031000
148.645000
149.275000
149.888000
150.502000
151.132000
151.745000
152.375000
152.988000
153.602000
154.232000
154.845000
155.475000
156.089000
156.702000
157.332000
157.946000
158.576000
159.189000
159.803000
160.432000
161.046000
161.676000
162.289000
162.903000
163.533000
164.146000
164.760000
165.390000
166.003000
166.633000
167.247000
167.860000
168.490000
169.103000
169.733000
170.347000
170.960000
171.590000
172.204000
172.834000
173.447000
174.061000
174.691000
175.304000
175.934000
176.547000
177.161000
177.791000
178.404000
186.329000
186.943000
187.573000
188.186000
188.800000
189.430000
190.043000
190.673000
191.286000
191.900000
192.530000
193.143000
193.773000
194.387000
195.000000
195.630000
196.244000
196.874000
197.487000
198.100000
198.730000
199.344000
199.974000
200.587000
201.201000
201.831000
202.444000
203.074000
203.688000
204.301000
204.931000
205.545000
206.175000
206.788000
207.401000
208.031000
208.645000
209.275000
209.888000
210.502000
211.132000
211.745000
212.375000
212.989000
213.602000
214.232000
214.845000
215.475000
216.089000
216.702000
217.332000
217.946000
218.576000
219.189000
219.803000
220.433000
221.046000
221.660000
222.290000
222.903000
223.533000
224.146000
224.760000
225.390000
226.003000
226.633000
227.247000
227.860000
228.490000
229.104000
229.734000
230.347000
230.960000
231.590000
232.204000
232.834000
233.447000
234.061000
234.691000
235.304000
235.934000
236.548000
237.161000
237.791000
238.405000
246.329000
246.943000
247.573000
248.186000
248.800000
249.430000
250.043000
250.673000
251.287000
251.900000
252.530000
253.143000
253.773000
254.387000
255.000000
255.630000
256.244000
256.874000
257.487000
258.101000
258.731000
259.344000
259.974000
260.588000
261.201000
261.831000
262.444000
263.074000
263.688000
264.301000
264.931000
265.545000
266.175000
266.788000
267.402000
268.032000
268.645000
269.275000
269.888000
270.502000
271.132000
271.745000
272.375000
272.989000
273.602000
274.232000
274.846000
275.476000
276.089000
276.703000
277.333000
277.946000
278.576000
279.189000
279.803000
280.433000
281.046000
281.660000
282.290000
282.903000
283.533000
284.147000
284.760000
285.390000
286.003000
286.633000
287.247000
287.860000
288.490000
289.104000
289.734000
290.347000
290.961000
291.591000
292.204000
292.834000
293.448000
294.061000
294.691000
295.304000
295.934000
296.548000
297.161000
297.791000
298.405000
306.330000
306.943000
307.573000
308.186000
308.800000
309.430000
310.043000
310.673000
311.287000
311.900000
312.530000
313.144000
313.774000
314.387000
315.000000
315.631000
316.244000
316.874000
317.487000
318.101000
318.731000
319.344000
319.974000
320.588000
321.201000
321.831000
322.445000
323.075000
323.688000
324.301000
324.931000
325.545000
326.175000
326.788000
327.402000
328.032000
328.645000
329.275000
329.889000
330.502000
331.132000
331.745000
332.375000
332.989000
333.602000
334.232000
334.846000
335.476000
336.089000
336.703000
337.333000
337.946000
338.560000
339.190000
339.803000
340.433000
341.046000
341.660000
342.290000
342.903000
343.533000
344.147000
344.760000
345.390000
346.004000
346.634000
347.247000
347.860000
348.490000
349.104000
349.734000
350.347000
350.961000
351.591000
352.204000
352.834000
353.448000
354.061000
354.691000
355.305000
355.935000
356.548000
357.161000
357.791000
358.405000
366.330000
366.943000
367.573000
368.187000
368.800000
369.430000
370.043000
370.673000
371.287000
371.900000
372.530000
373.144000
373.774000
374.387000
375.001000
375.631000
376.244000
376.874000
377.488000
378.101000
378.731000
379.344000
379.974000
380.588000
381.201000
381.831000
382.445000
383.075000
383.688000
384.302000
384.932000
385.545000
386.175000
386.788000
387.402000
388.032000
388.645000
389.275000
389.889000
390.502000
391.132000
391.746000
392.376000
392.989000
393.603000
394.233000
394.846000
395.476000
396.089000
396.703000
397.333000
397.946000
398.560000
399.190000
399.803000
400.433000
401.047000
401.660000
402.290000
402.903000
403.533000
404.147000
404.760000
405.390000
406.004000
406.634000
407.247000
407.861000
408.491000
409.104000
409.734000
410.348000
410.961000
411.591000
412.204000
412.834000
413.448000
414.061000
414.691000
415.305000
415.935000
416.548000
417.162000
417.792000
418.405000
426.330000
426.943000
427.573000
428.187000
428.800000
429.430000
430.044000
430.674000
431.287000
431.900000
432.530000
433.144000
433.774000
434.387000
435.001000
435.631000
436.244000
436.874000
437.488000
438.101000
438.731000
439.345000
439.975000
440.588000
441.201000
441.831000
442.445000
443.075000
443.688000
444.302000
444.932000
445.545000
446.175000
446.789000
447.402000
448.032000
448.645000
449.276000
449.889000
450.502000
451.132000
451.746000
452.376000
452.989000
453.603000
454.233000
454.846000
455.460000
456.090000
456.703000
457.333000
457.946000
458.560000
459.190000
459.803000
460.433000
461.047000
461.660000
462.290000
462.904000
463.534000
464.147000
464.760000
465.391000
466.004000
466.634000
467.247000
467.861000
468.491000
469.104000
469.734000
470.348000
470.961000
471.591000
472.205000
472.835000
473.448000
474.061000
474.691000
475.305000
475.935000
476.548000
477.162000
477.792000
478.405000
486.330000
486.943000
487.574000
488.187000
488.800000
489.430000
490.044000
490.674000
491.287000
491.901000
492.531000
493.144000
493.774000
494.388000
495.001000
495.631000
496.244000
496.874000
497.488000
498.101000
498.731000
499.345000
499.975000
500.588000
501.202000
501.832000
502.445000
503.075000
503.688000
504.302000
504.932000
505.545000
506.175000
506.789000
507.402000
508.032000
508.646000
509.276000
509.889000
510.503000
511.133000
511.746000
512.376000
512.989000
513.603000
514.233000
514.846000
515.460000
516.090000
516.703000
517.333000
517.947000
518.560000
519.190000
519.803000
520.433000
521.047000
521.660000
522.290000
522.904000
523.534000
524.147000
524.761000
525.391000
526.004000
526.634000
527.248000
527.861000
528.491000
529.104000
529.734000
530.348000
530.961000
531.591000
532.205000
532.835000
533.448000
534.062000
534.692000
535.305000
535.935000
536.548000
537.162000
537.792000
538.405000
546.330000
546.944000
547.574000
548.187000
548.801000
549.431000
550.044000
550.674000
551.287000
551.901000
552.531000
553.144000
553.774000
554.388000
555.001000
555.631000
556.245000
556.875000
557.488000
558.102000
558.731000
559.345000
559.975000
560.588000
561.202000
561.832000
562.445000
563.075000
563.689000
564.302000
564.932000
565.546000
566.176000
566.789000
567.402000
568.032000
568.646000
569.276000
569.889000
570.503000
571.133000
571.746000
572.360000
572.990000
573.603000
574.233000
574.846000
575.460000
576.090000
576.703000
577.333000
577.947000
578.560000
579.190000
579.804000
580.434000
581.047000
581.661000
582.290000
582.904000
583.534000
584.147000
584.761000
585.391000
586.004000
586.634000
587.248000
587.861000
588.491000
589.105000
589.735000
590.348000
590.961000
591.591000
592.205000
592.835000
593.448000
594.062000
594.692000
595.305000
595.935000
596.549000
597.162000
597.792000
598.406000
606.330000
606.944000
607.574000
608.187000
608.801000
609.431000
610.044000
610.674000
611.288000
611.901000
612.531000
613.144000
613.774000
614.388000
615.001000
615.631000
616.245000
616.875000
617.488000
618.102000
618.732000
619.345000
619.975000
620.588000
621.202000
621.832000
622.445000
623.075000
623.689000
624.302000
624.932000
625.546000
626.159000
626.789000
627.403000
628.033000
628.646000
629.276000
629.889000
630.503000
631.133000
631.746000
632.360000
632.990000
633.603000
634.233000
634.847000
635.460000
636.090000
636.703000
637.333000
637.947000
638.560000
639.190000
639.804000
640.434000
641.047000
641.661000
642.291000
642.904000
643.534000
644.148000
644.761000
645.391000
646.004000
646.634000
647.248000
647.861000
648.491000
649.105000
649.735000
650.348000
650.962000
651.592000
652.205000
652.835000
653.448000
654.062000
654.692000
655.305000
655.935000
656.549000
657.162000
657.792000
658.406000
666.331000
666.944000
667.574000
668.187000
668.801000
669.431000
670.044000
670.674000
671.288000
671.901000
672.531000
673.145000
673.775000
674.388000
675.001000
675.631000
676.245000
676.875000
677.488000
678.102000
678.732000
679.345000
679.975000
680.589000
681.202000
681.832000
682.446000
683.076000
683.689000
684.302000
684.932000
685.546000
686.176000
686.789000
687.403000
688.033000
688.646000
689.260000
689.890000
690.503000
691.133000
691.746000
692.360000
692.990000
693.603000
694.233000
694.847000
695.460000
696.090000
696.704000
697.334000
697.947000
698.561000
699.191000
699.804000
700.434000
701.047000
701.661000
702.291000
702.904000
703.534000
704.148000
704.761000
705.391000
706.005000
706.635000
707.248000
707.861000
708.491000
709.105000
709.735000
710.348000
710.962000
711.592000
712.205000
712.835000
713.449000
714.062000
714.692000
715.306000
715.936000
716.549000
717.162000
717.792000
718.406000
726.331000
726.944000
727.574000
728.188000
728.801000
729.431000
730.044000
730.674000
731.288000
731.901000
732.531000
733.145000
733.775000
734.388000
735.002000
735.632000
736.245000
736.875000
737.489000
738.102000
738.732000
739.345000
739.975000
740.589000
741.202000
741.832000
742.446000
743.076000
743.689000
744.303000
744.933000
745.546000
746.159000
746.789000
747.403000
748.033000
748.646000
749.260000
749.890000
750.503000
751.133000
751.747000
752.360000
752.990000
753.603000
754.234000
754.847000
755.460000
756.090000
756.704000
757.334000
757.947000
758.561000
759.191000
759.804000
760.434000
761.048000
761.661000
762.291000
762.904000
763.534000
764.148000
764.761000
765.391000
766.005000
766.635000
767.248000
767.862000
768.492000
769.105000
769.735000
770.348000
770.962000
771.592000
772.205000
772.835000
773.449000
774.062000
774.692000
775.306000
775.936000
776.549000
777.163000
777.793000
778.406000
786.314000
786.944000
787.558000
788.188000
788.801000
789.415000
790.045000
790.658000
791.288000
791.901000
792.515000
793.145000
793.758000
794.372000
795.002000
795.615000
796.245000
796.859000
797.472000
798.102000
798.716000
799.346000
799.959000
800.572000
801.202000
801.816000
802.446000
803.059000
803.673000
804.303000
804.916000
805.546000
806.160000
806.773000
807.403000
808.016000
808.646000
809.260000
809.873000
810.503000
811.117000
811.747000
812.360000
812.974000
813.604000
814.217000
814.847000
815.461000
816.074000
816.704000
817.317000
817.931000
818.561000
819.174000
819.804000
820.418000
821.031000
821.661000
822.275000
822.905000
823.518000
824.148000
824.761000
825.375000
826.005000
826.618000
827.232000
827.862000
828.475000
829.105000
829.719000
830.332000
830.962000
831.576000
832.206000
832.819000
833.432000
834.062000
834.676000
835.306000
835.919000
836.533000
837.163000
837.776000
838.406000
846.314000
846.944000
847.558000
848.188000
848.801000
849.415000
850.045000
850.658000
851.272000
851.902000
852.515000
853.145000
853.758000
854.372000
855.002000
855.615000
856.245000
856.859000
857.472000
858.102000
858.716000
859.346000
859.959000
860.573000
861.203000
861.816000
862.446000
863.059000
863.673000
864.303000
864.916000
865.546000
866.160000
866.773000
867.403000
868.017000
868.647000
869.260000
869.874000
870.504000
871.117000
871.747000
872.360000
872.974000
873.604000
874.217000
874.847000
875.461000
876.074000
876.704000
877.318000
877.948000
878.561000
879.174000
879.804000
880.418000
881.048000
881.661000
882.275000
882.905000
883.518000
884.132000
884.762000
885.375000
886.005000
886.618000
887.232000
887.862000
888.475000
889.105000
889.719000
890.332000
890.962000
891.576000
892.206000
892.819000
893.433000
894.063000
894.676000
895.306000
895.919000
896.533000
897.163000
897.776000
898.406000
906.315000
906.945000
907.558000
908.188000
908.801000
909.415000
910.045000
910.658000
911.288000
911.902000
912.515000
913.145000
913.759000
914.389000
915.002000
915.616000
916.246000
916.859000
917.489000
918.102000
918.716000
919.346000
919.959000
920.573000
921.203000
921.816000
922.446000
923.060000
923.673000
924.303000
924.916000
925.546000
926.160000
926.773000
927.403000
928.017000
928.647000
929.260000
929.874000
930.504000
931.117000
931.747000
932.361000
932.974000
933.604000
934.217000
934.847000
935.461000
936.074000
936.704000
937.318000
937.948000
938.561000
939.175000
939.805000
940.418000
941.048000
941.661000
942.275000
942.905000
943.518000
944.148000
944.762000
945.375000
946.005000
946.619000
947.249000
947.862000
948.476000
949.106000
949.719000
950.349000
950.962000
951.576000
952.206000
952.819000
953.433000
954.063000
954.676000
955.306000
955.920000
956.533000
957.163000
957.776000
958.407000
966.315000
966.945000
967.558000
968.188000
968.802000
969.415000
970.045000
970.659000
971.289000
971.902000
972.515000
973.145000
973.759000
974.389000
975.002000
975.616000
976.246000
976.859000
977.473000
978.103000
978.716000
979.346000
979.959000
980.573000
981.203000
981.816000
982.446000
983.060000
983.673000
984.303000
984.917000
985.547000
986.160000
986.774000
987.404000
988.017000
988.647000
989.260000
989.874000
990.504000
991.117000
991.747000
992.361000
992.974000
993.604000
994.218000
994.848000
995.461000
996.074000
996.704000
997.318000
997.948000
998.561000
999.175000
999.805000
1000.418000
1001.048000
1001.662000
1002.275000
1002.905000
1003.519000
1004.149000
1004.762000
1005.375000
1006.005000
1006.619000
1007.249000
1007.862000
1008.476000
1009.106000
1009.719000
1010.333000
1010.963000
1011.576000
1012.206000
1012.819000
1013.433000
1014.063000
1014.676000
1015.306000
1015.920000
1016.533000
1017.163000
1017.777000
1018.407000
