310.673000
311.900000
313.144000
314.387000
318.101000
319.344000
320.588000
323.075000
324.301000
326.788000
328.032000
329.275000
330.502000
331.745000
332.989000
334.232000
336.703000
337.946000
339.190000
340.433000
341.660000
342.903000
344.147000
345.390000
346.634000
347.860000
349.104000
350.347000
351.591000
352.834000
354.061000
355.305000
356.548000
357.791000
369.430000
370.673000
371.900000
373.144000
374.387000
375.631000
376.874000
378.101000
379.344000
381.831000
383.075000
384.302000
385.545000
386.788000
388.032000
390.502000
391.746000
392.989000
394.233000
395.476000
396.703000
397.946000
399.190000
400.433000
401.660000
402.903000
404.147000
405.390000
406.634000
407.861000
411.591000
414.061000
415.305000
417.792000
429.430000
430.674000
431.900000
433.144000
434.387000
435.631000
438.101000
440.588000
443.075000
444.302000
446.789000
448.032000
449.276000
450.502000
451.746000
455.460000
456.703000
461.660000
462.904000
464.147000
465.391000
466.634000
467.861000
470.348000
471.591000
472.835000
474.061000
475.305000
477.792000
489.430000
490.674000
491.901000
493.144000
494.388000
495.631000
496.874000
498.101000
499.345000
500.588000
501.832000
503.075000
505.545000
506.789000
508.032000
509.276000
511.746000
515.460000
516.703000
517.947000
520.433000
522.904000
524.147000
525.391000
526.634000
527.861000
530.348000
534.062000
535.305000
536.548000
537.792000
551.901000
553.144000
554.388000
555.631000
556.875000
558.102000
561.832000
563.075000
564.302000
565.546000
566.789000
569.276000
570.503000
571.746000
572.990000
574.233000
577.947000
579.190000
580.434000
581.661000
582.904000
585.391000
586.634000
589.105000
590.348000
592.835000
594.062000
595.305000
596.549000
609.431000
613.144000
614.388000
616.875000
618.102000
619.345000
620.588000
621.832000
624.302000
625.546000
626.789000
628.033000
629.276000
630.503000
631.746000
636.703000
637.947000
639.190000
640.434000
641.661000
642.904000
644.148000
645.391000
646.634000
649.105000
650.348000
652.835000
654.062000
656.549000
657.792000
669.431000
670.674000
671.901000
673.145000
674.388000
675.631000
676.875000
678.102000
679.345000
680.589000
681.832000
683.076000
688.033000
689.260000
690.503000
692.990000
694.233000
695.460000
696.704000
697.947000
699.191000
700.434000
701.661000
702.904000
704.148000
705.391000
706.635000
707.861000
709.105000
710.348000
711.592000
712.835000
714.062000
715.306000
717.792000
729.431000
730.674000
731.901000
733.145000
735.632000
736.875000
740.589000
741.832000
743.076000
744.303000
745.546000
746.789000
750.503000
751.747000
752.990000
754.234000
755.460000
756.704000
757.947000
759.191000
760.434000
761.661000
762.904000
764.148000
765.391000
767.862000
770.348000
771.592000
772.835000
774.062000
775.306000
776.549000
777.793000
789.415000
791.901000
793.145000
794.372000
795.615000
796.859000
798.102000
799.346000
801.816000
804.303000
805.546000
806.773000
808.016000
811.747000
812.974000
814.217000
815.461000
819.174000
822.905000
824.148000
826.618000
827.862000
830.332000
831.576000
832.819000
834.062000
835.306000
836.533000
837.776000
849.415000
850.658000
851.902000
853.145000
854.372000
855.615000
856.859000
860.573000
864.303000
865.546000
866.773000
868.017000
870.504000
871.747000
875.461000
876.704000
879.174000
880.418000
881.661000
882.905000
884.132000
885.375000
887.862000
891.576000
892.819000
894.063000
895.306000
896.533000
909.415000
910.658000
911.902000
913.145000
914.389000
915.616000
916.859000
918.102000
919.346000
920.573000
921.816000
923.060000
924.303000
925.546000
928.017000
931.747000
932.974000
934.217000
935.461000
936.704000
937.948000
939.175000
940.418000
941.661000
942.905000
945.375000
946.619000
951.576000
952.819000
954.063000
955.306000
956.533000
969.415000
970.659000
971.902000
973.145000
974.389000
975.616000
976.859000
978.103000
980.573000
981.816000
983.060000
984.303000
985.547000
986.774000
990.504000
991.747000
994.218000
995.461000
996.704000
997.948000
999.175000
1001.662000
1005.375000
1006.619000
1007.862000
1011.576000
1012.819000
1014.063000
1015.306000
1016.533000
1017.777000
