1039.286000
1040.529000
1041.773000
1043.000000
1044.243000
1046.730000
1047.973000
1049.200000
1051.687000
1057.888000
1060.375000
1062.845000
1064.088000
1065.332000
1067.802000
1070.289000
1074.003000
1075.246000
1076.490000
1077.733000
1078.960000
1080.203000
1081.447000
1085.161000
1086.404000
1098.043000
1099.286000
1100.529000
1101.773000
1104.243000
1105.487000
1106.730000
1107.974000
1110.444000
1111.687000
1112.931000
1114.174000
1115.401000
1116.644000
1117.888000
1119.131000
1121.602000
1124.089000
1126.575000
1127.802000
1129.046000
1131.533000
1135.246000
1136.490000
1141.447000
1143.934000
1146.404000
1159.286000
1160.530000
1161.773000
1165.487000
1166.730000
1169.201000
1171.687000
1172.931000
1174.174000
1176.645000
1177.888000
1182.845000
1184.089000
1185.332000
1186.576000
1189.046000
1190.289000
1191.533000
1194.003000
1195.247000
1196.490000
1197.733000
1203.934000
1205.161000
1206.404000
1219.286000
1221.773000
1223.000000
1224.244000
1225.487000
1226.730000
1227.974000
1230.444000
1232.931000
1235.401000
1239.132000
1241.602000
1245.332000
1246.576000
1247.803000
1249.046000
1251.533000
1252.760000
1257.734000
1258.960000
1261.447000
1263.934000
1278.043000
1279.287000
1280.530000
1283.000000
1284.244000
1285.487000
1289.201000
1290.444000
1291.688000
1292.931000
1296.645000
1297.888000
1299.132000
1304.089000
1309.046000
1310.290000
1314.003000
1315.247000
1316.490000
1317.734000
1320.204000
1321.447000
1323.934000
1325.161000
1326.405000
1338.043000
1339.287000
1340.530000
1341.774000
1344.244000
1345.487000
1346.731000
1349.201000
1351.688000
1354.175000
1355.402000
1357.889000
1360.375000
1361.602000
1364.089000
1365.333000
1366.559000
1367.803000
1370.290000
1374.004000
1375.247000
1377.734000
1381.448000
1382.691000
1385.161000
1386.405000
1398.043000
1400.530000
1401.774000
1403.001000
1404.244000
1405.487000
1406.731000
1411.688000
1412.932000
1414.175000
1415.402000
1416.645000
1417.889000
1420.376000
1421.602000
1424.089000
1425.333000
1426.560000
1427.803000
1430.290000
1431.533000
1434.004000
1437.734000
1438.961000
1442.691000
1458.044000
1459.287000
1463.001000
1464.244000
1465.488000
1466.731000
1471.688000
1472.932000
1474.175000
1476.645000
1477.889000
1479.132000
1480.376000
1481.603000
1482.846000
1484.090000
1486.560000
1487.803000
1489.047000
1490.290000
1491.534000
1495.247000
1497.734000
1498.961000
1500.205000
1503.935000
1505.162000
1518.044000
1519.287000
1523.001000
1524.244000
1526.731000
1527.975000
1530.445000
1531.688000
1534.175000
1535.402000
1541.603000
1546.560000
1547.803000
1549.047000
1551.534000
1552.761000
1555.247000
1565.162000
1578.044000
1579.287000
1580.531000
1584.245000
1585.488000
1586.731000
1587.975000
1589.202000
1590.445000
1591.689000
1592.932000
1594.175000
1595.402000
1602.846000
1604.090000
1605.333000
1615.248000
1617.735000
1620.205000
1626.405000
1638.044000
1640.531000
1644.245000
1652.932000
1654.176000
1655.403000
1656.646000
1660.376000
1661.603000
1676.491000
1683.935000
1700.531000
1701.775000
1703.001000
1704.245000
1707.975000
1709.202000
1710.445000
1711.689000
1712.932000
1714.176000
1719.133000
1720.376000
1722.847000
1724.090000
1726.577000
1727.804000
1729.047000
1731.534000
1734.005000
1736.491000
1737.735000
1738.962000
1740.205000
1741.449000
1745.162000
1746.406000
