1771.010000
1773.480000
1784.655000
1789.612000
1804.484000
1808.214000
1813.171000
1814.414000
1828.523000
1837.211000
1840.925000
1858.283000
1860.770000
1865.727000
1868.214000
1873.171000
1888.524000
1917.040000
1920.770000
1926.971000
1947.280000
1951.011000
1955.968000
1970.856000
1974.570000
1975.813000
1982.014000
2006.037000
2008.524000
2010.994000
2013.481000
2014.724000
2023.395000
2037.040000
2049.441000
2069.767000
2078.438000
2082.152000
2092.083000
2106.955000
2108.198000
2140.925000
2142.152000
2144.639000
2149.596000
2163.241000
2187.281000
2195.952000
2198.439000
2208.353000
2215.797000
2219.527000
2231.912000
2246.038000
2253.482000
2259.682000
2264.640000
2275.797000
2281.998000
2308.525000
2309.752000
2319.683000
2320.926000
2330.840000
2332.084000
2375.952000
2392.084000
2399.511000
2408.199000
2411.913000
2429.752000
2433.482000
2442.153000
2445.883000
2452.084000
2461.998000
2466.956000
