1768.532000
1771.003000
1772.246000
1774.733000
1775.976000
1777.203000
1778.447000
1779.690000
1780.933000
1782.177000
1783.404000
1785.891000
1787.134000
1788.361000
1789.604000
1790.848000
1792.091000
1793.335000
1795.805000
1797.048000
1798.292000
1799.535000
1803.249000
1804.493000
1805.736000
1808.206000
1809.450000
1813.163000
1814.407000
1826.046000
1827.289000
1828.532000
1833.490000
1835.976000
1837.203000
1838.447000
1842.160000
1844.647000
1845.891000
1849.605000
1850.848000
1852.091000
1854.562000
1857.049000
1858.292000
1859.536000
1860.762000
1863.249000
1864.493000
1865.736000
1866.963000
1868.206000
1869.450000
1871.937000
1874.407000
1886.046000
1887.289000
1888.533000
1889.776000
1893.490000
1895.977000
1897.203000
1899.690000
1900.934000
1902.161000
1903.404000
1904.648000
1905.891000
1907.134000
1908.361000
1912.092000
1913.335000
1914.562000
1915.805000
1917.049000
1918.292000
1919.536000
1922.006000
1924.493000
1925.736000
1926.963000
1928.207000
1930.693000
1931.937000
1934.407000
1946.046000
1947.289000
1948.533000
1951.003000
1952.246000
1953.490000
1954.733000
1955.977000
1957.204000
1958.447000
1959.691000
1960.934000
1963.404000
1964.648000
1968.361000
1969.605000
1970.848000
1972.092000
1973.335000
1974.562000
1975.806000
1979.536000
1982.006000
1983.250000
1984.493000
1989.450000
1994.407000
2008.533000
2009.776000
2011.003000
2013.490000
2017.204000
2018.447000
2019.691000
2020.934000
2022.161000
2023.404000
2025.891000
2027.135000
2029.605000
2030.848000
2032.092000
2033.335000
2035.806000
2037.049000
2039.536000
2040.763000
2042.006000
2044.493000
2045.737000
2046.963000
2048.207000
2049.450000
2050.694000
2051.921000
2067.290000
2069.777000
2073.490000
2074.734000
2075.961000
2077.204000
2079.691000
2080.934000
2083.405000
2084.648000
2085.891000
2087.135000
2088.362000
2089.605000
2090.849000
2092.092000
2093.336000
2094.562000
2095.806000
2098.293000
2099.536000
2100.763000
2102.006000
2104.493000
2106.964000
2109.451000
2110.694000
2111.921000
2113.164000
2126.046000
2128.533000
2129.777000
2131.004000
2132.247000
2134.734000
2135.961000
2137.204000
2139.691000
2140.934000
2142.161000
2144.648000
2145.892000
2149.605000
2150.849000
2152.092000
2154.563000
2155.806000
2160.763000
2162.007000
2163.250000
2164.494000
2168.207000
2169.451000
2171.921000
2173.164000
2174.408000
2186.046000
2187.290000
2188.533000
2192.247000
2193.491000
2194.734000
2198.448000
2203.405000
2205.892000
2207.135000
2208.362000
2209.606000
2210.849000
2212.092000
2217.050000
2219.536000
2228.207000
2229.451000
2230.694000
2233.165000
2234.408000
2246.047000
2247.290000
2248.534000
2251.004000
2252.247000
2255.961000
2257.204000
2258.448000
2260.935000
2263.405000
2264.649000
2267.135000
2268.362000
2270.849000
2272.093000
2273.336000
2274.563000
2275.806000
2277.050000
2278.293000
2279.537000
2280.764000
2283.250000
2284.494000
2285.721000
2286.964000
2289.451000
2290.694000
2294.408000
2306.047000
2307.274000
2309.761000
2311.004000
2312.247000
2313.474000
2314.718000
2315.961000
2317.205000
2318.448000
2319.675000
2323.405000
2328.362000
2333.320000
2334.563000
2335.806000
2337.033000
2338.277000
2339.520000
2340.764000
2342.007000
2344.477000
2345.721000
2346.964000
2348.208000
2351.921000
2353.165000
2354.408000
2367.274000
2368.517000
2369.761000
2371.004000
2373.474000
2375.961000
2377.205000
2380.919000
2382.162000
2383.405000
2384.649000
2385.876000
2387.119000
2388.363000
2389.606000
2390.833000
2392.076000
2394.563000
2395.807000
2397.034000
2398.277000
2399.520000
2400.764000
2402.007000
2404.478000
2405.721000
2409.435000
2410.678000
2411.922000
2431.004000
2433.491000
2434.735000
2437.205000
2439.692000
2440.935000
2442.162000
2443.406000
2444.649000
2445.892000
2447.136000
2448.363000
2452.093000
2453.337000
2455.807000
2457.050000
2458.294000
2460.764000
2462.007000
2463.251000
2464.494000
2465.721000
2468.208000
2469.452000
2470.695000
