311.273000
324.917000
328.648000
334.848000
348.476000
349.720000
358.407000
370.046000
379.960000
384.917000
388.648000
397.319000
415.921000
430.046000
432.516000
436.247000
437.474000
438.717000
439.960000
442.447000
443.674000
457.319000
462.276000
467.233000
473.434000
496.247000
498.717000
506.161000
508.648000
535.921000
537.164000
551.273000
556.247000
557.474000
561.204000
569.875000
571.119000
577.319000
583.520000
584.763000
593.434000
595.921000
597.165000
612.517000
616.247000
617.474000
628.648000
629.875000
636.076000
641.033000
646.007000
647.234000
655.921000
658.408000
675.004000
678.718000
682.448000
691.119000
709.721000
718.408000
737.474000
757.320000
758.563000
795.004000
798.718000
808.649000
812.363000
852.518000
853.761000
857.475000
863.675000
874.833000
884.764000
890.965000
911.274000
913.761000
921.205000
927.406000
934.833000
938.564000
939.807000
941.034000
952.208000
970.048000
976.248000
978.719000
979.962000
981.205000
983.676000
986.163000
993.607000
996.077000
1010.965000
1012.209000
1014.679000
1015.922000
