1767.289000
1769.776000
1784.647000
1806.963000
1811.937000
1831.003000
1839.690000
1840.934000
1843.404000
1847.134000
1848.361000
1853.335000
1862.006000
1891.003000
1892.246000
1894.733000
1898.447000
1909.605000
1910.848000
1923.249000
1933.164000
1967.135000
1978.292000
1986.963000
1988.207000
1993.164000
2006.046000
2012.247000
2014.734000
2015.977000
2034.562000
2038.293000
2043.250000
2053.164000
2054.408000
2066.046000
2068.533000
2071.003000
2072.247000
2078.447000
2097.049000
2103.250000
2108.207000
2127.290000
2143.405000
2147.135000
2148.362000
2153.336000
2157.049000
2158.293000
2165.737000
2189.777000
2191.004000
2195.961000
2197.204000
2199.691000
2200.935000
2202.161000
2213.336000
2214.563000
2222.007000
2223.250000
2225.721000
2231.921000
2249.777000
2253.491000
2254.734000
2259.691000
2262.162000
2269.606000
2282.007000
2288.208000
2291.921000
2308.517000
2320.918000
2325.876000
2329.606000
2332.076000
2343.234000
2349.435000
2350.678000
2366.047000
2372.248000
2379.675000
2393.320000
2406.964000
2413.165000
2414.409000
2426.047000
2427.291000
2428.534000
2429.761000
2432.248000
2435.961000
2449.606000
2450.850000
2454.563000
2466.965000
2471.922000
2473.165000
