1766.675000
1767.289000
1767.902000
1768.532000
1769.146000
1769.776000
1770.389000
1771.003000
1772.246000
1772.876000
1774.103000
1774.733000
1775.346000
1775.976000
1776.590000
1777.203000
1777.833000
1778.447000
1779.077000
1779.690000
1780.303000
1780.933000
1781.547000
1782.177000
1782.790000
1783.404000
1784.034000
1784.647000
1785.261000
1785.891000
1786.504000
1787.134000
1787.748000
1788.361000
1788.991000
1789.604000
1790.234000
1790.848000
1791.461000
1792.091000
1792.705000
1793.335000
1793.948000
1795.192000
1795.805000
1797.048000
1797.662000
1798.292000
1798.905000
1799.535000
1800.149000
1802.636000
1803.249000
1803.863000
1804.493000
1805.106000
1805.736000
1806.349000
1806.963000
1807.593000
1808.206000
1808.836000
1809.450000
1810.063000
1811.307000
1811.937000
1812.550000
1813.163000
1813.793000
1814.407000
1825.432000
1826.046000
1827.289000
1827.902000
1828.532000
1829.146000
1830.389000
1831.003000
1831.633000
1832.876000
1833.490000
1834.103000
1835.346000
1835.976000
1836.590000
1837.203000
1837.833000
1838.447000
1839.690000
1840.304000
1840.934000
1841.547000
1842.160000
1842.791000
1843.404000
1844.034000
1844.647000
1845.261000
1845.891000
1847.134000
1847.748000
1848.361000
1848.991000
1849.605000
1850.235000
1850.848000
1851.461000
1852.091000
1852.705000
1853.335000
1853.948000
1854.562000
1855.192000
1856.435000
1857.049000
1857.662000
1858.292000
1858.906000
1859.536000
1860.149000
1860.762000
1861.392000
1862.006000
1862.636000
1863.249000
1863.863000
1864.493000
1865.106000
1865.736000
1866.350000
1866.963000
1867.593000
1868.206000
1868.836000
1869.450000
1870.063000
1871.307000
1871.937000
1872.550000
1873.794000
1874.407000
1885.432000
1886.046000
1886.676000
1887.289000
1887.903000
1888.533000
1889.146000
1889.776000
1890.389000
1891.003000
1891.633000
1892.246000
1892.876000
1893.490000
1894.103000
1894.733000
1895.347000
1895.977000
1896.590000
1897.203000
1897.833000
1898.447000
1899.077000
1899.690000
1900.304000
1900.934000
1901.547000
1902.161000
1902.791000
1903.404000
1904.034000
1904.648000
1905.261000
1905.891000
1906.504000
1907.134000
1907.748000
1908.361000
1908.991000
1909.605000
1910.235000
1910.848000
1911.462000
1912.092000
1912.705000
1913.335000
1913.948000
1914.562000
1915.192000
1915.805000
1916.435000
1917.049000
1917.662000
1918.292000
1919.536000
1920.149000
1921.393000
1922.006000
1922.636000
1923.249000
1923.863000
1924.493000
1925.106000
1925.736000
1926.350000
1926.963000
1927.593000
1928.207000
1928.837000
1930.063000
1930.693000
1931.307000
1931.937000
1932.550000
1933.164000
1933.794000
1934.407000
1945.432000
1946.046000
1946.676000
1947.289000
1947.903000
1948.533000
1949.146000
1950.390000
1951.003000
1952.246000
1953.490000
1954.103000
1954.733000
1955.347000
1955.977000
1956.590000
1957.204000
1958.447000
1959.061000
1959.691000
1960.304000
1960.934000
1961.547000
1962.791000
1963.404000
1964.034000
1964.648000
1965.261000
1966.505000
1967.135000
1967.748000
1968.361000
1968.991000
1969.605000
1970.235000
1970.848000
1972.092000
1972.705000
1973.335000
1973.949000
1974.562000
1975.192000
1975.806000
1976.436000
1977.662000
1978.292000
1978.906000
1979.536000
1980.149000
1981.393000
1982.006000
1982.636000
1983.250000
1983.863000
1984.493000
1985.106000
1986.350000
1986.963000
1988.207000
1988.837000
1989.450000
1990.064000
1991.307000
1992.551000
1993.164000
1993.794000
1994.407000
2005.433000
2006.046000
2007.903000
2008.533000
2009.146000
2009.776000
2010.390000
2011.003000
2011.633000
2012.247000
2012.877000
2013.490000
2014.103000
2014.734000
2015.977000
2016.590000
2017.204000
2017.834000
2018.447000
2019.691000
2020.304000
2020.934000
2021.548000
2022.161000
2023.404000
2024.034000
2025.261000
2025.891000
2026.505000
2027.135000
2027.748000
2028.992000
2029.605000
2030.235000
2030.848000
2031.462000
2032.092000
2032.705000
2033.335000
2033.949000
2034.562000
2035.192000
2035.806000
2036.436000
2037.049000
2037.663000
2038.293000
2038.906000
2039.536000
2040.149000
2040.763000
2041.393000
2042.006000
2042.636000
2043.250000
2043.863000
2044.493000
2045.107000
2045.737000
2046.350000
2046.963000
2047.594000
2048.207000
2048.837000
2049.450000
2050.064000
2050.694000
2051.307000
2051.921000
2052.551000
2053.164000
2053.794000
2054.408000
2065.433000
2066.046000
2066.676000
2067.290000
2068.533000
2069.146000
2069.777000
2070.390000
2071.003000
2071.633000
2072.247000
2072.877000
2073.490000
2074.104000
2074.734000
2075.347000
2075.961000
2077.204000
2077.834000
2078.447000
2079.061000
2079.691000
2080.304000
2080.934000
2081.548000
2082.791000
2083.405000
2084.035000
2084.648000
2085.261000
2085.891000
2086.505000
2087.135000
2087.748000
2088.362000
2088.992000
2089.605000
2090.235000
2090.849000
2091.462000
2092.092000
2092.706000
2093.336000
2093.949000
2094.562000
2095.192000
2095.806000
2097.049000
2097.663000
2098.293000
2098.906000
2099.536000
2100.150000
2100.763000
2101.393000
2102.006000
2102.636000
2103.250000
2103.863000
2104.493000
2105.107000
2106.350000
2106.964000
2108.207000
2108.821000
2109.451000
2110.064000
2110.694000
2111.307000
2111.921000
2112.551000
2113.164000
2125.433000
2126.046000
2126.676000
2127.290000
2127.903000
2128.533000
2129.147000
2129.777000
2130.390000
2131.004000
2132.247000
2132.877000
2134.104000
2134.734000
2135.347000
2135.961000
2136.591000
2137.204000
2137.834000
2139.061000
2139.691000
2140.304000
2140.934000
2141.548000
2142.161000
2142.791000
2143.405000
2144.035000
2144.648000
2145.262000
2145.892000
2147.135000
2147.748000
2148.362000
2148.992000
2149.605000
2150.235000
2150.849000
2151.462000
2152.092000
2152.706000
2153.336000
2153.949000
2154.563000
2155.193000
2155.806000
2156.436000
2157.049000
2157.663000
2158.293000
2158.906000
2160.150000
2160.763000
2162.007000
2162.637000
2163.250000
2163.863000
2164.494000
2165.107000
2165.737000
2167.594000
2168.207000
2168.821000
2169.451000
2170.064000
2171.308000
2171.921000
2172.551000
2173.164000
2173.794000
2174.408000
2185.433000
2186.046000
2186.676000
2187.290000
2187.903000
2188.533000
2189.147000
2189.777000
2190.390000
2191.004000
2191.634000
2192.247000
2192.861000
2193.491000
2194.104000
2194.734000
2195.347000
2195.961000
2196.591000
2197.204000
2198.448000
2199.061000
2199.691000
2200.305000
2200.935000
2201.548000
2202.161000
2202.791000
2203.405000
2204.035000
2205.262000
2205.892000
2206.505000
2207.135000
2207.749000
2208.362000
2208.992000
2209.606000
2210.849000
2212.092000
2213.336000
2213.949000
2214.563000
2215.193000
2216.436000
2217.050000
2217.663000
2218.906000
2219.536000
2220.150000
2221.393000
2222.007000
2222.637000
2223.250000
2223.864000
2225.107000
2225.721000
2226.351000
2227.594000
2228.207000
2228.821000
2229.451000
2230.064000
2230.694000
2231.308000
2231.921000
2232.551000
2233.165000
2233.795000
2234.408000
2245.433000
2246.047000
2246.677000
2247.290000
2247.904000
2248.534000
2249.147000
2249.777000
2250.390000
2251.004000
2251.634000
2252.247000
2252.861000
2253.491000
2254.104000
2254.734000
2255.348000
2255.961000
2256.591000
2257.204000
2257.834000
2258.448000
2259.061000
2259.691000
2260.305000
2260.935000
2262.162000
2262.792000
2263.405000
2264.035000
2264.649000
2265.262000
2267.135000
2267.749000
2268.362000
2269.606000
2270.236000
2270.849000
2271.463000
2272.093000
2272.706000
2273.336000
2273.949000
2274.563000
2275.193000
2275.806000
2276.436000
2277.050000
2277.663000
2278.293000
2278.907000
2279.537000
2280.150000
2280.764000
2281.394000
2282.007000
2282.637000
2283.250000
2284.494000
2285.107000
2285.721000
2286.351000
2286.964000
2287.594000
2288.208000
2288.821000
2289.451000
2290.064000
2290.694000
2291.308000
2291.921000
2292.551000
2293.795000
2294.408000
2305.417000
2306.047000
2307.274000
2307.904000
2308.517000
2309.147000
2309.761000
2310.374000
2311.004000
2312.247000
2313.474000
2314.104000
2314.718000
2315.348000
2315.961000
2316.575000
2317.205000
2317.818000
2318.448000
2319.061000
2319.675000
2320.305000
2320.918000
2321.548000
2322.775000
2323.405000
2324.019000
2325.262000
2325.876000
2326.506000
2327.732000
2328.362000
2328.976000
2329.606000
2330.219000
2331.463000
2332.076000
2332.706000
2333.320000
2333.933000
2334.563000
2335.176000
2335.806000
2337.033000
2338.277000
2338.907000
2339.520000
2340.134000
2340.764000
2341.377000
2342.007000
2342.621000
2343.234000
2343.864000
2344.477000
2345.107000
2345.721000
2346.334000
2346.964000
2348.208000
2348.821000
2349.435000
2350.065000
2350.678000
2351.308000
2351.921000
2352.535000
2353.165000
2353.778000
2354.408000
2365.417000
2366.047000
2366.660000
2367.274000
2367.904000
2368.517000
2369.147000
2369.761000
2370.374000
2371.004000
2372.248000
2373.474000
2374.104000
2375.348000
2375.961000
2376.575000
2377.205000
2377.818000
2379.062000
2379.675000
2380.305000
2380.919000
2381.549000
2382.162000
2382.775000
2383.405000
2384.019000
2384.649000
2385.262000
2385.876000
2386.506000
2387.119000
2387.733000
2388.363000
2388.976000
2389.606000
2390.219000
2390.833000
2391.463000
2392.076000
2392.706000
2393.320000
2393.933000
2394.563000
2395.177000
2395.807000
2396.420000
2397.034000
2397.664000
2398.277000
2398.907000
2399.520000
2400.134000
2400.764000
2401.377000
2402.007000
2402.621000
2403.864000
2404.478000
2405.108000
2405.721000
2406.334000
2406.964000
2407.578000
2409.435000
2410.065000
2410.678000
2411.308000
2411.922000
2412.535000
2413.165000
2413.779000
2414.409000
2425.434000
2426.047000
2426.661000
2427.291000
2427.904000
2428.534000
2429.147000
2429.761000
2430.391000
2431.004000
2431.634000
2432.248000
2433.491000
2434.105000
2434.735000
2435.348000
2435.961000
2436.592000
2437.205000
2437.835000
2439.062000
2439.692000
2440.305000
2440.935000
2441.549000
2442.162000
2442.792000
2443.406000
2444.036000
2444.649000
2445.262000
2445.892000
2446.506000
2447.136000
2447.749000
2448.363000
2448.993000
2449.606000
2450.236000
2450.850000
2452.093000
2452.707000
2453.337000
2453.950000
2454.563000
2455.193000
2455.807000
2456.437000
2457.050000
2457.664000
2458.294000
2458.907000
2460.151000
2460.764000
2461.394000
2462.007000
2462.621000
2463.251000
2463.864000
2464.494000
2465.108000
2465.721000
2466.351000
2466.965000
2467.595000
2468.208000
2468.822000
2469.452000
2470.065000
2470.695000
2471.308000
2471.922000
2472.552000
2473.165000
2473.795000
