1039.295000
1041.766000
1044.253000
1045.496000
1050.453000
1052.924000
1054.167000
1055.410000
1056.654000
1057.881000
1059.124000
1060.368000
1061.611000
1062.854000
1065.325000
1066.568000
1069.055000
1072.769000
1074.012000
1075.256000
1076.483000
1077.726000
1078.969000
1080.213000
1081.440000
1082.683000
1083.927000
1085.170000
1086.414000
1099.296000
1101.766000
1106.723000
1109.210000
1110.453000
1112.924000
1115.411000
1116.654000
1117.881000
1119.124000
1120.368000
1122.855000
1126.568000
1127.812000
1131.526000
1135.256000
1136.483000
1137.726000
1140.213000
1141.440000
1142.683000
1143.927000
1159.296000
1164.253000
1165.496000
1166.723000
1167.967000
1169.210000
1175.411000
1176.654000
1177.881000
1179.124000
1180.368000
1181.611000
1182.855000
1184.082000
1186.569000
1189.055000
1190.282000
1192.769000
1194.013000
1196.483000
1200.213000
1201.457000
1202.684000
1205.170000
1218.052000
1219.296000
1220.523000
1221.766000
1223.010000
1224.253000
1226.723000
1227.967000
1229.210000
1230.454000
1232.924000
1234.167000
1235.411000
1237.881000
1239.125000
1241.612000
1244.082000
1245.325000
1246.569000
1251.526000
1252.769000
1254.013000
1255.240000
1256.483000
1257.727000
1258.970000
1260.213000
1262.684000
1263.927000
1266.414000
1278.053000
1279.296000
1280.523000
1281.766000
1283.010000
1285.497000
1286.724000
1287.967000
1289.210000
1291.681000
1294.168000
1295.411000
1296.655000
1297.881000
1299.125000
1300.368000
1302.855000
1305.326000
1306.569000
1307.812000
1309.056000
1310.283000
1312.770000
1315.256000
1316.483000
1317.727000
1320.214000
1321.457000
1322.684000
1325.171000
1326.414000
1338.053000
1339.296000
1340.523000
1341.767000
1343.010000
1344.253000
1345.497000
1346.724000
1347.967000
1349.211000
1350.454000
1351.681000
1355.411000
1356.655000
1357.882000
1360.368000
1361.612000
1362.855000
1364.082000
1366.569000
1367.812000
1371.526000
1372.770000
1375.257000
1376.483000
1377.727000
1378.970000
1382.684000
1383.927000
1385.171000
1386.414000
1398.053000
1399.296000
1400.523000
1401.767000
1404.254000
1405.497000
1406.724000
1407.967000
1409.211000
1410.454000
1411.681000
1415.411000
1417.882000
1419.125000
1427.813000
1429.056000
1430.283000
1431.526000
1432.770000
1435.257000
1436.484000
1437.727000
1438.970000
1443.928000
1446.415000
1458.053000
1460.523000
1465.481000
1466.724000
1467.967000
1469.211000
1470.454000
1474.168000
1476.655000
1477.882000
1479.125000
1480.369000
1482.856000
1484.082000
1486.569000
1487.813000
1489.056000
1492.770000
1494.013000
1495.257000
1496.484000
1500.214000
1503.928000
1505.171000
1506.415000
1518.053000
1519.297000
1520.524000
1521.767000
1524.254000
1525.481000
1526.724000
1527.968000
1529.211000
1531.681000
1534.168000
1535.412000
1536.655000
1537.882000
1539.125000
1541.612000
1542.856000
1549.056000
1551.527000
1552.770000
1556.484000
1558.971000
1560.214000
1561.441000
1563.928000
1566.415000
1579.297000
1581.767000
1584.254000
1585.481000
1586.724000
1587.968000
1589.211000
1590.455000
1591.682000
1594.168000
1595.412000
1596.655000
1599.126000
1600.369000
1601.613000
1602.856000
1605.326000
1606.570000
1607.813000
1611.527000
1614.014000
1617.727000
1618.971000
1621.441000
1622.685000
1623.928000
1625.172000
1626.415000
1639.280000
1640.524000
1641.767000
1644.238000
1647.968000
1649.195000
1650.438000
1651.682000
1652.925000
1654.169000
1655.395000
1656.639000
1657.882000
1660.353000
1661.596000
1662.840000
1665.326000
1667.797000
1671.527000
1672.754000
1673.997000
1677.728000
1678.955000
1680.198000
1681.441000
1682.685000
1685.155000
1686.399000
1698.037000
1699.281000
1700.524000
1702.994000
1704.238000
1705.481000
1706.725000
1707.968000
1709.195000
1710.438000
1711.682000
1712.925000
1714.169000
1715.396000
1716.639000
1717.883000
1719.126000
1720.353000
1721.596000
1722.840000
1725.327000
1727.797000
1729.040000
1730.284000
1732.754000
1733.998000
1735.241000
1740.198000
1742.685000
1743.928000
1745.155000
1746.399000
