1038.665000
1039.909000
1041.152000
1042.396000
1043.623000
1044.866000
1046.109000
1047.353000
1048.580000
1049.823000
1051.067000
1052.310000
1053.554000
1054.780000
1056.024000
1057.267000
1058.511000
1059.754000
1060.981000
1062.224000
1063.468000
1064.711000
1065.955000
1067.182000
1068.425000
1069.669000
1070.912000
1073.382000
1074.626000
1075.869000
1077.113000
1078.356000
1079.583000
1080.826000
1082.070000
1083.313000
1084.540000
1085.784000
1097.422000
1098.666000
1099.909000
1101.152000
1102.396000
1103.623000
1104.866000
1106.110000
1107.353000
1109.823000
1111.067000
1112.310000
1113.554000
1114.781000
1116.024000
1117.267000
1119.754000
1120.981000
1122.225000
1123.468000
1124.712000
1125.955000
1127.182000
1128.425000
1129.669000
1130.912000
1132.156000
1133.382000
1134.626000
1135.869000
1137.113000
1139.583000
1142.070000
1143.313000
1145.784000
1157.422000
1158.666000
1159.909000
1161.153000
1162.396000
1163.623000
1164.866000
1166.110000
1167.353000
1169.824000
1171.067000
1172.310000
1173.554000
1174.781000
1176.024000
1177.268000
1178.511000
1179.754000
1180.981000
1182.225000
1183.468000
1184.712000
1185.955000
1187.182000
1188.425000
1190.912000
1192.156000
1193.383000
1194.626000
1195.869000
1197.113000
1198.356000
1199.583000
1200.827000
1202.070000
1203.314000
1204.557000
1205.784000
1217.422000
1218.666000
1219.909000
1221.153000
1223.623000
1224.867000
1226.110000
1227.353000
1228.580000
1229.824000
1231.067000
1232.311000
1233.554000
1234.781000
1236.024000
1237.268000
1238.511000
1239.755000
1240.982000
1242.225000
1243.468000
1245.955000
1248.426000
1249.669000
1250.912000
1252.156000
1253.383000
1254.626000
1255.870000
1257.113000
1258.340000
1259.583000
1260.827000
1262.070000
1263.314000
1264.541000
1265.784000
1277.423000
1278.666000
1279.910000
1281.153000
1282.396000
1283.623000
1284.867000
1287.354000
1289.824000
1291.067000
1292.311000
1293.554000
1294.781000
1296.024000
1297.268000
1298.511000
1299.755000
1300.982000
1302.225000
1303.469000
1304.712000
1305.955000
1307.182000
1308.426000
1309.669000
1310.913000
1312.156000
1313.383000
1314.626000
1315.870000
1317.113000
1319.584000
1320.827000
1322.070000
1323.314000
1324.541000
1325.784000
1337.423000
1338.666000
1339.910000
1341.153000
1342.397000
1343.623000
1344.867000
1346.110000
1347.354000
1348.581000
1349.824000
1351.067000
1352.311000
1354.781000
1356.025000
1357.268000
1358.512000
1359.755000
1360.982000
1362.225000
1363.469000
1364.712000
1365.956000
1367.182000
1368.426000
1369.669000
1370.913000
1372.156000
1373.383000
1374.627000
1375.870000
1377.113000
1378.357000
1379.584000
1382.071000
1383.314000
1385.784000
1397.423000
1398.666000
1399.910000
1401.153000
1402.397000
1403.624000
1404.867000
1406.110000
1407.354000
1409.824000
1411.068000
1412.311000
1413.555000
1414.781000
1416.025000
1417.268000
1418.512000
1419.755000
1420.982000
1422.225000
1423.469000
1425.956000
1427.183000
1429.670000
1430.913000
1433.383000
1434.627000
1435.870000
1437.114000
1438.357000
1439.584000
1440.827000
1443.314000
1444.541000
1445.785000
1457.423000
1458.667000
1459.910000
1461.153000
1462.397000
1463.624000
1464.867000
1466.111000
1467.354000
1468.581000
1471.068000
1472.311000
1473.555000
1476.025000
1477.268000
1478.512000
1479.755000
1480.982000
1482.226000
1483.469000
1484.712000
1485.956000
1487.183000
1488.426000
1489.670000
1490.913000
1492.157000
1493.383000
1494.627000
1497.114000
1498.341000
1499.584000
1503.314000
1504.541000
1505.785000
1517.423000
1518.667000
1519.910000
1521.154000
1522.397000
1524.867000
1526.111000
1527.354000
1528.581000
1529.825000
1531.068000
1532.311000
1533.555000
1534.782000
1536.025000
1537.269000
1539.755000
1540.982000
1542.226000
1543.469000
1544.713000
1545.956000
1547.183000
1548.426000
1549.670000
1550.913000
1552.157000
1553.384000
1554.627000
1555.870000
1557.114000
1558.341000
1559.584000
1560.828000
1562.071000
1563.315000
1564.541000
1565.785000
1577.423000
1578.667000
1579.910000
1581.154000
1582.381000
1583.624000
1584.868000
1586.111000
1588.581000
1589.825000
1591.068000
1592.312000
1593.555000
1594.782000
1596.025000
1599.756000
1600.983000
1602.226000
1604.713000
1605.956000
1607.183000
1608.427000
1609.670000
1612.157000
1613.384000
1614.627000
1615.871000
1617.114000
1618.341000
1619.584000
1620.828000
1622.071000
1623.315000
1624.542000
1625.785000
1637.424000
1638.667000
1639.894000
1641.137000
1642.381000
1643.624000
1644.868000
1646.095000
1647.338000
1648.581000
1649.825000
1651.068000
1652.295000
1653.539000
1654.782000
1656.025000
1657.269000
1658.496000
1659.739000
1660.983000
1662.226000
1664.696000
1665.940000
1668.427000
1669.654000
1670.897000
1672.140000
1673.384000
1674.627000
1675.854000
1677.098000
1678.341000
1679.585000
1680.828000
1682.055000
1683.298000
1684.542000
1685.785000
1697.424000
1699.894000
1701.138000
1702.381000
1703.624000
1704.868000
1706.095000
1707.338000
1708.582000
1709.825000
1711.068000
1712.295000
1713.539000
1714.782000
1716.026000
1717.252000
1718.496000
1720.983000
1722.226000
1723.453000
1724.697000
1725.940000
1727.183000
1728.427000
1729.654000
1730.897000
1732.141000
1733.384000
1734.628000
1735.854000
1737.098000
1739.585000
1742.055000
1743.298000
1744.542000
1745.785000
