310.659000
311.903000
313.146000
314.373000
315.616000
316.860000
318.103000
319.347000
320.574000
321.817000
323.060000
324.304000
325.547000
326.774000
328.018000
329.261000
330.505000
331.748000
332.975000
334.218000
335.462000
337.949000
339.175000
340.419000
341.662000
344.133000
346.620000
347.863000
349.106000
350.333000
351.577000
352.820000
354.064000
355.307000
356.534000
357.777000
369.416000
370.659000
371.903000
373.146000
374.373000
375.617000
376.860000
378.103000
379.347000
380.574000
383.061000
384.304000
386.774000
388.018000
389.261000
390.505000
392.975000
394.218000
395.462000
396.705000
397.949000
401.662000
402.906000
404.133000
405.376000
406.620000
407.863000
409.107000
411.577000
412.820000
414.064000
415.307000
416.534000
417.777000
429.416000
430.660000
431.903000
433.146000
434.373000
435.617000
436.860000
438.104000
439.347000
440.574000
441.817000
443.061000
444.304000
445.548000
446.775000
448.018000
449.261000
450.505000
451.748000
452.975000
454.219000
455.462000
456.705000
457.949000
459.176000
461.663000
462.906000
464.133000
465.376000
466.620000
467.863000
469.107000
470.334000
471.577000
472.820000
474.064000
475.307000
476.534000
477.778000
489.416000
490.660000
494.373000
495.617000
496.860000
498.104000
499.347000
501.817000
503.061000
504.304000
505.548000
506.775000
508.018000
509.262000
510.505000
511.748000
512.975000
514.219000
515.462000
516.706000
517.933000
519.176000
520.419000
521.663000
522.906000
524.133000
526.620000
527.863000
529.107000
530.334000
531.577000
532.821000
534.064000
535.308000
536.534000
537.778000
549.416000
550.660000
551.903000
553.147000
554.374000
556.860000
558.104000
559.347000
560.574000
561.818000
563.061000
564.305000
566.775000
569.262000
570.505000
571.749000
572.975000
574.219000
575.462000
576.706000
577.933000
579.176000
580.420000
581.663000
582.906000
584.133000
585.377000
586.620000
587.864000
590.334000
591.577000
592.821000
594.064000
595.308000
596.535000
597.778000
610.660000
611.903000
613.147000
614.374000
615.617000
616.861000
618.104000
619.348000
620.574000
621.818000
623.061000
624.305000
625.548000
626.775000
628.018000
629.262000
630.505000
631.749000
632.976000
634.219000
636.706000
637.933000
639.176000
640.420000
641.663000
642.907000
644.133000
645.377000
646.620000
647.864000
649.107000
650.334000
652.821000
654.064000
655.308000
656.535000
657.778000
671.904000
673.147000
674.374000
675.617000
676.861000
678.104000
679.348000
680.575000
681.818000
683.061000
684.305000
685.548000
686.775000
688.019000
689.262000
690.506000
691.749000
694.219000
695.463000
696.706000
697.933000
699.176000
700.420000
701.663000
702.907000
704.134000
706.621000
707.864000
709.107000
710.334000
711.578000
712.821000
714.065000
715.308000
716.535000
717.778000
729.417000
731.904000
733.147000
734.374000
735.618000
736.861000
738.104000
739.348000
740.575000
741.818000
743.062000
744.305000
745.548000
746.775000
748.019000
749.262000
750.506000
751.733000
752.976000
754.219000
755.463000
756.706000
757.933000
759.177000
760.420000
761.664000
762.907000
764.134000
765.377000
766.621000
769.108000
770.334000
771.578000
772.821000
774.065000
777.778000
789.417000
790.661000
791.904000
793.147000
794.374000
795.618000
796.861000
798.105000
799.348000
800.575000
801.818000
804.305000
805.549000
806.775000
808.019000
809.262000
810.506000
811.733000
812.976000
814.220000
815.463000
817.933000
819.177000
820.420000
822.907000
824.134000
826.621000
827.864000
829.108000
831.578000
832.821000
834.065000
836.535000
837.779000
850.661000
851.904000
853.148000
854.374000
855.618000
856.861000
858.105000
859.348000
860.575000
861.818000
863.062000
866.776000
868.019000
869.263000
870.506000
871.733000
872.976000
874.220000
875.463000
876.707000
877.933000
879.177000
880.420000
882.907000
884.134000
886.621000
887.864000
889.108000
890.335000
891.578000
892.822000
894.065000
895.308000
896.535000
897.779000
909.417000
910.661000
911.904000
913.148000
914.375000
915.618000
916.861000
918.105000
919.348000
920.575000
921.819000
923.062000
924.306000
925.549000
926.776000
928.019000
929.263000
930.506000
931.733000
932.976000
934.220000
935.463000
936.707000
937.934000
939.177000
941.664000
942.907000
944.134000
945.378000
946.621000
947.865000
949.108000
950.335000
951.578000
954.065000
955.309000
956.536000
957.779000
970.661000
971.904000
973.148000
974.375000
975.618000
976.862000
978.105000
979.349000
980.575000
981.819000
983.062000
984.306000
985.533000
986.776000
988.019000
989.263000
990.506000
991.733000
992.977000
994.220000
995.464000
996.707000
997.934000
999.177000
1000.421000
1001.664000
1002.908000
1004.134000
1005.378000
1006.621000
1007.865000
1009.108000
1010.335000
1012.822000
1014.065000
1015.309000
1016.536000
1017.779000
