1034.322000
1034.952000
1035.565000
1036.195000
1036.809000
1037.422000
1038.052000
1038.665000
1039.295000
1039.909000
1040.522000
1041.152000
1041.766000
1042.396000
1043.009000
1043.623000
1044.253000
1044.866000
1045.496000
1046.109000
1046.723000
1047.353000
1047.966000
1048.580000
1049.210000
1049.823000
1050.453000
1051.067000
1051.680000
1052.310000
1052.924000
1053.554000
1054.167000
1054.780000
1055.410000
1056.024000
1056.654000
1057.267000
1057.881000
1058.511000
1059.124000
1059.754000
1060.368000
1060.981000
1061.611000
1062.224000
1062.854000
1063.468000
1064.081000
1064.711000
1065.325000
1065.955000
1066.568000
1067.182000
1067.812000
1068.425000
1069.055000
1069.669000
1070.282000
1070.912000
1071.525000
1072.155000
1072.769000
1073.382000
1074.012000
1074.626000
1075.256000
1075.869000
1076.483000
1077.113000
1077.726000
1078.356000
1078.969000
1079.583000
1080.213000
1080.826000
1081.440000
1082.070000
1082.683000
1083.313000
1083.927000
1084.540000
1085.170000
1085.784000
1086.414000
1094.322000
1094.952000
1095.565000
1096.195000
1096.809000
1097.422000
1098.052000
1098.666000
1099.296000
1099.909000
1100.522000
1101.152000
1101.766000
1102.396000
1103.009000
1103.623000
1104.253000
1104.866000
1105.480000
1106.110000
1106.723000
1107.353000
1107.967000
1108.580000
1109.210000
1109.823000
1110.453000
1111.067000
1111.680000
1112.310000
1112.924000
1113.554000
1114.167000
1114.781000
1115.411000
1116.024000
1116.654000
1117.267000
1117.881000
1118.511000
1119.124000
1119.754000
1120.368000
1120.981000
1121.611000
1122.225000
1122.855000
1123.468000
1124.082000
1124.712000
1125.325000
1125.955000
1126.568000
1127.182000
1127.812000
1128.425000
1129.055000
1129.669000
1130.282000
1130.912000
1131.526000
1132.156000
1132.769000
1133.382000
1134.012000
1134.626000
1135.256000
1135.869000
1136.483000
1137.113000
1137.726000
1138.340000
1138.970000
1139.583000
1140.213000
1140.827000
1141.440000
1142.070000
1142.683000
1143.313000
1143.927000
1144.540000
1145.170000
1145.784000
1146.414000
1154.322000
1154.952000
1155.565000
1156.195000
1156.809000
1157.422000
1158.052000
1158.666000
1159.296000
1159.909000
1160.523000
1161.153000
1161.766000
1162.396000
1163.010000
1163.623000
1164.253000
1164.866000
1165.496000
1166.110000
1166.723000
1167.353000
1167.967000
1168.597000
1169.210000
1169.824000
1170.454000
1171.067000
1171.697000
1172.310000
1172.924000
1173.554000
1174.167000
1174.781000
1175.411000
1176.024000
1176.654000
1177.268000
1177.881000
1178.511000
1179.124000
1179.754000
1180.368000
1180.981000
1181.611000
1182.225000
1182.855000
1183.468000
1184.082000
1184.712000
1185.325000
1185.955000
1186.569000
1187.182000
1187.812000
1188.425000
1189.055000
1189.669000
1190.282000
1190.912000
1191.526000
1192.156000
1192.769000
1193.383000
1194.013000
1194.626000
1195.256000
1195.869000
1196.483000
1197.113000
1197.726000
1198.356000
1198.970000
1199.583000
1200.213000
1200.827000
1201.457000
1202.070000
1202.684000
1203.314000
1203.927000
1204.557000
1205.170000
1205.784000
1206.414000
1214.322000
1214.952000
1215.566000
1216.196000
1216.809000
1217.422000
1218.052000
1218.666000
1219.296000
1219.909000
1220.523000
1221.153000
1221.766000
1222.380000
1223.010000
1223.623000
1224.253000
1224.867000
1225.480000
1226.110000
1226.723000
1227.353000
1227.967000
1228.580000
1229.210000
1229.824000
1230.454000
1231.067000
1231.681000
1232.311000
1232.924000
1233.554000
1234.167000
1234.781000
1235.411000
1236.024000
1236.654000
1237.268000
1237.881000
1238.511000
1239.125000
1239.755000
1240.368000
1240.982000
1241.612000
1242.225000
1242.855000
1243.468000
1244.082000
1244.712000
1245.325000
1245.955000
1246.569000
1247.182000
1247.812000
1248.426000
1249.056000
1249.669000
1250.282000
1250.912000
1251.526000
1252.156000
1252.769000
1253.383000
1254.013000
1254.626000
1255.240000
1255.870000
1256.483000
1257.113000
1257.727000
1258.340000
1258.970000
1259.583000
1260.213000
1260.827000
1261.440000
1262.070000
1262.684000
1263.314000
1263.927000
1264.541000
1265.171000
1265.784000
1266.414000
1274.322000
1274.952000
1275.566000
1276.196000
1276.809000
1277.423000
1278.053000
1278.666000
1279.296000
1279.910000
1280.523000
1281.153000
1281.766000
1282.396000
1283.010000
1283.623000
1284.253000
1284.867000
1285.497000
1286.110000
1286.724000
1287.354000
1287.967000
1288.597000
1289.210000
1289.824000
1290.454000
1291.067000
1291.681000
1292.311000
1292.924000
1293.554000
1294.168000
1294.781000
1295.411000
1296.024000
1296.655000
1297.268000
1297.881000
1298.511000
1299.125000
1299.755000
1300.368000
1300.982000
1301.612000
1302.225000
1302.855000
1303.469000
1304.082000
1304.712000
1305.326000
1305.955000
1306.569000
1307.182000
1307.812000
1308.426000
1309.056000
1309.669000
1310.283000
1310.913000
1311.526000
1312.156000
1312.770000
1313.383000
1314.013000
1314.626000
1315.256000
1315.870000
1316.483000
1317.113000
1317.727000
1318.357000
1318.970000
1319.584000
1320.214000
1320.827000
1321.457000
1322.070000
1322.684000
1323.314000
1323.927000
1324.541000
1325.171000
1325.784000
1326.414000
1334.322000
1334.952000
1335.566000
1336.196000
1336.809000
1337.423000
1338.053000
1338.666000
1339.296000
1339.910000
1340.523000
1341.153000
1341.767000
1342.397000
1343.010000
1343.623000
1344.253000
1344.867000
1345.497000
1346.110000
1346.724000
1347.354000
1347.967000
1348.581000
1349.211000
1349.824000
1350.454000
1351.067000
1351.681000
1352.311000
1352.924000
1353.554000
1354.168000
1354.781000
1355.411000
1356.025000
1356.655000
1357.268000
1357.882000
1358.512000
1359.125000
1359.755000
1360.368000
1360.982000
1361.612000
1362.225000
1362.855000
1363.469000
1364.082000
1364.712000
1365.326000
1365.956000
1366.569000
1367.182000
1367.812000
1368.426000
1369.056000
1369.669000
1370.283000
1370.913000
1371.526000
1372.156000
1372.770000
1373.383000
1374.013000
1374.627000
1375.257000
1375.870000
1376.483000
1377.113000
1377.727000
1378.357000
1378.970000
1379.584000
1380.214000
1380.827000
1381.441000
1382.071000
1382.684000
1383.314000
1383.927000
1384.541000
1385.171000
1385.784000
1386.414000
1394.323000
1394.953000
1395.566000
1396.196000
1396.810000
1397.423000
1398.053000
1398.666000
1399.296000
1399.910000
1400.523000
1401.153000
1401.767000
1402.397000
1403.010000
1403.624000
1404.254000
1404.867000
1405.497000
1406.110000
1406.724000
1407.354000
1407.967000
1408.581000
1409.211000
1409.824000
1410.454000
1411.068000
1411.681000
1412.311000
1412.925000
1413.555000
1414.168000
1414.781000
1415.411000
1416.025000
1416.655000
1417.268000
1417.882000
1418.512000
1419.125000
1419.755000
1420.369000
1420.982000
1421.612000
1422.225000
1422.855000
1423.469000
1424.082000
1424.712000
1425.326000
1425.956000
1426.569000
1427.183000
1427.813000
1428.426000
1429.056000
1429.670000
1430.283000
1430.913000
1431.526000
1432.156000
1432.770000
1433.383000
1434.013000
1434.627000
1435.257000
1435.870000
1436.484000
1437.114000
1437.727000
1438.357000
1438.970000
1439.584000
1440.214000
1440.827000
1441.441000
1442.071000
1442.684000
1443.314000
1443.928000
1444.541000
1445.171000
1445.785000
1446.415000
1454.323000
1454.953000
1455.566000
1456.196000
1456.810000
1457.423000
1458.053000
1458.667000
1459.297000
1459.910000
1460.523000
1461.153000
1461.767000
1462.397000
1463.010000
1463.624000
1464.254000
1464.867000
1465.481000
1466.111000
1466.724000
1467.354000
1467.967000
1468.581000
1469.211000
1469.824000
1470.454000
1471.068000
1471.681000
1472.311000
1472.925000
1473.555000
1474.168000
1474.782000
1475.412000
1476.025000
1476.655000
1477.268000
1477.882000
1478.512000
1479.125000
1479.755000
1480.369000
1480.982000
1481.612000
1482.226000
1482.856000
1483.469000
1484.082000
1484.712000
1485.326000
1485.956000
1486.569000
1487.183000
1487.813000
1488.426000
1489.056000
1489.670000
1490.283000
1490.913000
1491.527000
1492.157000
1492.770000
1493.383000
1494.013000
1494.627000
1495.257000
1495.870000
1496.484000
1497.114000
1497.727000
1498.341000
1498.971000
1499.584000
1500.214000
1500.827000
1501.441000
1502.071000
1502.684000
1503.314000
1503.928000
1504.541000
1505.171000
1505.785000
1506.415000
1514.323000
1514.953000
1515.566000
1516.196000
1516.810000
1517.423000
1518.053000
1518.667000
1519.297000
1519.910000
1520.524000
1521.154000
1521.767000
1522.397000
1523.010000
1523.624000
1524.254000
1524.867000
1525.481000
1526.111000
1526.724000
1527.354000
1527.968000
1528.581000
1529.211000
1529.825000
1530.455000
1531.068000
1531.681000
1532.311000
1532.925000
1533.555000
1534.168000
1534.782000
1535.412000
1536.025000
1536.655000
1537.269000
1537.882000
1538.512000
1539.125000
1539.755000
1540.369000
1540.982000
1541.612000
1542.226000
1542.856000
1543.469000
1544.083000
1544.713000
1545.326000
1545.956000
1546.570000
1547.183000
1547.813000
1548.426000
1549.056000
1549.670000
1550.283000
1550.913000
1551.527000
1552.157000
1552.770000
1553.384000
1554.014000
1554.627000
1555.257000
1555.870000
1556.484000
1557.114000
1557.727000
1558.341000
1558.971000
1559.584000
1560.214000
1560.828000
1561.441000
1562.071000
1562.685000
1563.315000
1563.928000
1564.541000
1565.171000
1565.785000
1566.415000
1574.323000
1574.953000
1575.567000
1576.197000
1576.810000
1577.423000
1578.053000
1578.667000
1579.297000
1579.910000
1580.524000
1581.154000
1581.767000
1582.381000
1583.011000
1583.624000
1584.254000
1584.868000
1585.481000
1586.111000
1586.724000
1587.354000
1587.968000
1588.581000
1589.211000
1589.825000
1590.455000
1591.068000
1591.682000
1592.312000
1592.925000
1593.555000
1594.168000
1594.782000
1595.412000
1596.025000
1596.655000
1597.269000
1597.882000
1598.512000
1599.126000
1599.756000
1600.369000
1600.983000
1601.613000
1602.226000
1602.856000
1603.469000
1604.083000
1604.713000
1605.326000
1605.956000
1606.570000
1607.183000
1607.813000
1608.427000
1609.057000
1609.670000
1610.283000
1610.913000
1611.527000
1612.157000
1612.770000
1613.384000
1614.014000
1614.627000
1615.241000
1615.871000
1616.484000
1617.114000
1617.727000
1618.341000
1618.971000
1619.584000
1620.214000
1620.828000
1621.441000
1622.071000
1622.685000
1623.315000
1623.928000
1624.542000
1625.172000
1625.785000
1626.415000
1634.323000
1634.937000
1635.567000
1636.180000
1636.794000
1637.424000
1638.037000
1638.667000
1639.280000
1639.894000
1640.524000
1641.137000
1641.767000
1642.381000
1642.994000
1643.624000
1644.238000
1644.868000
1645.481000
1646.095000
1646.725000
1647.338000
1647.968000
1648.581000
1649.195000
1649.825000
1650.438000
1651.068000
1651.682000
1652.295000
1652.925000
1653.539000
1654.169000
1654.782000
1655.395000
1656.025000
1656.639000
1657.269000
1657.882000
1658.496000
1659.126000
1659.739000
1660.353000
1660.983000
1661.596000
1662.226000
1662.840000
1663.453000
1664.083000
1664.696000
1665.326000
1665.940000
1666.553000
1667.183000
1667.797000
1668.427000
1669.040000
1669.654000
1670.284000
1670.897000
1671.527000
1672.140000
1672.754000
1673.384000
1673.997000
1674.627000
1675.241000
1675.854000
1676.484000
1677.098000
1677.728000
1678.341000
1678.955000
1679.585000
1680.198000
1680.828000
1681.441000
1682.055000
1682.685000
1683.298000
1683.928000
1684.542000
1685.155000
1685.785000
1686.399000
1694.323000
1694.937000
1695.567000
1696.180000
1696.794000
1697.424000
1698.037000
1698.667000
1699.281000
1699.894000
1700.524000
1701.138000
1701.768000
1702.381000
1702.994000
1703.624000
1704.238000
1704.868000
1705.481000
1706.095000
1706.725000
1707.338000
1707.968000
1708.582000
1709.195000
1709.825000
1710.438000
1711.068000
1711.682000
1712.295000
1712.925000
1713.539000
1714.169000
1714.782000
1715.396000
1716.026000
1716.639000
1717.252000
1717.883000
1718.496000
1719.126000
1719.739000
1720.353000
1720.983000
1721.596000
1722.226000
1722.840000
1723.453000
1724.083000
1724.697000
1725.327000
1725.940000
1726.553000
1727.183000
1727.797000
1728.427000
1729.040000
1729.654000
1730.284000
1730.897000
1731.527000
1732.141000
1732.754000
1733.384000
1733.998000
1734.628000
1735.241000
1735.854000
1736.484000
1737.098000
1737.728000
1738.341000
1738.955000
1739.585000
1740.198000
1740.828000
1741.442000
1742.055000
1742.685000
1743.298000
1743.928000
1744.542000
1745.155000
1745.785000
1746.399000
