1040.522000
1043.009000
1046.723000
1064.081000
1067.812000
1070.282000
1071.525000
1098.052000
1100.522000
1103.009000
1104.253000
1105.480000
1107.967000
1111.680000
1114.167000
1121.611000
1124.082000
1125.325000
1129.055000
1130.282000
1132.769000
1146.414000
1160.523000
1161.766000
1163.010000
1171.697000
1172.924000
1174.167000
1185.325000
1187.812000
1191.526000
1195.256000
1197.726000
1198.970000
1231.681000
1236.654000
1240.368000
1247.812000
1250.282000
1265.171000
1292.924000
1301.612000
1304.082000
1311.526000
1314.013000
1318.970000
1354.168000
1359.125000
1365.326000
1369.056000
1370.283000
1374.013000
1380.214000
1381.441000
1414.168000
1416.655000
1420.369000
1421.612000
1422.855000
1426.569000
1434.013000
1440.214000
1441.441000
1445.171000
1459.297000
1461.767000
1463.010000
1464.254000
1472.925000
1475.412000
1485.326000
1490.283000
1491.527000
1497.727000
1502.684000
1523.010000
1540.369000
1544.083000
1545.326000
1547.813000
1550.283000
1554.014000
1555.257000
1557.727000
1562.685000
1578.053000
1580.524000
1597.882000
1609.057000
1610.283000
1612.770000
1615.241000
1616.484000
1620.214000
1638.037000
1642.994000
1645.481000
1666.553000
1669.040000
1675.241000
1676.484000
1683.928000
1701.768000
1724.083000
1736.484000
1737.728000
1738.955000
1741.442000
