312.516000
313.760000
315.003000
316.246000
317.473000
318.717000
319.960000
321.204000
322.447000
323.674000
326.161000
327.404000
331.118000
332.361000
336.075000
337.319000
341.049000
342.276000
343.519000
344.763000
346.006000
347.233000
350.963000
352.207000
354.677000
355.920000
357.164000
371.273000
372.516000
375.003000
376.247000
377.473000
378.717000
381.204000
382.447000
383.674000
386.161000
387.404000
389.875000
391.118000
392.362000
393.605000
394.848000
396.075000
398.562000
399.806000
401.032000
402.276000
403.519000
404.763000
406.006000
407.233000
408.477000
409.720000
412.207000
413.434000
414.677000
417.164000
418.408000
431.273000
433.760000
435.003000
441.204000
444.918000
446.161000
447.405000
448.648000
449.875000
451.118000
452.362000
453.605000
454.849000
456.075000
458.562000
459.806000
461.033000
463.520000
464.763000
468.477000
469.720000
470.964000
472.207000
474.677000
475.921000
478.408000
490.046000
491.273000
492.517000
493.760000
495.003000
497.474000
499.961000
501.204000
502.448000
503.674000
504.918000
507.405000
509.875000
511.118000
512.362000
513.605000
514.849000
516.076000
517.319000
518.563000
519.806000
521.033000
522.276000
523.520000
524.763000
526.007000
527.233000
528.477000
532.207000
533.434000
534.678000
538.408000
552.517000
553.760000
555.004000
558.717000
559.961000
562.448000
563.675000
564.918000
566.161000
567.405000
568.648000
572.362000
573.605000
574.849000
578.563000
579.806000
581.033000
586.007000
587.234000
588.477000
589.720000
590.964000
592.207000
594.678000
598.408000
611.273000
613.760000
615.004000
618.718000
619.961000
621.204000
622.448000
623.675000
624.918000
626.162000
627.405000
631.119000
632.362000
633.606000
634.833000
637.319000
639.806000
642.277000
643.520000
644.763000
648.477000
649.721000
650.964000
652.208000
653.434000
654.678000
670.047000
671.274000
672.517000
673.761000
676.247000
677.474000
679.961000
681.205000
684.918000
687.405000
688.649000
689.876000
692.362000
693.606000
694.833000
696.076000
697.320000
698.563000
701.033000
704.764000
706.007000
707.234000
708.477000
712.208000
713.435000
714.678000
715.921000
717.165000
730.047000
731.274000
732.517000
733.761000
735.004000
736.248000
738.718000
739.961000
741.205000
742.448000
743.675000
744.918000
746.162000
747.405000
748.649000
751.119000
752.363000
753.606000
754.833000
756.076000
759.807000
762.277000
763.520000
764.764000
766.007000
769.721000
772.208000
773.435000
774.678000
775.922000
777.165000
778.408000
790.047000
791.274000
792.517000
793.761000
797.475000
799.961000
801.205000
802.448000
803.675000
804.919000
806.162000
807.406000
809.876000
811.119000
813.606000
816.076000
817.320000
818.563000
821.034000
822.277000
824.764000
826.007000
827.234000
828.478000
829.721000
830.965000
832.208000
834.678000
835.922000
837.165000
838.409000
850.047000
851.274000
855.004000
856.248000
858.718000
859.962000
862.448000
864.919000
866.162000
867.406000
868.633000
869.876000
871.119000
872.363000
873.606000
876.077000
877.320000
878.563000
879.807000
881.034000
882.277000
883.521000
886.008000
888.478000
889.721000
892.208000
893.435000
894.678000
895.922000
898.409000
910.047000
912.518000
915.005000
916.248000
917.475000
918.718000
919.962000
922.449000
923.676000
924.919000
926.162000
928.633000
929.876000
933.606000
936.077000
937.320000
942.277000
943.521000
944.764000
946.008000
947.235000
950.965000
953.435000
954.679000
955.922000
957.166000
958.409000
971.274000
972.518000
973.761000
975.005000
982.449000
984.919000
988.633000
989.876000
991.120000
992.363000
994.833000
997.320000
998.564000
999.807000
1001.034000
1002.278000
1003.521000
1004.764000
1006.008000
1007.235000
1008.478000
1009.722000
1013.435000
1017.166000
1018.393000
