6.331000
6.945000
7.575000
8.188000
8.802000
9.432000
10.045000
10.675000
11.288000
11.902000
12.532000
13.145000
13.775000
14.389000
15.002000
15.632000
16.246000
16.876000
17.489000
18.102000
18.732000
19.346000
19.976000
20.589000
21.203000
21.833000
22.446000
23.076000
23.690000
24.303000
24.933000
25.547000
26.177000
26.790000
27.403000
28.033000
28.647000
29.277000
29.890000
30.504000
31.134000
31.747000
32.361000
32.991000
33.604000
34.234000
34.847000
35.461000
36.091000
36.704000
37.334000
37.948000
38.561000
39.191000
39.805000
40.435000
41.048000
41.662000
42.292000
42.905000
43.535000
44.148000
44.762000
45.392000
46.005000
46.635000
47.249000
47.862000
48.492000
49.106000
49.736000
50.349000
50.962000
51.592000
52.206000
52.836000
53.449000
54.063000
54.693000
55.306000
55.936000
56.550000
57.163000
57.793000
58.407000
66.331000
66.945000
67.575000
68.188000
68.802000
69.432000
70.045000
70.675000
71.289000
71.902000
72.532000
73.145000
73.775000
74.389000
75.002000
75.632000
76.246000
76.876000
77.489000
78.103000
78.733000
79.346000
79.976000
80.589000
81.203000
81.833000
82.446000
83.076000
83.690000
84.303000
84.933000
85.547000
86.177000
86.790000
87.404000
88.034000
88.647000
89.277000
89.890000
90.504000
91.134000
91.747000
92.361000
92.991000
93.604000
94.234000
94.848000
95.461000
96.091000
96.704000
97.334000
97.948000
98.561000
99.191000
99.805000
100.435000
101.048000
101.662000
102.292000
102.905000
103.535000
104.149000
104.762000
105.392000
106.005000
106.636000
107.249000
107.862000
108.492000
109.106000
109.736000
110.349000
110.963000
111.593000
112.206000
112.836000
113.449000
114.063000
114.693000
115.306000
115.936000
116.550000
117.163000
117.793000
118.407000
126.332000
126.945000
127.575000
128.188000
128.802000
129.432000
130.045000
130.675000
131.289000
131.902000
132.532000
133.146000
133.776000
134.389000
135.002000
135.632000
136.246000
136.876000
137.489000
138.103000
138.733000
139.346000
139.976000
140.590000
141.203000
141.833000
142.447000
143.077000
143.690000
144.303000
144.933000
145.547000
146.177000
146.790000
147.404000
148.034000
148.647000
149.261000
149.891000
150.504000
151.134000
151.747000
152.361000
152.991000
153.604000
154.234000
154.848000
155.461000
156.091000
156.705000
157.335000
157.948000
158.562000
159.192000
159.805000
160.435000
161.048000
161.662000
162.292000
162.905000
163.535000
164.149000
164.762000
165.392000
166.006000
166.636000
167.249000
167.862000
168.492000
169.106000
169.736000
170.349000
170.963000
171.593000
172.206000
172.836000
173.450000
174.063000
174.693000
175.307000
175.937000
176.550000
177.163000
177.793000
178.407000
186.315000
186.945000
187.559000
188.189000
188.802000
189.415000
190.045000
190.659000
191.289000
191.902000
192.516000
193.146000
193.759000
194.373000
195.003000
195.616000
196.246000
196.859000
197.473000
198.103000
198.716000
199.346000
199.960000
200.573000
201.203000
201.817000
202.447000
203.060000
203.674000
204.304000
204.917000
205.547000
206.160000
206.774000
207.404000
208.017000
208.647000
209.261000
209.874000
210.504000
211.118000
211.748000
212.361000
212.975000
213.604000
214.218000
214.848000
215.461000
216.075000
216.705000
217.318000
217.948000
218.562000
219.175000
219.805000
220.419000
221.049000
221.662000
222.275000
222.905000
223.519000
224.149000
224.762000
225.376000
226.006000
226.619000
227.233000
227.863000
228.476000
229.106000
229.720000
230.333000
230.963000
231.576000
232.206000
232.820000
233.433000
234.063000
234.677000
235.307000
235.920000
236.534000
237.164000
237.777000
238.407000
246.332000
246.945000
247.575000
248.189000
248.802000
249.432000
250.046000
250.676000
251.289000
251.902000
252.532000
253.146000
253.776000
254.389000
255.003000
255.633000
256.246000
256.876000
257.490000
258.103000
258.733000
259.347000
259.977000
260.590000
261.203000
261.833000
262.447000
263.077000
263.690000
264.304000
264.934000
265.547000
266.161000
266.791000
267.404000
268.034000
268.647000
269.261000
269.891000
270.504000
271.134000
271.748000
272.361000
272.991000
273.605000
274.235000
274.848000
275.462000
276.092000
276.705000
277.335000
277.948000
278.562000
279.192000
279.805000
280.435000
281.049000
281.662000
282.292000
282.906000
283.536000
284.149000
284.763000
285.393000
286.006000
286.636000
287.249000
287.863000
288.493000
289.106000
289.736000
290.350000
290.963000
291.593000
292.207000
292.837000
293.450000
294.063000
294.693000
295.307000
295.937000
296.550000
297.164000
297.794000
298.407000
306.315000
306.945000
307.559000
308.189000
308.802000
309.416000
310.046000
310.659000
311.273000
311.903000
312.516000
313.146000
313.760000
314.373000
315.003000
315.616000
316.246000
316.860000
317.473000
318.103000
318.717000
319.347000
319.960000
320.574000
321.204000
321.817000
322.447000
323.060000
323.674000
324.304000
324.917000
325.547000
326.161000
326.774000
327.404000
328.018000
328.648000
329.261000
329.875000
330.505000
331.118000
331.748000
332.361000
332.975000
333.605000
334.218000
334.848000
335.462000
336.075000
336.705000
337.319000
337.949000
338.562000
339.175000
339.805000
340.419000
341.049000
341.662000
342.276000
342.906000
343.519000
344.133000
344.763000
345.376000
346.006000
346.620000
347.233000
347.863000
348.476000
349.106000
349.720000
350.333000
350.963000
351.577000
352.207000
352.820000
353.434000
354.064000
354.677000
355.307000
355.920000
356.534000
357.164000
357.777000
358.407000
366.316000
366.946000
367.559000
368.172000
368.802000
369.416000
370.046000
370.659000
371.273000
371.903000
372.516000
373.146000
373.760000
374.373000
375.003000
375.617000
376.247000
376.860000
377.473000
378.103000
378.717000
379.347000
379.960000
380.574000
381.204000
381.817000
382.447000
383.061000
383.674000
384.304000
384.917000
385.547000
386.161000
386.774000
387.404000
388.018000
388.648000
389.261000
389.875000
390.505000
391.118000
391.748000
392.362000
392.975000
393.605000
394.218000
394.848000
395.462000
396.075000
396.705000
397.319000
397.949000
398.562000
399.176000
399.806000
400.419000
401.032000
401.662000
402.276000
402.906000
403.519000
404.133000
404.763000
405.376000
406.006000
406.620000
407.233000
407.863000
408.477000
409.107000
409.720000
410.333000
410.963000
411.577000
412.207000
412.820000
413.434000
414.064000
414.677000
415.307000
415.921000
416.534000
417.164000
417.777000
418.408000
426.316000
426.946000
427.559000
428.173000
428.803000
429.416000
430.046000
430.660000
431.273000
431.903000
432.516000
433.146000
433.760000
434.373000
435.003000
435.617000
436.247000
436.860000
437.474000
438.104000
438.717000
439.347000
439.960000
440.574000
441.204000
441.817000
442.447000
443.061000
443.674000
444.304000
444.918000
445.548000
446.161000
446.775000
447.405000
448.018000
448.648000
449.261000
449.875000
450.505000
451.118000
451.748000
452.362000
452.975000
453.605000
454.219000
454.849000
455.462000
456.075000
456.705000
457.319000
457.949000
458.562000
459.176000
459.806000
460.419000
461.033000
461.663000
462.276000
462.906000
463.520000
464.133000
464.763000
465.376000
466.006000
466.620000
467.233000
467.863000
468.477000
469.107000
469.720000
470.334000
470.964000
471.577000
472.207000
472.820000
473.434000
474.064000
474.677000
475.307000
475.921000
476.534000
477.164000
477.778000
478.408000
486.316000
486.946000
487.559000
488.173000
488.803000
489.416000
490.046000
490.660000
491.273000
491.903000
492.517000
493.147000
493.760000
494.373000
495.003000
495.617000
496.247000
496.860000
497.474000
498.104000
498.717000
499.347000
499.961000
500.574000
501.204000
501.817000
502.448000
503.061000
503.674000
504.304000
504.918000
505.548000
506.161000
506.775000
507.405000
508.018000
508.648000
509.262000
509.875000
510.505000
511.118000
511.748000
512.362000
512.975000
513.605000
514.219000
514.849000
515.462000
516.076000
516.706000
517.319000
517.933000
518.563000
519.176000
519.806000
520.419000
521.033000
521.663000
522.276000
522.906000
523.520000
524.133000
524.763000
525.377000
526.007000
526.620000
527.233000
527.863000
528.477000
529.107000
529.720000
530.334000
530.964000
531.577000
532.207000
532.821000
533.434000
534.064000
534.678000
535.308000
535.921000
536.534000
537.164000
537.778000
538.408000
546.316000
546.946000
547.560000
548.173000
548.803000
549.416000
550.046000
550.660000
551.273000
551.903000
552.517000
553.147000
553.760000
554.374000
555.004000
555.617000
556.247000
556.860000
557.474000
558.104000
558.717000
559.347000
559.961000
560.574000
561.204000
561.818000
562.448000
563.061000
563.675000
564.305000
564.918000
565.548000
566.161000
566.775000
567.405000
568.018000
568.648000
569.262000
569.875000
570.505000
571.119000
571.749000
572.362000
572.975000
573.605000
574.219000
574.849000
575.462000
576.076000
576.706000
577.319000
577.933000
578.563000
579.176000
579.806000
580.420000
581.033000
581.663000
582.276000
582.906000
583.520000
584.133000
584.763000
585.377000
586.007000
586.620000
587.234000
587.864000
588.477000
589.107000
589.720000
590.334000
590.964000
591.577000
592.207000
592.821000
593.434000
594.064000
594.678000
595.308000
595.921000
596.535000
597.165000
597.778000
598.408000
606.316000
606.946000
607.560000
608.173000
608.803000
609.417000
610.047000
610.660000
611.273000
611.903000
612.517000
613.147000
613.760000
614.374000
615.004000
615.617000
616.247000
616.861000
617.474000
618.104000
618.718000
619.348000
619.961000
620.574000
621.204000
621.818000
622.448000
623.061000
623.675000
624.305000
624.918000
625.548000
626.162000
626.775000
627.405000
628.018000
628.648000
629.262000
629.875000
630.505000
631.119000
631.749000
632.362000
632.976000
633.606000
634.219000
634.833000
635.463000
636.076000
636.706000
637.319000
637.933000
638.563000
639.176000
639.806000
640.420000
641.033000
641.663000
642.277000
642.907000
643.520000
644.133000
644.763000
645.377000
646.007000
646.620000
647.234000
647.864000
648.477000
649.107000
649.721000
650.334000
650.964000
651.578000
652.208000
652.821000
653.434000
654.064000
654.678000
655.308000
655.921000
656.535000
657.165000
657.778000
658.408000
666.316000
666.946000
667.560000
668.173000
668.803000
669.417000
670.047000
670.660000
671.274000
671.904000
672.517000
673.147000
673.761000
674.374000
675.004000
675.617000
676.247000
676.861000
677.474000
678.104000
678.718000
679.348000
679.961000
680.575000
681.205000
681.818000
682.448000
683.061000
683.675000
684.305000
684.918000
685.548000
686.162000
686.775000
687.405000
688.019000
688.649000
689.262000
689.876000
690.506000
691.119000
691.749000
692.362000
692.976000
693.606000
694.219000
694.833000
695.463000
696.076000
696.706000
697.320000
697.933000
698.563000
699.176000
699.806000
700.420000
701.033000
701.663000
702.277000
702.907000
703.520000
704.134000
704.764000
705.377000
706.007000
706.621000
707.234000
707.864000
708.477000
709.107000
709.721000
710.334000
710.964000
711.578000
712.208000
712.821000
713.435000
714.065000
714.678000
715.308000
715.921000
716.535000
717.165000
717.778000
718.408000
726.317000
726.947000
727.560000
728.173000
728.803000
729.417000
730.047000
730.660000
731.274000
731.904000
732.517000
733.147000
733.761000
734.374000
735.004000
735.618000
736.248000
736.861000
737.474000
738.104000
738.718000
739.348000
739.961000
740.575000
741.205000
741.818000
742.448000
743.062000
743.675000
744.305000
744.918000
745.548000
746.162000
746.775000
747.405000
748.019000
748.649000
749.262000
749.876000
750.506000
751.119000
751.733000
752.363000
752.976000
753.606000
754.219000
754.833000
755.463000
756.076000
756.706000
757.320000
757.933000
758.563000
759.177000
759.807000
760.420000
761.033000
761.664000
762.277000
762.907000
763.520000
764.134000
764.764000
765.377000
766.007000
766.621000
767.234000
767.864000
768.478000
769.108000
769.721000
770.334000
770.964000
771.578000
772.208000
772.821000
773.435000
774.065000
774.678000
775.308000
775.922000
776.535000
777.165000
777.778000
778.408000
786.317000
786.947000
787.560000
788.174000
788.804000
789.417000
790.047000
790.661000
791.274000
791.904000
792.517000
793.147000
793.761000
794.374000
795.004000
795.618000
796.248000
796.861000
797.475000
798.105000
798.718000
799.348000
799.961000
800.575000
801.205000
801.818000
802.448000
803.062000
803.675000
804.305000
804.919000
805.549000
806.162000
806.775000
807.406000
808.019000
808.649000
809.262000
809.876000
810.506000
811.119000
811.733000
812.363000
812.976000
813.606000
814.220000
814.833000
815.463000
816.076000
816.706000
817.320000
817.933000
818.563000
819.177000
819.807000
820.420000
821.034000
821.664000
822.277000
822.907000
823.521000
824.134000
824.764000
825.377000
826.007000
826.621000
827.234000
827.864000
828.478000
829.108000
829.721000
830.335000
830.965000
831.578000
832.208000
832.821000
833.435000
834.065000
834.678000
835.308000
835.922000
836.535000
837.165000
837.779000
838.409000
846.317000
846.947000
847.560000
848.174000
848.804000
849.417000
850.047000
850.661000
851.274000
851.904000
852.518000
853.148000
853.761000
854.374000
855.004000
855.618000
856.248000
856.861000
857.475000
858.105000
858.718000
859.348000
859.962000
860.575000
861.205000
861.818000
862.448000
863.062000
863.675000
864.305000
864.919000
865.549000
866.162000
866.776000
867.406000
868.019000
868.633000
869.263000
869.876000
870.506000
871.119000
871.733000
872.363000
872.976000
873.606000
874.220000
874.833000
875.463000
876.077000
876.707000
877.320000
877.933000
878.563000
879.177000
879.807000
880.420000
881.034000
881.664000
882.277000
882.907000
883.521000
884.134000
884.764000
885.378000
886.008000
886.621000
887.234000
887.864000
888.478000
889.108000
889.721000
890.335000
890.965000
891.578000
892.208000
892.822000
893.435000
894.065000
894.678000
895.308000
895.922000
896.535000
897.165000
897.779000
898.409000
906.317000
906.947000
907.561000
908.174000
908.804000
909.417000
910.047000
910.661000
911.274000
911.904000
912.518000
913.148000
913.761000
914.375000
915.005000
915.618000
916.248000
916.861000
917.475000
918.105000
918.718000
919.348000
919.962000
920.575000
921.205000
921.819000
922.449000
923.062000
923.676000
924.306000
924.919000
925.549000
926.162000
926.776000
927.406000
928.019000
928.633000
929.263000
929.876000
930.506000
931.120000
931.733000
932.363000
932.976000
933.606000
934.220000
934.833000
935.463000
936.077000
936.707000
937.320000
937.934000
938.564000
939.177000
939.807000
940.421000
941.034000
941.664000
942.277000
942.907000
943.521000
944.134000
944.764000
945.378000
946.008000
946.621000
947.235000
947.865000
948.478000
949.108000
949.721000
950.335000
950.965000
951.578000
952.208000
952.822000
953.435000
954.065000
954.679000
955.309000
955.922000
956.536000
957.166000
957.779000
958.409000
966.317000
966.947000
967.561000
968.174000
968.804000
969.418000
970.048000
970.661000
971.274000
971.904000
972.518000
973.148000
973.761000
974.375000
975.005000
975.618000
976.248000
976.862000
977.475000
978.105000
978.719000
979.349000
979.962000
980.575000
981.205000
981.819000
982.449000
983.062000
983.676000
984.306000
984.919000
985.533000
986.163000
986.776000
987.406000
988.019000
988.633000
989.263000
989.876000
990.506000
991.120000
991.733000
992.363000
992.977000
993.607000
994.220000
994.833000
995.464000
996.077000
996.707000
997.320000
997.934000
998.564000
999.177000
999.807000
1000.421000
1001.034000
1001.664000
1002.278000
1002.908000
1003.521000
1004.134000
1004.764000
1005.378000
1006.008000
1006.621000
1007.235000
1007.865000
1008.478000
1009.108000
1009.722000
1010.335000
1010.965000
1011.578000
1012.209000
1012.822000
1013.435000
1014.065000
1014.679000
1015.309000
1015.922000
1016.536000
1017.166000
1017.779000
1018.393000
