1766.675000
1767.902000
1769.146000
1770.389000
1772.876000
1774.103000
1775.346000
1776.590000
1777.833000
1779.077000
1780.303000
1781.547000
1782.790000
1784.034000
1785.261000
1786.504000
1787.748000
1788.991000
1790.234000
1791.461000
1792.705000
1793.948000
1795.192000
1797.662000
1798.905000
1800.149000
1802.636000
1803.863000
1805.106000
1806.349000
1807.593000
1808.836000
1810.063000
1811.307000
1812.550000
1813.793000
1825.432000
1827.902000
1829.146000
1830.389000
1831.633000
1832.876000
1834.103000
1835.346000
1836.590000
1837.833000
1840.304000
1841.547000
1842.791000
1844.034000
1845.261000
1847.748000
1848.991000
1850.235000
1851.461000
1852.705000
1853.948000
1855.192000
1856.435000
1857.662000
1858.906000
1860.149000
1861.392000
1862.636000
1863.863000
1865.106000
1866.350000
1867.593000
1868.836000
1870.063000
1871.307000
1872.550000
1873.794000
1885.432000
1886.676000
1887.903000
1889.146000
1890.389000
1891.633000
1892.876000
1894.103000
1895.347000
1896.590000
1897.833000
1899.077000
1900.304000
1901.547000
1902.791000
1904.034000
1905.261000
1906.504000
1907.748000
1908.991000
1910.235000
1911.462000
1912.705000
1913.948000
1915.192000
1916.435000
1917.662000
1920.149000
1921.393000
1922.636000
1923.863000
1925.106000
1926.350000
1927.593000
1928.837000
1930.063000
1931.307000
1932.550000
1933.794000
1945.432000
1946.676000
1947.903000
1949.146000
1950.390000
1954.103000
1955.347000
1956.590000
1959.061000
1960.304000
1961.547000
1962.791000
1964.034000
1965.261000
1966.505000
1967.748000
1968.991000
1970.235000
1972.705000
1973.949000
1975.192000
1976.436000
1977.662000
1978.906000
1980.149000
1981.393000
1982.636000
1983.863000
1985.106000
1986.350000
1988.837000
1990.064000
1991.307000
1992.551000
1993.794000
2005.433000
2007.903000
2009.146000
2010.390000
2011.633000
2012.877000
2014.103000
2016.590000
2017.834000
2020.304000
2021.548000
2024.034000
2025.261000
2026.505000
2027.748000
2028.992000
2030.235000
2031.462000
2032.705000
2033.949000
2035.192000
2036.436000
2037.663000
2038.906000
2040.149000
2041.393000
2042.636000
2043.863000
2045.107000
2046.350000
2047.594000
2048.837000
2050.064000
2051.307000
2052.551000
2053.794000
2065.433000
2066.676000
2069.146000
2070.390000
2071.633000
2072.877000
2074.104000
2075.347000
2077.834000
2079.061000
2080.304000
2081.548000
2082.791000
2084.035000
2085.261000
2086.505000
2087.748000
2088.992000
2090.235000
2091.462000
2092.706000
2093.949000
2095.192000
2097.663000
2098.906000
2100.150000
2101.393000
2102.636000
2103.863000
2105.107000
2106.350000
2108.821000
2110.064000
2111.307000
2112.551000
2125.433000
2126.676000
2127.903000
2129.147000
2130.390000
2132.877000
2134.104000
2135.347000
2136.591000
2137.834000
2139.061000
2140.304000
2141.548000
2142.791000
2144.035000
2145.262000
2147.748000
2148.992000
2150.235000
2151.462000
2152.706000
2153.949000
2155.193000
2156.436000
2157.663000
2158.906000
2160.150000
2162.637000
2163.863000
2165.107000
2167.594000
2168.821000
2170.064000
2171.308000
2172.551000
2173.794000
2185.433000
2186.676000
2187.903000
2189.147000
2190.390000
2191.634000
2192.861000
2194.104000
2195.347000
2196.591000
2199.061000
2200.305000
2201.548000
2202.791000
2204.035000
2205.262000
2206.505000
2207.749000
2208.992000
2213.949000
2215.193000
2216.436000
2217.663000
2218.906000
2220.150000
2221.393000
2222.637000
2223.864000
2225.107000
2226.351000
2227.594000
2228.821000
2230.064000
2231.308000
2232.551000
2233.795000
2245.433000
2246.677000
2247.904000
2249.147000
2250.390000
2251.634000
2252.861000
2254.104000
2255.348000
2256.591000
2257.834000
2259.061000
2260.305000
2262.792000
2264.035000
2265.262000
2267.749000
2270.236000
2271.463000
2272.706000
2273.949000
2275.193000
2276.436000
2277.663000
2278.907000
2280.150000
2281.394000
2282.637000
2285.107000
2286.351000
2287.594000
2288.821000
2290.064000
2291.308000
2292.551000
2293.795000
2305.417000
2307.904000
2309.147000
2310.374000
2314.104000
2315.348000
2316.575000
2317.818000
2319.061000
2320.305000
2321.548000
2322.775000
2324.019000
2325.262000
2326.506000
2327.732000
2328.976000
2330.219000
2331.463000
2332.706000
2333.933000
2335.176000
2338.907000
2340.134000
2341.377000
2342.621000
2343.864000
2345.107000
2346.334000
2348.821000
2350.065000
2351.308000
2352.535000
2353.778000
2365.417000
2366.660000
2367.904000
2369.147000
2370.374000
2374.104000
2375.348000
2376.575000
2377.818000
2379.062000
2380.305000
2381.549000
2382.775000
2384.019000
2385.262000
2386.506000
2387.733000
2388.976000
2390.219000
2391.463000
2392.706000
2393.933000
2395.177000
2396.420000
2397.664000
2398.907000
2400.134000
2401.377000
2402.621000
2403.864000
2405.108000
2406.334000
2407.578000
2410.065000
2411.308000
2412.535000
2413.779000
2425.434000
2426.661000
2427.904000
2429.147000
2430.391000
2431.634000
2434.105000
2435.348000
2436.592000
2437.835000
2439.062000
2440.305000
2441.549000
2442.792000
2444.036000
2445.262000
2446.506000
2447.749000
2448.993000
2450.236000
2452.707000
2453.950000
2455.193000
2456.437000
2457.664000
2458.907000
2460.151000
2461.394000
2462.621000
2463.864000
2465.108000
2466.351000
2467.595000
2468.822000
2470.065000
2471.308000
2472.552000
2473.795000
