1038.664000
1039.907000
1042.394000
1043.621000
1044.864000
1046.108000
1047.351000
1048.595000
1049.821000
1051.065000
1052.308000
1054.795000
1056.022000
1057.266000
1058.509000
1059.752000
1060.996000
1062.223000
1063.466000
1064.710000
1065.953000
1067.180000
1068.423000
1069.667000
1070.910000
1072.154000
1073.381000
1074.624000
1075.867000
1077.111000
1078.354000
1079.581000
1080.825000
1082.068000
1083.312000
1084.555000
1085.782000
1097.420000
1098.664000
1099.907000
1101.151000
1102.394000
1103.621000
1104.864000
1106.108000
1107.351000
1108.595000
1109.822000
1111.065000
1112.309000
1113.552000
1114.795000
1116.022000
1117.266000
1118.509000
1119.753000
1120.996000
1122.223000
1123.466000
1124.710000
1125.953000
1127.180000
1128.424000
1129.667000
1130.910000
1132.154000
1133.381000
1134.624000
1135.868000
1137.111000
1138.354000
1139.581000
1140.825000
1142.068000
1143.312000
1144.555000
1145.782000
1157.421000
1158.664000
1159.907000
1161.151000
1162.394000
1163.621000
1164.865000
1166.108000
1167.352000
1168.595000
1169.822000
1171.065000
1172.309000
1173.552000
1174.796000
1176.022000
1177.266000
1178.509000
1179.753000
1182.223000
1183.467000
1184.710000
1185.953000
1187.180000
1188.424000
1189.667000
1190.911000
1192.154000
1193.381000
1194.624000
1195.868000
1197.111000
1198.355000
1199.582000
1200.825000
1202.068000
1203.312000
1204.555000
1205.782000
1217.421000
1218.664000
1219.908000
1221.151000
1222.395000
1223.621000
1224.865000
1226.108000
1227.352000
1228.595000
1229.822000
1232.309000
1234.796000
1236.023000
1237.266000
1238.509000
1239.753000
1240.980000
1242.223000
1243.467000
1244.710000
1245.954000
1247.180000
1248.424000
1252.154000
1254.624000
1255.868000
1257.111000
1258.355000
1259.582000
1260.825000
1262.069000
1263.312000
1264.555000
1265.782000
1277.421000
1278.664000
1279.908000
1281.151000
1282.395000
1283.622000
1284.865000
1286.108000
1287.352000
1289.822000
1291.066000
1292.309000
1293.552000
1294.796000
1296.023000
1297.266000
1298.510000
1299.753000
1300.980000
1302.223000
1303.467000
1304.710000
1305.954000
1307.181000
1308.424000
1309.667000
1310.911000
1312.154000
1313.381000
1314.625000
1315.868000
1317.112000
1318.355000
1319.582000
1320.825000
1323.312000
1324.556000
1325.782000
1337.421000
1338.664000
1339.908000
1341.151000
1342.395000
1343.622000
1344.865000
1346.109000
1347.352000
1348.595000
1349.822000
1351.066000
1352.309000
1354.796000
1356.023000
1357.266000
1358.510000
1359.753000
1360.980000
1362.224000
1363.467000
1364.710000
1365.954000
1367.181000
1368.424000
1369.668000
1370.911000
1372.155000
1373.381000
1374.625000
1375.868000
1377.112000
1378.355000
1379.582000
1380.825000
1382.069000
1383.312000
1384.556000
1385.783000
1397.421000
1398.665000
1399.908000
1401.152000
1402.395000
1403.622000
1404.865000
1406.109000
1407.352000
1408.596000
1409.822000
1411.066000
1412.309000
1413.553000
1414.780000
1416.023000
1417.267000
1418.510000
1419.753000
1420.980000
1422.224000
1423.467000
1424.711000
1425.954000
1427.181000
1428.424000
1429.668000
1430.911000
1432.155000
1433.382000
1434.625000
1435.868000
1437.112000
1439.582000
1440.826000
1442.069000
1443.312000
1444.556000
1445.783000
1457.421000
1458.665000
1459.908000
1461.152000
1462.395000
1464.865000
1466.109000
1467.352000
1468.596000
1469.823000
1471.066000
1472.310000
1473.553000
1474.780000
1476.023000
1477.267000
1478.510000
1479.754000
1480.980000
1482.224000
1483.467000
1484.711000
1485.954000
1487.181000
1488.424000
1490.911000
1492.155000
1493.382000
1494.625000
1495.869000
1497.112000
1498.355000
1499.582000
1500.826000
1502.069000
1503.313000
1504.539000
1505.783000
1517.422000
1518.665000
1519.908000
1521.152000
1522.395000
1523.622000
1524.866000
1526.109000
1527.352000
1528.596000
1529.823000
1531.066000
1532.310000
1533.553000
1534.780000
1536.023000
1537.267000
1538.510000
1539.754000
1540.981000
1542.224000
1543.467000
1544.711000
1545.954000
1547.181000
1548.425000
1549.668000
1550.912000
1552.155000
1553.382000
1554.625000
1555.869000
1557.112000
1558.356000
1559.582000
1560.826000
1562.069000
1563.313000
1565.783000
1577.422000
1578.665000
1579.909000
1581.135000
1582.379000
1583.622000
1586.093000
1587.336000
1588.580000
1589.823000
1591.066000
1592.293000
1593.537000
1594.780000
1596.024000
1597.267000
1598.494000
1599.737000
1600.981000
1602.224000
1603.468000
1604.695000
1605.938000
1607.181000
1608.425000
1609.668000
1610.895000
1612.139000
1613.382000
1614.625000
1615.869000
1617.096000
1618.339000
1619.583000
1620.826000
1622.053000
1623.296000
1624.540000
1625.783000
1637.422000
1639.909000
1641.136000
1642.379000
1643.622000
1644.866000
1646.093000
1647.336000
1648.580000
1649.823000
1651.067000
1652.293000
1653.537000
1656.024000
1657.267000
1658.494000
1659.737000
1660.981000
1662.224000
1663.468000
1664.695000
1665.938000
1667.182000
1668.425000
1669.668000
1670.895000
1672.139000
1673.382000
1674.626000
1675.869000
1677.096000
1678.339000
1679.583000
1680.826000
1682.053000
1683.297000
1685.783000
1697.422000
1698.665000
1699.909000
1701.136000
1702.379000
1703.623000
1704.866000
1706.093000
1707.336000
1708.580000
1709.823000
1711.067000
1712.294000
1713.537000
1714.780000
1716.024000
1717.267000
1718.494000
1719.738000
1720.981000
1722.225000
1723.468000
1724.695000
1725.938000
1727.182000
1728.425000
1729.669000
1730.895000
1732.139000
1733.382000
1734.626000
1737.096000
1738.340000
1739.583000
1740.826000
1742.053000
1743.297000
1744.540000
1745.784000
