1771.007000
1773.494000
1775.965000
1779.695000
1780.922000
1782.165000
1784.652000
1787.122000
1793.323000
1795.810000
1799.524000
1800.767000
1808.211000
1842.165000
1843.409000
1847.123000
1848.366000
1850.853000
1854.567000
1855.810000
1857.054000
1859.524000
1862.011000
1864.481000
1869.455000
1871.925000
1886.051000
1887.294000
1889.764000
1897.208000
1900.922000
1902.166000
1910.853000
1919.524000
1920.767000
1933.169000
1949.764000
1953.495000
1957.209000
1967.123000
1977.054000
1982.011000
2017.209000
2023.409000
2025.880000
2030.853000
2033.324000
2046.968000
2050.682000
2051.926000
2068.521000
2082.166000
2092.080000
2094.567000
2095.811000
2097.054000
2100.768000
2102.011000
2106.969000
2113.169000
2132.252000
2155.811000
2157.054000
2158.281000
2162.012000
2163.255000
2168.212000
2169.456000
2174.413000
2188.522000
2191.009000
2192.252000
2194.722000
2199.696000
2208.367000
2210.854000
2215.811000
2223.255000
2224.482000
2230.683000
2248.522000
2254.722000
2258.436000
2259.680000
2262.167000
2264.637000
2265.880000
2268.367000
2269.594000
2275.795000
2280.768000
2284.482000
2286.969000
2288.196000
2289.439000
2320.923000
2323.394000
2324.637000
2338.282000
2341.995000
2346.953000
2348.196000
2351.926000
2372.236000
2373.479000
2374.723000
2384.637000
2389.594000
2392.081000
2393.325000
2401.996000
2411.927000
2414.397000
2434.723000
2435.966000
2437.193000
2439.680000
2448.368000
2449.595000
2454.568000
2459.525000
2465.726000
2473.154000
2474.397000
