310.662000
311.292000
311.905000
312.535000
313.149000
313.762000
314.392000
315.006000
315.636000
316.249000
316.863000
317.493000
318.106000
318.736000
319.349000
319.963000
320.593000
321.206000
321.820000
322.450000
323.063000
323.693000
324.307000
324.920000
325.550000
326.164000
326.794000
327.407000
328.020000
328.650000
329.264000
329.894000
330.507000
331.121000
331.751000
332.364000
332.994000
333.608000
334.221000
334.851000
335.464000
336.094000
336.708000
337.321000
337.951000
338.565000
339.195000
339.808000
340.422000
341.052000
341.665000
342.295000
342.909000
343.522000
344.152000
344.765000
345.395000
346.009000
346.622000
347.252000
347.866000
348.496000
349.109000
349.723000
350.353000
350.966000
351.596000
352.209000
352.823000
353.453000
354.066000
354.680000
355.310000
355.923000
356.553000
357.167000
357.780000
358.410000
370.049000
370.662000
371.292000
371.906000
372.536000
373.149000
373.762000
374.392000
375.006000
375.636000
376.249000
376.863000
377.493000
378.106000
378.720000
379.350000
379.963000
380.593000
381.207000
381.820000
382.450000
383.063000
383.693000
384.307000
384.920000
385.550000
386.164000
386.794000
387.407000
388.021000
388.651000
389.264000
389.894000
390.507000
391.121000
391.751000
392.364000
392.994000
393.608000
394.221000
394.851000
395.465000
396.095000
396.708000
397.322000
397.952000
398.565000
399.195000
399.808000
400.422000
401.052000
401.665000
402.909000
403.522000
404.152000
404.766000
405.396000
406.009000
406.622000
407.252000
407.866000
408.496000
409.109000
409.723000
410.353000
410.966000
411.580000
412.823000
413.453000
414.067000
414.680000
415.310000
415.923000
416.553000
417.167000
417.167000
417.780000
418.410000
429.419000
430.032000
430.662000
431.276000
433.763000
434.376000
435.006000
435.619000
436.233000
436.863000
437.476000
438.106000
438.720000
439.333000
439.963000
440.577000
441.207000
441.820000
442.434000
443.064000
443.677000
444.307000
444.920000
445.534000
446.164000
446.777000
447.407000
448.021000
448.634000
449.264000
449.878000
450.508000
451.121000
451.734000
452.364000
452.978000
453.608000
454.221000
454.835000
455.465000
456.078000
456.692000
457.322000
457.935000
458.565000
459.179000
459.792000
460.422000
461.035000
461.666000
462.279000
462.892000
463.522000
464.136000
465.379000
466.623000
467.236000
467.236000
468.479000
469.093000
469.723000
470.336000
470.966000
471.580000
472.193000
472.823000
473.437000
474.067000
474.680000
475.294000
475.924000
476.537000
477.167000
477.780000
478.394000
489.419000
490.032000
490.662000
491.276000
491.906000
492.519000
493.133000
493.763000
494.376000
495.006000
495.620000
496.233000
496.863000
497.477000
498.107000
498.720000
499.333000
499.963000
500.577000
501.207000
501.820000
502.434000
503.064000
503.677000
504.307000
504.921000
505.534000
506.164000
506.777000
507.407000
508.021000
508.634000
509.264000
509.878000
511.121000
511.735000
512.365000
512.978000
513.608000
514.222000
514.835000
515.465000
516.078000
516.692000
517.322000
517.935000
518.565000
519.179000
519.792000
520.422000
521.036000
521.666000
522.279000
522.892000
523.522000
524.136000
524.766000
525.379000
525.993000
526.623000
527.236000
527.866000
528.480000
529.093000
529.723000
530.337000
530.967000
531.580000
532.193000
532.823000
533.437000
534.067000
534.680000
535.294000
535.924000
536.537000
537.167000
537.781000
538.394000
550.033000
550.663000
551.276000
551.906000
552.519000
553.133000
553.763000
554.376000
555.006000
555.620000
556.233000
556.863000
557.477000
558.107000
558.720000
559.334000
559.964000
560.577000
561.207000
561.820000
562.434000
563.064000
563.677000
564.307000
564.921000
565.534000
566.164000
566.778000
567.408000
568.021000
568.634000
569.264000
569.878000
570.508000
571.121000
571.735000
572.365000
572.978000
573.592000
574.222000
574.835000
575.465000
576.079000
577.322000
577.935000
578.565000
579.179000
579.792000
580.422000
581.036000
581.666000
582.279000
582.279000
582.893000
583.523000
584.136000
584.766000
585.380000
585.993000
586.623000
587.236000
587.866000
588.480000
589.093000
589.723000
590.337000
590.967000
591.580000
592.194000
592.824000
593.437000
594.067000
594.680000
595.294000
595.924000
596.537000
597.167000
597.781000
598.394000
609.419000
610.663000
611.276000
611.906000
612.520000
612.520000
613.133000
613.763000
614.377000
615.620000
616.233000
616.863000
617.477000
618.107000
618.720000
619.334000
619.964000
620.577000
621.207000
622.434000
623.064000
623.678000
624.307000
624.921000
625.534000
626.164000
626.778000
627.408000
628.021000
628.635000
629.265000
629.878000
630.508000
631.122000
631.735000
632.365000
632.978000
633.592000
634.222000
634.835000
635.465000
636.079000
636.692000
637.322000
637.936000
638.566000
639.179000
639.792000
640.422000
641.036000
641.666000
642.279000
642.893000
643.523000
644.136000
644.766000
645.380000
645.993000
646.623000
647.237000
647.867000
648.480000
649.093000
649.723000
650.337000
650.967000
651.580000
652.194000
652.194000
653.437000
654.067000
654.681000
655.294000
655.924000
656.537000
657.167000
657.781000
658.394000
669.420000
670.663000
671.276000
671.906000
672.520000
672.520000
673.763000
674.377000
675.007000
675.620000
676.234000
676.864000
677.477000
678.107000
678.720000
679.334000
679.964000
681.207000
681.821000
682.434000
683.064000
683.678000
684.308000
685.535000
686.165000
686.778000
687.408000
688.021000
689.265000
690.492000
691.122000
691.735000
692.365000
692.979000
694.222000
694.835000
695.465000
696.079000
696.692000
697.322000
697.936000
698.566000
699.179000
700.423000
701.036000
701.666000
702.280000
702.893000
703.523000
704.136000
704.766000
705.380000
705.993000
706.623000
707.237000
707.867000
708.480000
709.094000
709.724000
710.337000
710.967000
711.580000
712.194000
712.824000
713.437000
714.067000
714.681000
715.294000
715.924000
716.538000
717.781000
718.395000
729.420000
730.050000
731.293000
731.907000
732.520000
733.150000
733.763000
734.393000
735.007000
735.620000
736.250000
736.864000
737.494000
738.107000
738.721000
739.351000
739.964000
740.594000
741.207000
741.821000
742.451000
743.694000
744.308000
744.921000
745.551000
746.165000
746.795000
747.408000
748.022000
748.652000
749.265000
749.895000
750.508000
751.122000
751.752000
752.365000
752.995000
753.609000
754.222000
754.852000
755.466000
756.096000
756.709000
757.322000
757.953000
758.566000
759.196000
759.809000
760.423000
761.053000
761.666000
762.280000
763.523000
764.153000
764.767000
765.380000
766.010000
766.623000
767.867000
768.480000
769.110000
769.724000
770.354000
770.967000
771.581000
772.211000
772.824000
773.454000
774.067000
774.681000
775.311000
775.924000
776.554000
777.168000
777.781000
778.411000
789.420000
790.050000
790.663000
791.293000
791.907000
792.520000
793.150000
794.394000
795.007000
795.620000
796.250000
796.864000
797.494000
798.107000
798.721000
799.351000
799.964000
800.594000
801.208000
801.821000
802.451000
803.065000
803.695000
804.308000
804.921000
805.551000
806.165000
806.795000
807.408000
808.022000
809.895000
810.509000
811.122000
811.752000
812.365000
812.995000
813.609000
814.222000
814.852000
815.466000
816.096000
816.709000
817.323000
817.953000
818.566000
819.196000
819.810000
820.423000
821.053000
821.667000
822.280000
822.910000
824.153000
824.767000
825.380000
826.010000
826.624000
827.254000
827.867000
828.480000
829.110000
829.724000
830.354000
830.967000
831.581000
832.211000
832.824000
833.454000
834.068000
834.681000
835.311000
835.925000
836.555000
837.168000
837.781000
838.411000
849.420000
850.034000
850.663000
851.277000
851.907000
852.520000
853.134000
853.764000
854.377000
855.007000
855.621000
856.234000
856.864000
857.477000
858.107000
858.721000
859.334000
859.964000
860.578000
861.208000
861.821000
862.435000
863.678000
864.308000
864.922000
865.535000
866.165000
866.778000
867.392000
868.022000
868.635000
869.265000
869.879000
870.492000
871.122000
871.736000
872.366000
872.979000
873.592000
874.223000
874.836000
875.466000
876.079000
876.693000
877.323000
878.566000
879.180000
879.793000
880.423000
881.037000
881.667000
882.280000
882.893000
883.523000
884.137000
884.767000
885.380000
885.994000
886.624000
887.867000
889.094000
890.968000
892.824000
893.438000
894.068000
894.681000
895.295000
895.925000
896.538000
897.168000
897.782000
898.395000
909.420000
910.664000
911.277000
911.907000
912.520000
913.134000
913.764000
914.377000
915.007000
915.621000
916.234000
916.864000
917.478000
918.108000
918.721000
919.335000
919.965000
920.578000
921.208000
921.821000
922.435000
923.065000
923.678000
924.292000
924.922000
925.535000
926.165000
926.779000
927.392000
928.022000
928.635000
929.265000
929.879000
930.492000
931.122000
931.736000
932.366000
932.979000
933.593000
934.223000
934.836000
935.466000
936.080000
936.693000
937.323000
937.936000
938.566000
939.180000
939.793000
940.423000
941.037000
941.667000
942.280000
942.894000
943.524000
944.137000
944.767000
945.380000
945.994000
947.237000
947.867000
948.481000
949.094000
949.724000
950.338000
950.968000
951.581000
952.195000
952.825000
953.438000
954.068000
954.681000
955.295000
955.925000
956.538000
957.152000
957.782000
958.395000
969.420000
970.034000
970.664000
971.277000
971.907000
973.134000
973.764000
974.378000
975.621000
976.234000
976.864000
977.478000
977.478000
978.108000
978.721000
979.335000
979.965000
980.578000
981.208000
981.822000
982.435000
982.435000
983.065000
983.678000
984.292000
984.922000
985.535000
986.165000
986.779000
987.392000
988.022000
988.636000
989.266000
989.879000
990.493000
991.123000
991.736000
992.366000
992.979000
993.593000
994.223000
994.836000
995.466000
996.080000
996.693000
997.323000
997.937000
998.567000
999.180000
999.793000
1000.423000
1001.037000
1001.667000
1002.280000
1002.894000
1003.524000
1004.137000
1004.767000
1005.381000
1005.994000
1006.624000
1007.238000
1007.868000
1008.481000
1009.094000
1009.724000
1010.338000
1010.968000
1011.581000
1012.195000
1012.825000
1013.438000
1014.052000
1014.682000
1015.295000
1015.925000
1016.538000
1017.152000
1017.782000
1018.395000
