1040.521000
1044.251000
1046.721000
1047.965000
1049.208000
1050.452000
1054.165000
1055.409000
1056.652000
1057.896000
1060.366000
1061.609000
1064.080000
1065.323000
1066.566000
1069.053000
1070.280000
1072.767000
1075.254000
1076.481000
1077.724000
1078.968000
1080.211000
1081.455000
1083.925000
1098.050000
1099.294000
1100.521000
1101.764000
1103.008000
1104.251000
1105.494000
1106.721000
1107.965000
1111.695000
1112.922000
1114.165000
1115.409000
1116.652000
1117.896000
1120.366000
1121.609000
1122.853000
1124.080000
1125.323000
1126.567000
1127.810000
1131.524000
1132.767000
1135.254000
1136.481000
1137.724000
1141.455000
1142.682000
1145.169000
1159.294000
1160.521000
1161.764000
1164.251000
1166.722000
1170.452000
1171.695000
1174.166000
1175.409000
1177.896000
1181.610000
1182.853000
1184.080000
1185.323000
1186.567000
1187.810000
1189.054000
1190.281000
1191.524000
1192.767000
1194.011000
1195.254000
1197.725000
1200.212000
1201.455000
1202.682000
1205.169000
1206.412000
1219.294000
1221.764000
1224.251000
1225.495000
1226.722000
1227.965000
1229.209000
1230.452000
1231.695000
1232.922000
1234.166000
1236.653000
1237.879000
1239.123000
1240.366000
1241.610000
1242.853000
1246.567000
1247.810000
1249.054000
1251.524000
1255.254000
1256.481000
1261.455000
1262.682000
1263.925000
1265.169000
1266.412000
1280.521000
1286.722000
1287.965000
1289.209000
1291.679000
1292.922000
1294.166000
1296.653000
1297.880000
1299.123000
1300.367000
1302.853000
1304.080000
1306.567000
1307.811000
1309.054000
1310.281000
1312.768000
1314.011000
1315.255000
1316.482000
1322.682000
1323.926000
1338.051000
1339.295000
1340.521000
1341.765000
1344.252000
1346.722000
1347.965000
1349.209000
1350.452000
1351.696000
1352.923000
1355.409000
1356.653000
1357.880000
1360.367000
1362.854000
1365.324000
1367.811000
1369.054000
1370.281000
1371.524000
1372.768000
1374.011000
1377.725000
1378.969000
1380.212000
1381.455000
1382.682000
1385.169000
1386.413000
1399.295000
1400.522000
1401.765000
1403.008000
1405.495000
1406.722000
1409.209000
1410.452000
1411.696000
1412.923000
1415.410000
1417.880000
1420.367000
1421.610000
1424.081000
1425.324000
1426.567000
1431.525000
1432.768000
1437.725000
1442.682000
1446.413000
1458.051000
1459.295000
1460.522000
1461.765000
1463.009000
1467.966000
1469.209000
1470.453000
1471.679000
1475.410000
1476.653000
1477.880000
1479.124000
1480.367000
1481.610000
1485.324000
1486.568000
1489.055000
1490.281000
1492.768000
1494.012000
1495.255000
1496.482000
1497.725000
1498.969000
1500.212000
1501.456000
1518.052000
1520.522000
1523.009000
1525.496000
1531.680000
1532.923000
1534.167000
1539.124000
1540.367000
1541.611000
1542.854000
1546.568000
1547.811000
1549.055000
1550.282000
1551.525000
1552.768000
1554.012000
1555.255000
1556.482000
1558.969000
1560.212000
1561.456000
1562.683000
1578.035000
1579.279000
1580.522000
1586.723000
1589.193000
1592.923000
1594.167000
1595.394000
1596.637000
1597.880000
1599.124000
1600.367000
1601.594000
1604.081000
1607.795000
1609.038000
1610.282000
1611.525000
1613.995000
1615.239000
1616.482000
1618.953000
1620.196000
1621.440000
1622.683000
1623.926000
1626.397000
1640.522000
1641.766000
1643.009000
1644.236000
1645.479000
1647.966000
1651.680000
1652.923000
1654.167000
1657.881000
1661.594000
1662.838000
1664.081000
1665.325000
1666.568000
1667.795000
1669.038000
1670.282000
1681.440000
1683.927000
1685.153000
1686.397000
1699.279000
1700.522000
1701.766000
1702.993000
1705.480000
1706.723000
1709.193000
1710.437000
1711.680000
1712.924000
1714.167000
1715.394000
1716.637000
1717.881000
1719.124000
1720.368000
1722.838000
1724.081000
1725.325000
1726.568000
1729.039000
1730.282000
1731.525000
1732.769000
1733.996000
1735.239000
1737.726000
1738.953000
1740.196000
1743.927000
