1038.664000
1039.907000
1040.521000
1041.764000
1042.394000
1043.007000
1043.621000
1044.251000
1044.864000
1046.108000
1046.721000
1047.351000
1047.965000
1048.595000
1049.208000
1049.821000
1050.452000
1051.065000
1052.308000
1052.922000
1054.165000
1054.795000
1055.409000
1056.022000
1056.652000
1057.266000
1057.896000
1058.509000
1059.122000
1059.752000
1060.366000
1060.996000
1061.609000
1062.223000
1063.466000
1064.080000
1064.710000
1065.323000
1065.953000
1066.566000
1067.180000
1067.810000
1068.423000
1069.053000
1069.667000
1070.280000
1070.910000
1071.524000
1072.154000
1072.767000
1073.381000
1074.011000
1074.624000
1075.254000
1075.867000
1076.481000
1077.111000
1077.724000
1078.354000
1078.968000
1079.581000
1080.211000
1080.825000
1081.455000
1082.068000
1082.681000
1083.312000
1083.925000
1084.555000
1085.168000
1085.782000
1086.412000
1097.420000
1098.050000
1098.664000
1099.294000
1099.907000
1100.521000
1100.521000
1101.151000
1101.764000
1102.394000
1103.008000
1103.621000
1104.251000
1104.864000
1105.494000
1106.108000
1106.721000
1107.351000
1107.965000
1108.595000
1109.208000
1109.822000
1110.452000
1111.065000
1111.695000
1112.309000
1112.922000
1113.552000
1114.165000
1114.795000
1115.409000
1116.022000
1116.652000
1117.266000
1117.896000
1118.509000
1119.753000
1120.366000
1120.996000
1121.609000
1122.223000
1122.853000
1123.466000
1124.080000
1124.710000
1125.323000
1125.953000
1126.567000
1127.180000
1127.810000
1128.424000
1129.054000
1129.667000
1130.280000
1130.910000
1131.524000
1132.154000
1132.767000
1133.381000
1134.011000
1134.624000
1135.254000
1135.868000
1136.481000
1137.111000
1137.724000
1138.354000
1138.968000
1139.581000
1140.211000
1140.825000
1141.455000
1142.068000
1142.682000
1143.312000
1144.555000
1145.169000
1145.782000
1157.421000
1158.664000
1159.294000
1159.907000
1160.521000
1161.151000
1161.764000
1162.394000
1163.008000
1163.621000
1164.251000
1164.865000
1165.495000
1166.108000
1166.722000
1167.352000
1167.965000
1168.595000
1169.208000
1169.822000
1170.452000
1171.065000
1171.695000
1172.309000
1172.922000
1173.552000
1174.166000
1174.796000
1175.409000
1176.022000
1176.652000
1177.266000
1177.896000
1178.509000
1179.123000
1179.753000
1180.366000
1181.610000
1182.223000
1182.853000
1183.467000
1184.080000
1184.710000
1185.323000
1185.953000
1186.567000
1187.180000
1187.810000
1188.424000
1189.054000
1189.667000
1190.281000
1190.911000
1191.524000
1192.154000
1192.767000
1193.381000
1194.011000
1194.624000
1195.254000
1195.868000
1196.481000
1197.111000
1197.725000
1198.355000
1198.968000
1199.582000
1200.212000
1200.825000
1201.455000
1202.068000
1202.682000
1203.312000
1204.555000
1205.169000
1205.782000
1206.412000
1217.421000
1218.051000
1218.664000
1219.294000
1219.908000
1221.151000
1221.764000
1222.395000
1223.008000
1223.621000
1224.251000
1224.865000
1225.495000
1226.108000
1226.722000
1227.352000
1227.965000
1228.595000
1229.209000
1229.822000
1230.452000
1231.695000
1232.309000
1232.922000
1234.166000
1234.796000
1236.023000
1236.653000
1237.266000
1237.879000
1238.509000
1239.123000
1239.753000
1240.366000
1240.980000
1241.610000
1242.223000
1242.853000
1243.467000
1244.080000
1244.710000
1245.324000
1245.954000
1246.567000
1247.180000
1247.810000
1248.424000
1249.054000
1251.524000
1252.154000
1254.011000
1254.624000
1255.254000
1255.868000
1256.481000
1257.111000
1258.355000
1258.968000
1259.582000
1260.825000
1261.455000
1262.069000
1262.682000
1263.312000
1263.925000
1264.555000
1265.169000
1265.782000
1266.412000
1277.421000
1278.664000
1279.908000
1280.521000
1281.151000
1281.765000
1282.395000
1283.008000
1283.622000
1284.252000
1284.865000
1286.108000
1286.722000
1287.352000
1287.965000
1289.209000
1289.822000
1290.452000
1291.066000
1291.679000
1292.309000
1292.922000
1293.552000
1294.166000
1294.796000
1296.023000
1296.653000
1297.266000
1297.880000
1298.510000
1299.123000
1299.753000
1300.367000
1300.367000
1300.980000
1301.610000
1302.223000
1302.853000
1303.467000
1304.080000
1304.710000
1305.324000
1305.954000
1306.567000
1307.181000
1307.811000
1308.424000
1309.054000
1309.667000
1310.281000
1310.911000
1311.524000
1312.154000
1312.768000
1313.381000
1314.011000
1314.625000
1315.255000
1315.868000
1316.482000
1317.112000
1317.725000
1318.355000
1319.582000
1320.825000
1322.682000
1323.312000
1323.926000
1324.556000
1325.782000
1326.412000
1337.421000
1338.051000
1338.664000
1339.295000
1339.908000
1340.521000
1341.151000
1341.765000
1342.395000
1343.008000
1343.622000
1344.252000
1344.865000
1346.109000
1346.722000
1347.352000
1347.965000
1348.595000
1349.209000
1349.822000
1350.452000
1351.066000
1351.696000
1352.309000
1352.923000
1354.166000
1354.796000
1355.409000
1356.023000
1356.653000
1357.266000
1357.880000
1358.510000
1359.123000
1359.753000
1360.367000
1360.980000
1361.610000
1362.224000
1362.854000
1363.467000
1364.080000
1364.710000
1365.324000
1365.954000
1366.567000
1367.181000
1367.811000
1368.424000
1369.054000
1369.668000
1370.281000
1370.911000
1371.524000
1372.155000
1372.768000
1373.381000
1374.011000
1374.625000
1375.255000
1375.868000
1376.482000
1377.112000
1377.725000
1378.355000
1378.969000
1379.582000
1380.212000
1380.825000
1381.455000
1382.069000
1382.682000
1383.312000
1383.926000
1384.556000
1385.169000
1385.783000
1386.413000
1397.421000
1398.665000
1399.295000
1399.908000
1400.522000
1401.152000
1401.765000
1402.395000
1403.008000
1403.622000
1404.252000
1404.865000
1405.495000
1406.109000
1406.722000
1407.352000
1407.966000
1408.596000
1409.209000
1409.822000
1410.452000
1411.066000
1411.696000
1412.309000
1412.923000
1413.553000
1414.166000
1414.780000
1415.410000
1415.410000
1416.023000
1416.653000
1417.267000
1417.880000
1418.510000
1419.123000
1419.753000
1420.367000
1420.980000
1421.610000
1422.224000
1423.467000
1424.081000
1424.711000
1425.324000
1425.954000
1426.567000
1427.181000
1427.811000
1428.424000
1429.054000
1429.668000
1430.911000
1431.525000
1432.155000
1432.768000
1433.382000
1434.012000
1434.625000
1435.255000
1435.868000
1436.482000
1437.112000
1437.725000
1438.969000
1439.582000
1440.826000
1441.456000
1442.069000
1442.682000
1443.312000
1444.556000
1445.169000
1445.783000
1446.413000
1457.421000
1458.051000
1458.665000
1459.295000
1459.908000
1460.522000
1461.152000
1461.765000
1462.395000
1463.009000
1464.252000
1464.865000
1466.109000
1466.722000
1467.352000
1467.966000
1468.596000
1469.209000
1469.823000
1470.453000
1471.066000
1471.679000
1472.310000
1472.923000
1473.553000
1474.780000
1475.410000
1476.023000
1476.653000
1477.267000
1477.880000
1478.510000
1479.124000
1479.754000
1480.367000
1480.980000
1481.610000
1482.224000
1482.854000
1483.467000
1484.081000
1484.711000
1485.324000
1485.954000
1486.568000
1487.181000
1487.811000
1488.424000
1489.055000
1490.281000
1490.911000
1491.525000
1492.155000
1492.768000
1493.382000
1494.012000
1494.625000
1495.255000
1495.869000
1496.482000
1497.112000
1497.725000
1498.355000
1498.969000
1499.582000
1500.212000
1500.826000
1501.456000
1502.069000
1502.683000
1503.313000
1503.926000
1504.539000
1505.783000
1517.422000
1518.052000
1518.665000
1519.295000
1519.908000
1520.522000
1521.152000
1521.765000
1522.395000
1523.009000
1523.622000
1524.866000
1525.496000
1526.109000
1527.352000
1527.966000
1528.596000
1529.823000
1531.066000
1531.680000
1532.310000
1532.923000
1533.553000
1534.167000
1534.780000
1536.023000
1536.653000
1537.267000
1537.880000
1538.510000
1539.124000
1539.754000
1540.367000
1540.981000
1541.611000
1542.224000
1542.854000
1543.467000
1544.081000
1544.711000
1545.324000
1545.954000
1546.568000
1547.181000
1547.811000
1548.425000
1549.055000
1549.668000
1550.282000
1550.912000
1551.525000
1552.155000
1552.768000
1553.382000
1554.012000
1554.625000
1555.255000
1555.869000
1556.482000
1557.112000
1557.726000
1558.356000
1558.969000
1559.582000
1560.212000
1560.826000
1561.456000
1562.069000
1562.683000
1563.313000
1565.783000
1577.422000
1578.035000
1578.665000
1579.279000
1579.909000
1580.522000
1581.135000
1581.765000
1582.379000
1583.622000
1584.236000
1586.093000
1586.723000
1587.336000
1588.580000
1589.193000
1589.823000
1591.066000
1591.680000
1592.293000
1592.923000
1593.537000
1594.167000
1594.780000
1595.394000
1596.024000
1596.637000
1597.267000
1597.880000
1598.494000
1599.124000
1599.737000
1600.367000
1600.981000
1601.594000
1602.224000
1602.838000
1603.468000
1604.081000
1604.695000
1605.938000
1606.568000
1607.181000
1607.795000
1608.425000
1609.038000
1609.668000
1610.282000
1610.895000
1611.525000
1612.139000
1612.769000
1613.382000
1613.995000
1614.625000
1615.239000
1615.239000
1615.869000
1616.482000
1617.096000
1617.726000
1618.339000
1618.953000
1619.583000
1620.196000
1620.826000
1621.440000
1622.053000
1622.683000
1623.296000
1623.926000
1624.540000
1625.153000
1625.783000
1626.397000
1637.422000
1638.035000
1639.279000
1639.909000
1640.522000
1641.136000
1641.766000
1642.379000
1643.009000
1643.622000
1644.236000
1644.866000
1645.479000
1646.093000
1646.723000
1647.336000
1647.966000
1648.580000
1649.193000
1649.823000
1650.437000
1651.067000
1651.680000
1652.293000
1652.923000
1653.537000
1654.167000
1656.024000
1656.637000
1657.267000
1657.881000
1658.494000
1659.124000
1659.737000
1660.981000
1661.594000
1662.224000
1662.838000
1663.468000
1664.081000
1664.695000
1665.325000
1665.938000
1666.568000
1667.182000
1667.795000
1668.425000
1669.038000
1669.668000
1670.282000
1670.895000
1671.525000
1672.139000
1673.382000
1673.996000
1674.626000
1675.869000
1676.483000
1677.096000
1677.726000
1678.339000
1678.953000
1679.583000
1680.196000
1680.826000
1681.440000
1682.053000
1682.683000
1683.297000
1683.927000
1685.153000
1685.783000
1686.397000
1697.422000
1698.035000
1698.665000
1699.279000
1699.909000
1700.522000
1701.136000
1701.766000
1702.379000
1702.993000
1703.623000
1704.236000
1704.866000
1705.480000
1706.093000
1706.723000
1707.336000
1707.966000
1708.580000
1709.193000
1709.823000
1710.437000
1711.067000
1711.680000
1712.294000
1712.924000
1713.537000
1714.167000
1714.780000
1715.394000
1716.024000
1716.637000
1717.267000
1717.881000
1718.494000
1719.124000
1719.738000
1720.368000
1720.981000
1722.225000
1722.838000
1723.468000
1724.081000
1724.695000
1725.325000
1725.325000
1725.938000
1726.568000
1727.182000
1727.795000
1728.425000
1729.039000
1729.669000
1730.282000
1730.895000
1731.525000
1732.139000
1732.769000
1733.382000
1733.996000
1734.626000
1735.239000
1736.483000
1737.096000
1737.726000
1738.340000
1738.953000
1739.583000
1740.196000
1740.826000
1742.053000
1742.683000
1743.297000
1743.927000
1744.540000
1745.784000
