10.048000
10.661000
11.291000
11.905000
12.535000
13.148000
14.391000
15.005000
15.635000
16.248000
16.862000
17.492000
18.105000
18.735000
19.349000
19.962000
20.592000
21.206000
22.449000
23.062000
23.692000
24.306000
24.936000
25.549000
26.793000
27.406000
28.020000
28.650000
29.893000
31.120000
31.750000
32.363000
32.993000
33.607000
34.220000
34.850000
35.464000
36.094000
36.707000
37.321000
37.951000
38.564000
39.194000
39.807000
40.421000
41.051000
42.294000
43.521000
44.151000
44.765000
45.395000
46.008000
46.621000
47.251000
47.865000
48.495000
49.108000
49.722000
50.352000
50.965000
51.595000
52.822000
53.452000
54.066000
54.696000
55.922000
56.552000
57.166000
57.796000
58.409000
69.434000
70.048000
70.661000
71.291000
72.535000
73.762000
74.392000
75.635000
76.249000
76.862000
77.492000
78.105000
78.735000
79.349000
79.962000
80.592000
81.206000
81.836000
82.449000
83.063000
83.693000
84.306000
84.936000
85.549000
86.163000
86.793000
87.406000
88.020000
88.650000
89.263000
89.893000
90.507000
91.120000
92.364000
92.994000
93.607000
94.220000
94.850000
95.464000
96.094000
96.707000
97.321000
97.951000
101.051000
101.665000
102.294000
102.908000
103.521000
104.151000
105.395000
106.008000
106.622000
107.865000
108.495000
109.109000
109.722000
110.352000
110.965000
111.595000
112.209000
112.822000
114.066000
114.696000
115.309000
115.923000
116.553000
117.166000
117.796000
118.409000
129.435000
130.048000
130.661000
131.291000
131.905000
132.535000
133.148000
133.762000
134.392000
135.005000
135.635000
136.249000
136.862000
137.492000
138.736000
139.349000
139.962000
140.592000
141.206000
141.836000
142.449000
143.693000
144.306000
145.550000
146.163000
147.407000
148.020000
148.650000
149.263000
149.893000
151.120000
151.750000
152.364000
152.994000
153.607000
154.221000
154.851000
155.464000
156.094000
156.707000
157.321000
157.951000
158.564000
159.194000
159.808000
160.421000
161.051000
161.665000
162.295000
162.908000
163.521000
164.152000
164.765000
166.008000
166.622000
167.252000
167.865000
168.495000
169.109000
169.722000
170.352000
171.596000
172.209000
172.822000
173.452000
174.066000
174.696000
175.309000
175.923000
176.553000
177.166000
177.780000
178.410000
189.435000
190.048000
190.662000
191.292000
191.905000
192.535000
193.149000
193.762000
194.392000
195.005000
195.635000
196.249000
196.862000
197.492000
198.106000
198.736000
199.349000
199.963000
200.593000
201.206000
201.836000
202.449000
203.063000
203.693000
204.306000
204.920000
205.550000
206.163000
206.793000
207.407000
208.020000
208.650000
209.264000
209.894000
210.507000
211.120000
211.750000
212.364000
213.607000
214.221000
214.851000
215.464000
216.094000
217.321000
217.951000
218.564000
219.194000
219.808000
220.421000
221.051000
221.665000
222.295000
222.908000
223.522000
224.152000
224.765000
225.395000
226.009000
226.622000
227.252000
227.865000
228.495000
229.109000
230.966000
231.596000
232.209000
233.453000
234.066000
234.696000
235.309000
235.923000
236.553000
237.166000
237.780000
238.410000
249.435000
250.048000
251.292000
251.905000
252.535000
253.762000
254.392000
255.636000
256.249000
256.862000
257.492000
258.106000
258.736000
259.349000
259.963000
260.593000
261.206000
261.820000
262.450000
263.063000
263.693000
264.307000
264.920000
265.550000
266.163000
266.793000
268.020000
269.264000
269.894000
270.507000
271.121000
271.751000
272.364000
272.994000
273.607000
274.221000
274.851000
275.464000
276.094000
276.708000
277.321000
277.951000
278.565000
279.195000
279.808000
280.421000
281.051000
281.665000
282.295000
282.908000
283.522000
284.152000
284.765000
285.395000
286.009000
286.622000
287.252000
287.866000
288.496000
289.109000
289.722000
290.966000
292.209000
292.823000
293.453000
294.066000
294.680000
295.310000
295.923000
296.553000
297.167000
297.780000
