316.249000
319.963000
324.920000
326.164000
327.407000
331.121000
338.565000
339.808000
354.680000
372.536000
375.006000
376.249000
378.720000
384.920000
404.766000
417.167000
442.434000
443.677000
449.878000
451.121000
454.835000
461.035000
467.236000
469.723000
503.677000
504.921000
509.878000
512.365000
519.792000
522.279000
550.033000
559.964000
561.207000
562.434000
563.677000
567.408000
576.079000
577.322000
579.792000
582.279000
612.520000
623.678000
626.164000
627.408000
628.635000
638.566000
641.036000
647.237000
648.480000
649.723000
652.194000
653.437000
655.924000
672.520000
682.434000
691.122000
692.365000
694.835000
697.322000
701.036000
705.993000
713.437000
730.050000
733.763000
736.250000
741.207000
749.895000
764.767000
775.924000
790.050000
799.964000
802.451000
803.695000
804.921000
821.053000
834.681000
838.411000
861.208000
867.392000
893.438000
918.721000
926.165000
938.566000
939.793000
954.681000
955.925000
977.478000
978.721000
982.435000
984.922000
991.123000
993.593000
1001.037000
1009.724000
1014.682000
1017.152000
