1041.764000
1043.007000
1052.922000
1059.122000
1067.810000
1071.524000
1074.011000
1082.681000
1085.168000
1086.412000
1100.521000
1109.208000
1110.452000
1129.054000
1130.280000
1134.011000
1138.968000
1140.211000
1163.008000
1165.495000
1167.965000
1169.208000
1172.922000
1176.652000
1179.123000
1180.366000
1196.481000
1198.968000
1218.051000
1223.008000
1244.080000
1245.324000
1254.011000
1258.968000
1281.765000
1283.008000
1284.252000
1290.452000
1300.367000
1301.610000
1305.324000
1311.524000
1317.725000
1326.412000
1343.008000
1354.166000
1359.123000
1361.610000
1364.080000
1366.567000
1375.255000
1376.482000
1383.926000
1404.252000
1407.966000
1414.166000
1415.410000
1416.653000
1419.123000
1427.811000
1429.054000
1434.012000
1435.255000
1436.482000
1438.969000
1441.456000
1445.169000
1464.252000
1466.722000
1472.923000
1482.854000
1484.081000
1487.811000
1491.525000
1502.683000
1503.926000
1519.295000
1521.765000
1527.966000
1536.653000
1537.880000
1544.081000
1545.324000
1557.726000
1581.765000
1584.236000
1591.680000
1602.838000
1606.568000
1612.769000
1615.239000
1617.726000
1625.153000
1638.035000
1639.279000
1646.723000
1649.193000
1650.437000
1656.637000
1659.124000
1671.525000
1673.996000
1676.483000
1677.726000
1678.953000
1680.196000
1682.683000
1698.035000
1704.236000
1707.966000
1725.325000
1727.795000
1736.483000
1742.683000
