310.662000
311.905000
313.149000
314.392000
315.636000
316.863000
318.106000
319.349000
320.593000
321.820000
323.063000
324.307000
325.550000
326.794000
328.020000
329.264000
330.507000
331.751000
332.994000
334.221000
335.464000
336.708000
337.951000
339.195000
340.422000
341.665000
342.909000
344.152000
345.395000
346.622000
347.866000
349.109000
350.353000
351.596000
352.823000
354.066000
355.310000
356.553000
357.780000
370.662000
371.906000
373.149000
374.392000
375.636000
376.863000
378.106000
379.350000
380.593000
381.820000
383.063000
384.307000
385.550000
386.794000
388.021000
389.264000
390.507000
391.751000
392.994000
394.221000
395.465000
396.708000
397.952000
399.195000
400.422000
401.665000
402.909000
404.152000
405.396000
406.622000
407.866000
409.109000
410.353000
411.580000
412.823000
414.067000
415.310000
416.553000
417.780000
429.419000
430.662000
434.376000
435.619000
436.863000
438.106000
439.333000
440.577000
441.820000
443.064000
444.307000
445.534000
446.777000
448.021000
449.264000
450.508000
451.734000
452.978000
454.221000
455.465000
456.692000
457.935000
459.179000
460.422000
461.666000
462.892000
464.136000
465.379000
466.623000
469.093000
470.336000
471.580000
472.823000
474.067000
475.294000
476.537000
477.780000
489.419000
490.662000
491.906000
493.133000
494.376000
495.620000
496.863000
498.107000
499.333000
500.577000
501.820000
503.064000
504.307000
505.534000
506.777000
508.021000
509.264000
511.735000
512.978000
514.222000
515.465000
516.692000
517.935000
519.179000
520.422000
521.666000
522.892000
524.136000
525.379000
526.623000
527.866000
529.093000
530.337000
531.580000
532.823000
534.067000
535.294000
536.537000
537.781000
550.663000
551.906000
553.133000
554.376000
555.620000
556.863000
558.107000
559.334000
560.577000
561.820000
563.064000
564.307000
565.534000
566.778000
568.021000
569.264000
570.508000
571.735000
572.978000
574.222000
575.465000
577.935000
579.179000
580.422000
581.666000
582.893000
584.136000
585.380000
586.623000
587.866000
589.093000
590.337000
591.580000
592.824000
594.067000
595.294000
596.537000
597.781000
609.419000
610.663000
611.906000
613.133000
614.377000
615.620000
616.863000
618.107000
619.334000
620.577000
623.064000
624.307000
625.534000
626.778000
628.021000
629.265000
630.508000
631.735000
632.978000
634.222000
635.465000
636.692000
637.936000
639.179000
640.422000
641.666000
642.893000
644.136000
645.380000
646.623000
647.867000
649.093000
650.337000
651.580000
654.067000
655.294000
656.537000
657.781000
669.420000
670.663000
671.906000
674.377000
675.620000
676.864000
678.107000
679.334000
681.821000
683.064000
684.308000
685.535000
686.778000
688.021000
689.265000
690.492000
691.735000
692.979000
694.222000
695.465000
696.692000
697.936000
699.179000
700.423000
701.666000
702.893000
704.136000
705.380000
706.623000
707.867000
709.094000
710.337000
711.580000
712.824000
714.067000
715.294000
716.538000
717.781000
729.420000
731.907000
733.150000
734.393000
735.620000
736.864000
738.107000
739.351000
740.594000
741.821000
744.308000
745.551000
746.795000
748.022000
749.265000
750.508000
751.752000
752.995000
754.222000
755.466000
756.709000
757.953000
759.196000
760.423000
761.666000
764.153000
765.380000
766.623000
767.867000
769.110000
770.354000
771.581000
772.824000
774.067000
775.311000
776.554000
777.781000
789.420000
790.663000
791.907000
793.150000
794.394000
795.620000
796.864000
798.107000
799.351000
800.594000
801.821000
803.065000
804.308000
805.551000
806.795000
808.022000
810.509000
811.752000
812.995000
814.222000
815.466000
816.709000
817.953000
819.196000
820.423000
821.667000
822.910000
824.153000
825.380000
826.624000
827.867000
829.110000
830.354000
831.581000
832.824000
834.068000
835.311000
836.555000
837.781000
849.420000
850.663000
851.907000
853.134000
854.377000
855.621000
856.864000
858.107000
859.334000
860.578000
861.821000
864.308000
865.535000
866.778000
868.022000
869.265000
870.492000
871.736000
872.979000
874.223000
875.466000
876.693000
879.180000
880.423000
881.667000
882.893000
884.137000
885.380000
886.624000
887.867000
889.094000
892.824000
894.068000
895.295000
896.538000
897.782000
909.420000
910.664000
911.907000
913.134000
914.377000
915.621000
916.864000
918.108000
919.335000
920.578000
921.821000
923.065000
924.292000
925.535000
926.779000
928.022000
929.265000
930.492000
931.736000
932.979000
934.223000
935.466000
936.693000
937.936000
939.180000
940.423000
941.667000
942.894000
944.137000
945.380000
947.867000
949.094000
950.338000
951.581000
952.825000
954.068000
955.295000
956.538000
957.782000
969.420000
970.664000
971.907000
973.134000
974.378000
975.621000
976.864000
978.108000
979.335000
980.578000
981.822000
983.065000
984.292000
985.535000
986.779000
988.022000
989.266000
990.493000
991.736000
992.979000
994.223000
995.466000
996.693000
997.937000
999.180000
1000.423000
1001.667000
1002.894000
1004.137000
1005.381000
1006.624000
1007.868000
1009.094000
1010.338000
1011.581000
1012.825000
1014.052000
1015.295000
1016.538000
1017.782000
