311.292000
312.535000
313.762000
315.006000
317.493000
318.736000
321.206000
322.450000
323.693000
328.650000
329.894000
332.364000
333.608000
334.851000
336.094000
337.321000
341.052000
342.295000
343.522000
344.765000
346.009000
347.252000
348.496000
349.723000
350.966000
352.209000
353.453000
355.923000
357.167000
358.410000
370.049000
371.292000
373.762000
377.493000
379.963000
381.207000
382.450000
383.693000
386.164000
387.407000
388.651000
389.894000
391.121000
392.364000
393.608000
394.851000
396.095000
397.322000
398.565000
399.808000
401.052000
403.522000
406.009000
407.252000
408.496000
409.723000
410.966000
413.453000
414.680000
415.923000
417.167000
418.410000
430.032000
431.276000
433.763000
435.006000
436.233000
437.476000
438.720000
439.963000
441.207000
444.920000
446.164000
447.407000
448.634000
452.364000
453.608000
456.078000
457.322000
458.565000
459.792000
462.279000
463.522000
467.236000
468.479000
470.966000
472.193000
473.437000
474.680000
475.924000
477.167000
478.394000
490.032000
491.276000
492.519000
493.763000
495.006000
496.233000
497.477000
498.720000
499.963000
501.207000
502.434000
506.164000
507.407000
508.634000
511.121000
513.608000
514.835000
516.078000
517.322000
518.565000
521.036000
523.522000
524.766000
525.993000
527.236000
528.480000
529.723000
530.967000
532.193000
533.437000
534.680000
535.924000
537.167000
538.394000
551.276000
552.519000
553.763000
555.006000
556.233000
557.477000
558.720000
564.921000
566.164000
568.634000
569.878000
571.121000
572.365000
573.592000
574.835000
578.565000
581.036000
582.279000
583.523000
584.766000
585.993000
587.236000
588.480000
589.723000
590.967000
592.194000
593.437000
594.680000
595.924000
597.167000
598.394000
611.276000
612.520000
613.763000
616.233000
617.477000
618.720000
619.964000
621.207000
622.434000
624.921000
629.878000
631.122000
632.365000
633.592000
634.835000
636.079000
637.322000
639.792000
642.279000
643.523000
644.766000
645.993000
650.967000
652.194000
654.681000
657.167000
658.394000
671.276000
672.520000
673.763000
675.007000
676.234000
677.477000
678.720000
679.964000
681.207000
683.678000
686.165000
687.408000
696.079000
698.566000
702.280000
703.523000
704.766000
707.237000
708.480000
709.724000
710.967000
712.194000
714.681000
715.924000
718.395000
731.293000
732.520000
735.007000
737.494000
738.721000
739.964000
742.451000
743.694000
744.921000
746.165000
747.408000
748.652000
751.122000
752.365000
753.609000
754.852000
756.096000
757.322000
758.566000
759.809000
761.053000
762.280000
763.523000
766.010000
768.480000
769.724000
770.967000
772.211000
773.454000
774.681000
777.168000
778.411000
791.293000
792.520000
795.007000
796.250000
797.494000
798.721000
801.208000
806.165000
807.408000
809.895000
811.122000
812.365000
813.609000
814.852000
816.096000
817.323000
818.566000
819.810000
822.280000
824.767000
826.010000
827.254000
828.480000
829.724000
830.967000
832.211000
833.454000
835.925000
837.168000
850.034000
851.277000
852.520000
853.764000
855.007000
856.234000
857.477000
858.721000
859.964000
862.435000
863.678000
864.922000
866.165000
868.635000
869.879000
871.122000
872.366000
873.592000
874.836000
876.079000
877.323000
878.566000
879.793000
881.037000
882.280000
883.523000
884.767000
885.994000
890.968000
894.681000
895.925000
897.168000
898.395000
911.277000
912.520000
913.764000
915.007000
916.234000
917.478000
919.965000
921.208000
922.435000
923.678000
924.922000
927.392000
928.635000
929.879000
931.122000
932.366000
933.593000
934.836000
936.080000
937.323000
941.037000
942.280000
943.524000
944.767000
945.994000
947.237000
948.481000
949.724000
950.968000
952.195000
953.438000
957.152000
958.395000
970.034000
971.277000
973.764000
976.234000
977.478000
979.965000
981.208000
982.435000
983.678000
986.165000
987.392000
988.636000
989.879000
992.366000
994.836000
996.080000
997.323000
998.567000
999.793000
1002.280000
1003.524000
1004.767000
1005.994000
1007.238000
1008.481000
1010.968000
1012.195000
1013.438000
1015.925000
1018.395000
