1767.294000
1768.521000
1769.764000
1772.251000
1774.721000
1778.451000
1783.409000
1785.896000
1789.609000
1790.853000
1792.080000
1793.323000
1794.566000
1797.053000
1798.280000
1802.011000
1803.254000
1804.481000
1806.968000
1808.211000
1809.455000
1810.681000
1811.925000
1813.168000
1814.412000
1826.050000
1827.294000
1828.521000
1829.764000
1831.008000
1832.251000
1833.494000
1834.721000
1835.965000
1837.208000
1838.452000
1839.695000
1840.922000
1843.409000
1844.652000
1845.896000
1849.609000
1852.080000
1858.280000
1860.767000
1863.254000
1866.968000
1868.211000
1870.682000
1873.169000
1891.008000
1892.251000
1893.495000
1894.721000
1895.965000
1898.452000
1899.695000
1903.409000
1904.652000
1905.896000
1907.123000
1908.366000
1909.610000
1912.080000
1913.323000
1914.567000
1917.054000
1918.281000
1922.011000
1923.254000
1924.481000
1925.725000
1926.968000
1928.212000
1929.455000
1930.682000
1931.925000
1934.412000
1946.051000
1947.294000
1948.521000
1951.008000
1952.251000
1953.495000
1954.722000
1955.965000
1958.452000
1959.695000
1960.922000
1962.166000
1963.409000
1965.896000
1968.366000
1969.610000
1970.853000
1972.080000
1975.810000
1978.281000
1979.524000
1980.768000
1983.254000
1985.725000
1986.968000
1989.455000
1990.682000
1991.925000
1993.169000
1994.412000
2007.294000
2008.521000
2009.765000
2011.008000
2013.495000
2014.722000
2015.965000
2019.696000
2020.922000
2022.166000
2024.653000
2027.123000
2028.367000
2029.610000
2032.080000
2034.567000
2035.811000
2037.054000
2038.281000
2039.524000
2040.768000
2042.011000
2045.725000
2049.455000
2053.169000
2054.412000
2066.051000
2067.294000
2069.765000
2071.008000
2073.495000
2074.722000
2075.965000
2077.209000
2078.452000
2080.923000
2083.410000
2084.653000
2085.880000
2087.123000
2089.610000
2090.854000
2093.324000
2098.281000
2099.525000
2105.725000
2108.212000
2109.455000
2110.682000
2111.926000
2114.413000
2127.295000
2128.521000
2129.765000
2131.008000
2133.495000
2134.722000
2135.966000
2138.452000
2139.696000
2140.923000
2143.410000
2144.653000
2145.880000
2147.123000
2148.367000
2152.081000
2159.525000
2160.768000
2165.725000
2171.926000
2173.169000
2186.051000
2187.295000
2189.765000
2193.495000
2195.966000
2197.209000
2200.923000
2202.166000
2203.410000
2204.653000
2205.897000
2207.124000
2212.081000
2214.568000
2217.055000
2218.281000
2219.525000
2220.768000
2225.725000
2226.969000
2228.212000
2229.456000
2233.169000
2234.413000
2247.278000
2249.765000
2251.009000
2252.236000
2253.479000
2260.923000
2263.393000
2267.124000
2272.081000
2274.568000
2277.038000
2278.282000
2279.525000
2281.995000
2283.239000
2285.726000
2290.683000
2291.926000
2293.153000
2294.397000
2306.035000
2307.279000
2308.522000
2309.765000
2311.009000
2314.723000
2315.966000
2317.193000
2318.436000
2319.680000
2322.167000
2325.880000
2327.124000
2328.367000
2329.594000
2330.838000
2332.081000
2333.324000
2339.525000
2340.769000
2343.239000
2344.482000
2345.726000
2349.439000
2354.397000
2366.035000
2367.279000
2368.522000
2369.766000
2371.009000
2375.966000
2377.193000
2378.437000
2379.680000
2380.923000
2382.167000
2383.394000
2385.881000
2387.124000
2388.367000
2390.838000
2395.795000
2397.038000
2399.525000
2400.769000
2403.239000
2404.482000
2405.726000
2406.953000
2408.196000
2409.440000
2410.683000
2413.153000
2426.035000
2427.279000
2428.522000
2430.993000
2432.236000
2433.480000
2438.437000
2442.167000
2443.394000
2444.637000
2447.124000
2450.838000
2453.325000
2455.795000
2457.039000
2458.282000
2460.769000
2461.996000
2463.239000
2466.953000
2468.196000
2469.440000
2470.683000
2471.927000
