1034.328000
1034.941000
1035.571000
1036.185000
1036.815000
1037.428000
1038.041000
1038.671000
1039.285000
1039.915000
1040.528000
1041.142000
1041.772000
1042.385000
1043.015000
1043.629000
1044.242000
1044.872000
1045.486000
1046.116000
1046.729000
1047.342000
1047.972000
1048.586000
1049.216000
1049.829000
1050.443000
1051.073000
1051.686000
1052.300000
1052.930000
1053.543000
1054.173000
1054.786000
1055.400000
1056.030000
1056.643000
1057.273000
1057.887000
1058.500000
1059.130000
1059.744000
1060.374000
1060.987000
1061.601000
1062.231000
1062.844000
1063.474000
1064.087000
1064.701000
1065.331000
1065.944000
1066.574000
1067.188000
1067.801000
1068.431000
1069.045000
1069.675000
1070.288000
1070.901000
1071.531000
1072.145000
1072.775000
1073.388000
1074.002000
1074.632000
1075.245000
1075.875000
1076.489000
1077.102000
1077.732000
1078.346000
1078.976000
1079.589000
1080.202000
1080.832000
1081.446000
1082.076000
1082.689000
1083.303000
1083.933000
1084.546000
1085.160000
1085.790000
1086.403000
1094.328000
1094.941000
1095.571000
1096.185000
1096.815000
1097.428000
1098.042000
1098.672000
1099.285000
1099.915000
1100.529000
1101.142000
1101.772000
1102.385000
1103.015000
1103.629000
1104.242000
1104.872000
1105.486000
1106.116000
1106.729000
1107.343000
1107.973000
1108.586000
1109.216000
1109.829000
1110.443000
1111.073000
1111.686000
1112.300000
1112.930000
1113.543000
1114.173000
1114.787000
1115.400000
1116.030000
1116.644000
1117.274000
1117.887000
1118.500000
1119.130000
1119.744000
1120.374000
1120.987000
1121.601000
1122.231000
1122.844000
1123.474000
1124.088000
1124.701000
1125.331000
1125.944000
1126.574000
1127.188000
1127.801000
1128.431000
1129.045000
1129.675000
1130.288000
1130.902000
1131.532000
1132.145000
1132.775000
1133.389000
1134.002000
1134.632000
1135.245000
1135.875000
1136.489000
1137.102000
1137.732000
1138.346000
1138.976000
1139.589000
1140.203000
1140.833000
1141.446000
1142.076000
1142.689000
1143.303000
1143.933000
1144.546000
1145.160000
1145.790000
1146.403000
1154.328000
1154.942000
1155.571000
1156.185000
1156.815000
1157.428000
1158.042000
1158.672000
1159.285000
1159.915000
1160.529000
1161.142000
1161.772000
1162.386000
1163.016000
1163.629000
1164.242000
1164.872000
1165.486000
1166.116000
1166.729000
1167.343000
1167.973000
1168.586000
1169.200000
1169.830000
1170.443000
1171.073000
1171.687000
1172.300000
1172.930000
1173.543000
1174.173000
1174.787000
1175.400000
1176.030000
1176.644000
1177.274000
1177.887000
1178.501000
1179.131000
1179.744000
1180.374000
1180.987000
1181.601000
1182.231000
1182.844000
1183.474000
1184.088000
1184.701000
1185.331000
1185.945000
1186.575000
1187.188000
1187.801000
1188.431000
1189.045000
1189.675000
1190.288000
1190.902000
1191.532000
1192.145000
1192.775000
1193.389000
1194.002000
1194.632000
1195.246000
1195.876000
1196.489000
1197.102000
1197.732000
1198.346000
1198.976000
1199.589000
1200.203000
1200.833000
1201.446000
1202.060000
1202.690000
1203.303000
1203.933000
1204.546000
1205.160000
1205.790000
1206.403000
1214.312000
1214.942000
1215.555000
1216.185000
1216.799000
1217.412000
1218.042000
1218.655000
1219.285000
1219.899000
1220.512000
1221.142000
1221.756000
1222.386000
1222.999000
1223.613000
1224.243000
1224.856000
1225.486000
1226.099000
1226.713000
1227.343000
1227.956000
1228.586000
1229.200000
1229.813000
1230.443000
1231.057000
1231.687000
1232.300000
1232.914000
1233.544000
1234.157000
1234.787000
1235.400000
1236.014000
1236.644000
1237.257000
1237.887000
1238.501000
1239.114000
1239.744000
1240.358000
1240.988000
1241.601000
1242.214000
1242.844000
1243.458000
1244.088000
1244.701000
1245.315000
1245.945000
1246.558000
1247.172000
1247.802000
1248.415000
1249.045000
1249.659000
1250.272000
1250.902000
1251.515000
1252.145000
1252.759000
1253.372000
1254.002000
1254.616000
1255.246000
1255.859000
1256.473000
1257.103000
1257.716000
1258.346000
1258.959000
1259.573000
1260.203000
1260.816000
1261.446000
1262.060000
1262.673000
1263.303000
1263.917000
1264.547000
1265.160000
1265.774000
1266.404000
1274.312000
1274.942000
1275.555000
1276.185000
1276.799000
1277.412000
1278.042000
1278.656000
1279.286000
1279.899000
1280.512000
1281.142000
1281.756000
1282.386000
1282.999000
1283.613000
1284.243000
1284.856000
1285.486000
1286.100000
1286.713000
1287.343000
1287.956000
1288.586000
1289.200000
1289.813000
1290.443000
1291.057000
1291.687000
1292.300000
1292.914000
1293.544000
1294.157000
1294.787000
1295.401000
1296.014000
1296.644000
1297.257000
1297.887000
1298.501000
1299.114000
1299.744000
1300.358000
1300.988000
1301.601000
1302.215000
1302.845000
1303.458000
1304.088000
1304.702000
1305.315000
1305.945000
1306.558000
1307.172000
1307.802000
1308.415000
1309.045000
1309.659000
1310.272000
1310.902000
1311.516000
1312.146000
1312.759000
1313.372000
1314.002000
1314.616000
1315.246000
1315.859000
1316.473000
1317.103000
1317.716000
1318.346000
1318.960000
1319.573000
1320.203000
1320.816000
1321.447000
1322.060000
1322.673000
1323.303000
1323.917000
1324.547000
1325.160000
1325.774000
1326.404000
1334.312000
1334.942000
1335.555000
1336.185000
1336.799000
1337.412000
1338.042000
1338.656000
1339.286000
1339.899000
1340.513000
1341.143000
1341.756000
1342.386000
1342.999000
1343.613000
1344.243000
1344.856000
1345.486000
1346.100000
1346.713000
1347.343000
1347.957000
1348.587000
1349.200000
1349.814000
1350.444000
1351.057000
1351.687000
1352.300000
1352.914000
1353.544000
1354.157000
1354.787000
1355.401000
1356.014000
1356.644000
1357.258000
1357.888000
1358.501000
1359.114000
1359.744000
1360.358000
1360.988000
1361.601000
1362.215000
1362.845000
1363.458000
1364.072000
1364.702000
1365.315000
1365.945000
1366.559000
1367.172000
1367.802000
1368.415000
1369.045000
1369.659000
1370.272000
1370.902000
1371.516000
1372.146000
1372.759000
1373.373000
1374.003000
1374.616000
1375.246000
1375.859000
1376.473000
1377.103000
1377.716000
1378.346000
1378.960000
1379.573000
1380.203000
1380.817000
1381.447000
1382.060000
1382.674000
1383.304000
1383.917000
1384.547000
1385.160000
1385.774000
1386.404000
1394.312000
1394.942000
1395.556000
1396.186000
1396.799000
1397.412000
1398.042000
1398.656000
1399.286000
1399.899000
1400.513000
1401.143000
1401.756000
1402.386000
1403.000000
1403.613000
1404.243000
1404.857000
1405.487000
1406.100000
1406.713000
1407.343000
1407.957000
1408.587000
1409.200000
1409.814000
1410.444000
1411.057000
1411.687000
1412.301000
1412.914000
1413.544000
1414.157000
1414.787000
1415.401000
1416.014000
1416.644000
1417.258000
1417.888000
1418.501000
1419.115000
1419.745000
1420.358000
1420.971000
1421.601000
1422.215000
1422.845000
1423.458000
1424.072000
1424.702000
1425.315000
1425.945000
1426.559000
1427.172000
1427.802000
1428.416000
1429.046000
1429.659000
1430.272000
1430.902000
1431.516000
1432.146000
1432.759000
1433.373000
1434.003000
1434.616000
1435.246000
1435.860000
1436.473000
1437.103000
1437.716000
1438.346000
1438.960000
1439.573000
1440.203000
1440.817000
1441.447000
1442.060000
1442.674000
1443.304000
1443.917000
1444.547000
1445.161000
1445.774000
1446.404000
1454.329000
1454.942000
1455.572000
1456.186000
1456.816000
1457.429000
1458.043000
1458.673000
1459.286000
1459.899000
1460.529000
1461.143000
1461.773000
1462.386000
1463.000000
1463.630000
1464.243000
1464.873000
1465.487000
1466.100000
1466.730000
1467.344000
1467.974000
1468.587000
1469.200000
1469.830000
1470.444000
1471.074000
1471.687000
1472.301000
1472.931000
1473.544000
1474.174000
1474.788000
1475.401000
1476.031000
1476.644000
1477.274000
1477.888000
1478.501000
1479.131000
1479.745000
1480.375000
1480.988000
1481.602000
1482.232000
1482.845000
1483.475000
1484.089000
1484.702000
1485.332000
1485.945000
1486.575000
1487.189000
1487.802000
1488.432000
1489.046000
1489.676000
1490.289000
1490.903000
1491.533000
1492.146000
1492.776000
1493.389000
1494.003000
1494.633000
1495.246000
1495.860000
1496.490000
1497.103000
1497.733000
1498.347000
1498.960000
1499.590000
1500.204000
1500.834000
1501.447000
1502.060000
1502.690000
1503.304000
1503.934000
1504.547000
1505.161000
1505.791000
1506.404000
1514.329000
1514.942000
1515.572000
1516.186000
1516.816000
1517.429000
1518.043000
1518.673000
1519.286000
1519.900000
1520.530000
1521.143000
1521.773000
1522.387000
1523.000000
1523.630000
1524.243000
1524.873000
1525.487000
1526.100000
1526.730000
1527.344000
1527.974000
1528.587000
1529.201000
1529.831000
1530.444000
1531.074000
1531.687000
1532.301000
1532.931000
1533.544000
1534.174000
1534.788000
1535.401000
1536.031000
1536.645000
1537.275000
1537.888000
1538.502000
1539.132000
1539.745000
1540.375000
1540.988000
1541.602000
1542.232000
1542.845000
1543.475000
1544.089000
1544.702000
1545.332000
1545.946000
1546.576000
1547.189000
1547.802000
1548.432000
1549.046000
1549.676000
1550.289000
1550.903000
1551.533000
1552.146000
1552.760000
1553.390000
1554.003000
1554.633000
1555.247000
1555.860000
1556.490000
1557.103000
1557.733000
1558.347000
1558.960000
1559.590000
1560.204000
1560.834000
1561.447000
1562.061000
1562.691000
1563.304000
1563.934000
1564.547000
1565.161000
1565.791000
1566.404000
1574.313000
1574.943000
1575.556000
1576.186000
1576.799000
1577.413000
1578.043000
1578.656000
1579.286000
1579.900000
1580.513000
1581.143000
1581.757000
1582.387000
1583.000000
1583.614000
1584.244000
1584.857000
1585.487000
1586.100000
1586.714000
1587.344000
1587.957000
1588.587000
1589.201000
1589.814000
1590.444000
1591.058000
1591.688000
1592.301000
1592.914000
1593.544000
1594.158000
1594.788000
1595.401000
1596.015000
1596.645000
1597.258000
1597.872000
1598.502000
1599.115000
1599.745000
1600.359000
1600.972000
1601.602000
1602.215000
1602.845000
1603.459000
1604.072000
1604.702000
1605.316000
1605.946000
1606.559000
1607.173000
1607.803000
1608.416000
1609.046000
1609.659000
1610.273000
1610.903000
1611.516000
1612.146000
1612.760000
1613.373000
1614.003000
1614.617000
1615.247000
1615.860000
1616.474000
1617.104000
1617.717000
1618.347000
1618.960000
1619.574000
1620.204000
1620.817000
1621.447000
1622.061000
1622.674000
1623.304000
1623.918000
1624.548000
1625.161000
1625.774000
1626.404000
1634.313000
1634.943000
1635.556000
1636.186000
1636.800000
1637.413000
1638.043000
1638.657000
1639.287000
1639.900000
1640.513000
1641.143000
1641.757000
1642.387000
1643.000000
1643.614000
1644.244000
1644.857000
1645.487000
1646.101000
1646.714000
1647.344000
1647.957000
1648.587000
1649.201000
1649.814000
1650.444000
1651.058000
1651.688000
1652.301000
1652.915000
1653.545000
1654.158000
1654.772000
1655.402000
1656.015000
1656.645000
1657.258000
1657.872000
1658.502000
1659.115000
1659.745000
1660.359000
1660.972000
1661.602000
1662.216000
1662.846000
1663.459000
1664.072000
1664.702000
1665.316000
1665.946000
1666.559000
1667.173000
1667.803000
1668.416000
1669.046000
1669.660000
1670.273000
1670.903000
1671.517000
1672.147000
1672.760000
1673.373000
1674.003000
1674.617000
1675.247000
1675.860000
1676.474000
1677.104000
1677.717000
1678.347000
1678.961000
1679.574000
1680.204000
1680.817000
1681.447000
1682.061000
1682.674000
1683.304000
1683.918000
1684.548000
1685.161000
1685.775000
1686.405000
1694.313000
1694.943000
1695.556000
1696.186000
1696.800000
1697.413000
1698.043000
1698.657000
1699.287000
1699.900000
1700.514000
1701.144000
1701.757000
1702.387000
1703.000000
1703.614000
1704.244000
1704.857000
1705.487000
1706.101000
1706.714000
1707.344000
1707.958000
1708.588000
1709.201000
1709.814000
1710.445000
1711.058000
1711.688000
1712.301000
1712.915000
1713.545000
1714.158000
1714.772000
1715.402000
1716.015000
1716.645000
1717.259000
1717.872000
1718.502000
1719.115000
1719.745000
1720.359000
1720.972000
1721.602000
1722.216000
1722.846000
1723.459000
1724.073000
1724.703000
1725.316000
1725.946000
1726.560000
1727.173000
1727.803000
1728.416000
1729.046000
1729.660000
1730.273000
1730.903000
1731.517000
1732.147000
1732.760000
1733.374000
1734.004000
1734.617000
1735.247000
1735.860000
1736.474000
1737.104000
1737.717000
1738.347000
1738.961000
1739.574000
1740.204000
1740.818000
1741.448000
1742.061000
1742.674000
1743.305000
1743.918000
1744.548000
1745.161000
1745.775000
1746.405000
