1039.285000
1041.772000
1043.015000
1044.242000
1046.729000
1047.972000
1049.216000
1050.443000
1051.686000
1054.173000
1056.643000
1057.887000
1059.130000
1061.601000
1062.844000
1064.087000
1069.045000
1070.288000
1072.775000
1074.002000
1075.245000
1076.489000
1077.732000
1078.976000
1081.446000
1082.689000
1083.933000
1086.403000
1098.042000
1099.285000
1100.529000
1103.015000
1104.242000
1105.486000
1106.729000
1107.973000
1110.443000
1111.686000
1112.930000
1115.400000
1116.644000
1117.887000
1119.130000
1120.374000
1121.601000
1122.844000
1124.088000
1125.331000
1126.574000
1127.801000
1130.288000
1131.532000
1132.775000
1134.002000
1136.489000
1141.446000
1142.689000
1143.933000
1145.160000
1146.403000
1159.285000
1161.772000
1164.242000
1165.486000
1166.729000
1167.973000
1169.200000
1170.443000
1175.400000
1177.887000
1179.131000
1182.844000
1187.801000
1189.045000
1190.288000
1191.532000
1195.246000
1196.489000
1197.732000
1200.203000
1201.446000
1205.160000
1206.403000
1218.042000
1219.285000
1221.756000
1222.999000
1224.243000
1225.486000
1226.713000
1227.956000
1229.200000
1234.157000
1235.400000
1237.887000
1239.114000
1240.358000
1241.601000
1242.844000
1246.558000
1247.802000
1251.515000
1256.473000
1257.716000
1258.959000
1260.203000
1261.446000
1263.917000
1265.160000
1266.404000
1278.042000
1279.286000
1280.512000
1281.756000
1282.999000
1284.243000
1286.713000
1292.914000
1295.401000
1296.644000
1297.887000
1299.114000
1300.358000
1301.601000
1302.845000
1306.558000
1311.516000
1312.759000
1314.002000
1317.716000
1320.203000
1322.673000
1325.160000
1326.404000
1338.042000
1340.513000
1342.999000
1344.243000
1345.486000
1347.957000
1350.444000
1351.687000
1352.914000
1355.401000
1356.644000
1360.358000
1361.601000
1364.072000
1365.315000
1366.559000
1367.802000
1369.045000
1371.516000
1374.003000
1375.246000
1378.960000
1386.404000
1398.042000
1399.286000
1403.000000
1404.243000
1409.200000
1410.444000
1412.914000
1414.157000
1415.401000
1416.644000
1417.888000
1420.358000
1421.601000
1424.072000
1427.802000
1432.759000
1434.003000
1435.246000
1437.716000
1438.960000
1441.447000
1443.917000
1445.161000
1446.404000
1458.043000
1459.286000
1460.529000
1463.000000
1464.243000
1465.487000
1466.730000
1469.200000
1472.931000
1474.174000
1475.401000
1476.644000
1477.888000
1480.375000
1481.602000
1484.089000
1486.575000
1489.046000
1491.533000
1492.776000
1494.003000
1495.246000
1497.733000
1501.447000
1503.934000
1505.161000
1506.404000
1518.043000
1520.530000
1521.773000
1523.000000
1524.243000
1525.487000
1526.730000
1527.974000
1530.444000
1531.687000
1532.931000
1534.174000
1536.645000
1537.888000
1540.375000
1542.845000
1545.332000
1546.576000
1547.802000
1549.046000
1550.289000
1552.760000
1554.003000
1556.490000
1561.447000
1563.934000
1565.161000
1566.404000
1578.043000
1579.286000
1581.757000
1583.000000
1584.244000
1585.487000
1586.714000
1587.957000
1590.444000
1591.688000
1594.158000
1595.401000
1596.645000
1597.872000
1599.115000
1600.359000
1601.602000
1605.316000
1609.046000
1610.273000
1615.247000
1616.474000
1617.717000
1618.960000
1622.674000
1625.161000
1638.043000
1639.287000
1640.513000
1645.487000
1647.957000
1649.201000
1651.688000
1652.915000
1654.158000
1656.645000
1659.115000
1661.602000
1662.846000
1666.559000
1674.003000
1677.717000
1678.961000
1681.447000
1683.918000
1685.161000
1699.287000
1700.514000
1701.757000
1705.487000
1706.714000
1709.201000
1710.445000
1711.688000
1712.915000
1714.158000
1716.645000
1717.872000
1719.115000
1720.359000
1722.846000
1724.073000
1726.560000
1727.803000
1730.273000
1731.517000
1734.004000
1736.474000
1741.448000
1743.918000
1745.161000
1746.405000
