1038.671000
1039.915000
1041.142000
1042.385000
1043.629000
1044.872000
1046.116000
1047.342000
1048.586000
1049.829000
1051.073000
1052.300000
1053.543000
1054.786000
1056.030000
1057.273000
1058.500000
1059.744000
1060.987000
1062.231000
1063.474000
1064.701000
1065.944000
1067.188000
1068.431000
1069.675000
1070.901000
1072.145000
1073.388000
1074.632000
1075.875000
1077.102000
1078.346000
1079.589000
1080.832000
1082.076000
1083.303000
1084.546000
1085.790000
1097.428000
1098.672000
1099.915000
1101.142000
1102.385000
1103.629000
1104.872000
1106.116000
1108.586000
1109.829000
1111.073000
1112.300000
1113.543000
1114.787000
1116.030000
1117.274000
1118.500000
1119.744000
1120.987000
1122.231000
1123.474000
1124.701000
1125.944000
1127.188000
1128.431000
1129.675000
1130.902000
1132.145000
1133.389000
1135.875000
1138.346000
1139.589000
1140.833000
1143.303000
1144.546000
1145.790000
1157.428000
1158.672000
1159.915000
1161.142000
1162.386000
1163.629000
1164.872000
1166.116000
1167.343000
1168.586000
1169.830000
1171.073000
1172.300000
1173.543000
1174.787000
1176.030000
1178.501000
1179.744000
1180.987000
1182.231000
1183.474000
1184.701000
1185.945000
1187.188000
1188.431000
1189.675000
1190.902000
1192.145000
1193.389000
1194.632000
1195.876000
1197.102000
1198.346000
1199.589000
1200.833000
1202.060000
1203.303000
1204.546000
1205.790000
1217.412000
1218.655000
1221.142000
1222.386000
1223.613000
1224.856000
1226.099000
1227.343000
1228.586000
1229.813000
1231.057000
1232.300000
1233.544000
1234.787000
1236.014000
1237.257000
1238.501000
1239.744000
1240.988000
1242.214000
1243.458000
1244.701000
1245.945000
1247.172000
1248.415000
1249.659000
1250.902000
1252.145000
1253.372000
1254.616000
1255.859000
1257.103000
1258.346000
1259.573000
1260.816000
1262.060000
1263.303000
1264.547000
1265.774000
1277.412000
1278.656000
1279.899000
1281.142000
1283.613000
1284.856000
1286.100000
1287.343000
1288.586000
1289.813000
1291.057000
1292.300000
1293.544000
1294.787000
1296.014000
1297.257000
1298.501000
1299.744000
1302.215000
1303.458000
1304.702000
1305.945000
1307.172000
1308.415000
1309.659000
1310.902000
1312.146000
1313.372000
1314.616000
1315.859000
1317.103000
1318.346000
1319.573000
1320.816000
1322.060000
1323.303000
1324.547000
1325.774000
1337.412000
1338.656000
1339.899000
1341.143000
1342.386000
1343.613000
1344.856000
1346.100000
1347.343000
1348.587000
1349.814000
1351.057000
1352.300000
1353.544000
1354.787000
1356.014000
1357.258000
1358.501000
1360.988000
1362.215000
1363.458000
1364.702000
1365.945000
1367.172000
1368.415000
1369.659000
1372.146000
1373.373000
1374.616000
1375.859000
1377.103000
1378.346000
1379.573000
1380.817000
1382.060000
1384.547000
1385.774000
1397.412000
1399.899000
1401.143000
1402.386000
1403.613000
1404.857000
1406.100000
1407.343000
1408.587000
1409.814000
1411.057000
1412.301000
1413.544000
1414.787000
1416.014000
1417.258000
1418.501000
1419.745000
1420.971000
1422.215000
1423.458000
1424.702000
1425.945000
1428.416000
1429.659000
1430.902000
1433.373000
1435.860000
1437.103000
1439.573000
1440.817000
1442.060000
1443.304000
1444.547000
1445.774000
1457.429000
1458.673000
1459.899000
1461.143000
1462.386000
1463.630000
1464.873000
1466.100000
1468.587000
1469.830000
1472.301000
1473.544000
1474.788000
1476.031000
1477.274000
1478.501000
1479.745000
1483.475000
1484.702000
1485.945000
1488.432000
1489.676000
1490.903000
1492.146000
1493.389000
1494.633000
1495.860000
1497.103000
1498.347000
1499.590000
1500.834000
1502.060000
1503.304000
1504.547000
1517.429000
1518.673000
1521.143000
1522.387000
1524.873000
1526.100000
1527.344000
1528.587000
1529.831000
1531.074000
1532.301000
1533.544000
1534.788000
1536.031000
1537.275000
1538.502000
1539.745000
1540.988000
1542.232000
1543.475000
1544.702000
1545.946000
1547.189000
1548.432000
1549.676000
1550.903000
1552.146000
1553.390000
1554.633000
1555.860000
1557.103000
1558.347000
1560.834000
1562.061000
1563.304000
1564.547000
1565.791000
1577.413000
1581.143000
1582.387000
1583.614000
1584.857000
1586.100000
1587.344000
1588.587000
1589.814000
1591.058000
1592.301000
1594.788000
1596.015000
1597.258000
1598.502000
1600.972000
1602.215000
1603.459000
1604.702000
1605.946000
1607.173000
1608.416000
1609.659000
1612.146000
1615.860000
1618.347000
1622.061000
1623.304000
1624.548000
1625.774000
1637.413000
1638.657000
1639.900000
1641.143000
1642.387000
1643.614000
1644.857000
1646.101000
1647.344000
1648.587000
1649.814000
1651.058000
1653.545000
1654.772000
1657.258000
1658.502000
1660.972000
1662.216000
1663.459000
1667.173000
1670.903000
1672.147000
1673.373000
1674.617000
1675.860000
1677.104000
1678.347000
1683.304000
1684.548000
1697.413000
1698.657000
1699.900000
1701.144000
1702.387000
1703.614000
1706.101000
1707.344000
1708.588000
1709.814000
1711.058000
1712.301000
1713.545000
1717.259000
1718.502000
1719.745000
1720.972000
1722.216000
1724.703000
1725.946000
1727.173000
1728.416000
1729.660000
1730.903000
1733.374000
1735.860000
1738.347000
1740.818000
1742.061000
1743.305000
1744.548000
1745.775000
