1771.014000
1783.415000
1787.128000
1789.615000
1792.086000
1793.329000
1802.000000
1839.685000
1843.415000
1844.642000
1849.616000
1860.773000
1865.731000
1869.444000
1889.770000
1893.484000
1902.172000
1903.415000
1914.573000
1925.731000
1931.931000
1952.257000
1960.928000
1964.659000
1975.816000
1978.303000
1980.774000
1985.731000
1993.175000
2006.057000
2008.527000
2009.771000
2025.886000
2029.616000
2032.086000
2040.774000
2048.201000
2071.014000
2072.241000
2075.971000
2078.442000
2100.774000
2105.731000
2106.975000
2111.932000
2129.771000
2133.485000
2147.129000
2157.044000
2159.531000
2169.445000
2171.932000
2173.175000
2199.686000
2203.416000
2207.130000
2214.574000
2223.245000
2246.041000
2247.284000
2248.528000
2251.015000
2267.130000
2274.574000
2278.288000
2291.932000
2307.285000
2309.772000
2311.015000
2318.442000
2323.416000
2325.886000
2339.531000
2345.732000
2366.041000
2372.242000
2373.485000
2380.929000
2390.844000
2429.755000
2430.999000
2434.729000
2435.956000
2439.686000
2442.156000
2445.887000
2453.314000
