1040.528000
1051.686000
1052.930000
1055.400000
1060.374000
1066.574000
1067.801000
1071.531000
1080.202000
1085.160000
1101.772000
1111.686000
1114.173000
1129.045000
1135.245000
1136.489000
1140.203000
1158.042000
1171.687000
1172.930000
1174.173000
1180.374000
1181.601000
1184.088000
1185.331000
1192.775000
1194.002000
1203.933000
1220.512000
1226.713000
1230.443000
1236.644000
1244.088000
1245.315000
1249.045000
1252.759000
1254.002000
1255.246000
1262.673000
1285.486000
1291.687000
1294.157000
1304.088000
1305.315000
1307.802000
1309.045000
1310.272000
1315.246000
1316.473000
1318.960000
1321.447000
1323.917000
1357.888000
1359.114000
1372.759000
1380.203000
1381.447000
1382.674000
1383.917000
1385.160000
1400.513000
1401.756000
1406.713000
1407.957000
1411.687000
1419.115000
1422.845000
1430.272000
1436.473000
1442.674000
1446.404000
1467.974000
1470.444000
1471.687000
1479.131000
1482.845000
1485.332000
1487.802000
1490.289000
1498.960000
1502.690000
1519.286000
1529.201000
1531.687000
1535.401000
1539.132000
1551.533000
1557.733000
1561.447000
1562.691000
1580.513000
1589.201000
1592.914000
1607.803000
1611.516000
1614.003000
1626.404000
1643.000000
1644.244000
1650.444000
1657.872000
1669.046000
1670.273000
1671.517000
1672.760000
1675.247000
1676.474000
1698.043000
1703.000000
1704.244000
1706.714000
1707.958000
1721.602000
1725.316000
1740.204000
1742.674000
