310.660000
311.904000
313.147000
314.391000
315.634000
316.861000
318.104000
319.348000
320.591000
321.835000
323.062000
324.305000
325.548000
326.792000
328.035000
329.262000
330.506000
331.749000
332.992000
334.236000
335.463000
336.706000
337.950000
339.193000
340.420000
341.663000
342.907000
344.150000
346.621000
347.864000
349.107000
350.351000
351.594000
352.821000
354.065000
355.308000
356.552000
357.795000
369.434000
370.677000
371.904000
373.147000
374.391000
375.634000
378.105000
380.591000
381.835000
383.062000
384.305000
386.792000
388.035000
389.262000
390.506000
391.749000
392.993000
394.236000
395.463000
396.706000
397.950000
399.193000
400.437000
401.664000
402.907000
404.150000
405.394000
406.621000
407.864000
409.108000
410.351000
411.595000
412.821000
414.065000
415.308000
416.552000
417.795000
429.434000
430.661000
433.147000
434.391000
435.634000
436.861000
438.105000
439.348000
440.592000
441.835000
443.062000
444.305000
445.549000
446.792000
448.036000
449.262000
450.506000
451.749000
452.993000
454.236000
455.463000
456.707000
457.950000
459.193000
460.437000
461.664000
462.907000
464.151000
465.394000
466.621000
467.864000
470.351000
471.595000
472.822000
474.065000
475.308000
476.552000
489.434000
490.661000
491.904000
493.148000
494.391000
495.635000
498.105000
499.348000
500.592000
501.835000
504.305000
505.549000
508.036000
509.263000
510.506000
511.750000
512.993000
514.236000
515.463000
516.707000
517.950000
519.194000
520.437000
522.907000
524.151000
525.394000
527.865000
529.108000
530.351000
531.595000
532.822000
534.065000
535.309000
536.552000
537.795000
549.434000
551.904000
553.148000
554.391000
555.635000
556.862000
559.348000
560.592000
561.835000
563.062000
564.306000
565.549000
566.792000
568.036000
569.263000
570.506000
571.750000
572.993000
574.237000
577.950000
580.421000
581.664000
582.907000
584.151000
585.394000
586.621000
587.865000
589.108000
590.352000
591.595000
592.822000
594.065000
595.309000
596.552000
597.796000
613.148000
614.391000
615.635000
616.862000
618.105000
619.349000
620.592000
621.835000
623.062000
624.306000
625.549000
626.793000
629.263000
630.506000
632.993000
634.237000
635.464000
636.707000
637.950000
644.151000
645.395000
646.621000
649.108000
650.352000
651.595000
652.822000
654.065000
655.309000
656.552000
657.796000
669.434000
670.661000
671.905000
673.148000
674.392000
675.635000
676.862000
678.105000
679.349000
680.592000
681.836000
683.062000
684.306000
685.549000
686.793000
688.036000
689.263000
690.507000
691.750000
692.993000
694.237000
695.464000
696.707000
697.951000
699.194000
700.421000
701.664000
702.908000
704.151000
705.395000
706.622000
707.865000
709.108000
710.352000
711.595000
712.822000
715.309000
717.796000
730.661000
731.905000
733.148000
734.375000
735.619000
736.862000
738.105000
739.349000
740.576000
741.819000
743.063000
744.306000
745.533000
748.020000
749.263000
752.977000
754.220000
755.464000
756.707000
757.934000
759.178000
761.665000
762.908000
764.135000
765.378000
766.622000
769.109000
770.335000
771.579000
772.822000
774.066000
776.536000
777.780000
789.418000
790.662000
791.905000
793.148000
795.619000
796.862000
798.106000
799.333000
800.576000
801.819000
803.063000
804.306000
805.533000
806.777000
809.263000
810.507000
811.734000
812.977000
814.221000
815.464000
816.708000
817.934000
819.178000
820.421000
821.665000
822.908000
824.135000
825.378000
826.622000
827.865000
829.109000
830.336000
831.579000
836.536000
837.780000
849.418000
850.662000
851.905000
854.375000
855.619000
856.862000
858.106000
859.333000
860.576000
861.820000
863.063000
864.306000
865.533000
866.777000
868.020000
869.264000
870.507000
871.734000
872.977000
874.221000
875.464000
876.708000
877.935000
879.178000
880.421000
881.665000
882.908000
884.135000
885.379000
886.622000
887.865000
889.109000
890.336000
891.579000
892.823000
895.293000
897.780000
909.418000
910.662000
911.905000
913.149000
914.376000
916.863000
918.106000
919.333000
921.820000
923.063000
924.307000
925.533000
926.777000
928.020000
929.264000
930.507000
931.734000
932.978000
935.464000
936.708000
937.935000
939.178000
940.422000
941.665000
944.135000
945.379000
946.622000
947.866000
949.093000
950.336000
951.579000
954.066000
955.293000
956.537000
957.780000
969.419000
970.662000
971.906000
973.149000
974.376000
975.619000
976.863000
978.106000
979.333000
984.307000
985.534000
986.777000
988.021000
989.264000
991.734000
992.978000
994.221000
995.465000
997.935000
999.178000
1000.422000
1001.665000
1002.909000
1004.135000
1005.379000
1006.622000
1007.866000
1009.093000
1010.336000
1011.580000
1014.066000
1016.537000
1017.780000
