6.332000
6.946000
7.576000
8.189000
8.803000
9.433000
10.046000
10.676000
11.289000
11.903000
12.533000
13.146000
13.760000
14.390000
15.003000
15.633000
16.247000
16.860000
17.490000
18.104000
18.734000
19.347000
19.960000
20.590000
21.204000
21.834000
22.447000
23.061000
23.691000
24.304000
24.934000
25.548000
26.161000
26.791000
27.404000
28.034000
28.648000
29.261000
29.891000
30.505000
31.135000
31.748000
32.362000
32.992000
33.605000
34.235000
34.849000
35.462000
36.092000
36.705000
37.335000
37.949000
38.562000
39.192000
39.806000
40.436000
41.049000
41.663000
42.293000
42.906000
43.536000
44.149000
44.763000
45.393000
46.006000
46.620000
47.250000
47.863000
48.493000
49.107000
49.720000
50.350000
50.964000
51.594000
52.207000
52.820000
53.450000
54.064000
54.694000
55.307000
55.921000
56.551000
57.164000
57.794000
58.408000
66.332000
66.946000
67.576000
68.189000
68.803000
69.433000
70.046000
70.660000
71.290000
71.903000
72.533000
73.147000
73.760000
74.390000
75.003000
75.633000
76.247000
76.860000
77.490000
78.104000
78.734000
79.347000
79.961000
80.591000
81.204000
81.834000
82.447000
83.061000
83.691000
84.304000
84.934000
85.548000
86.161000
86.791000
87.405000
88.035000
88.648000
89.262000
89.891000
90.505000
91.135000
91.748000
92.362000
92.992000
93.605000
94.235000
94.849000
95.462000
96.092000
96.706000
97.336000
97.949000
98.562000
99.192000
99.806000
100.436000
101.049000
101.663000
102.293000
102.906000
103.520000
104.150000
104.763000
105.393000
106.007000
106.620000
107.250000
107.863000
108.493000
109.107000
109.720000
110.350000
110.964000
111.594000
112.207000
112.821000
113.451000
114.064000
114.694000
115.307000
115.921000
116.551000
117.164000
117.794000
118.408000
126.333000
126.946000
127.576000
128.189000
128.803000
129.433000
130.046000
130.676000
131.290000
131.903000
132.533000
133.147000
133.777000
134.390000
135.004000
135.634000
136.247000
136.877000
137.490000
138.104000
138.734000
139.347000
139.961000
140.591000
141.204000
141.834000
142.448000
143.061000
143.691000
144.304000
144.934000
145.548000
146.161000
146.791000
147.405000
148.035000
148.648000
149.262000
149.892000
150.505000
151.135000
151.749000
152.362000
152.992000
153.605000
154.235000
154.849000
155.462000
156.092000
156.706000
157.336000
157.949000
158.563000
159.193000
159.806000
160.436000
161.049000
161.663000
162.293000
162.906000
163.536000
164.150000
164.763000
165.393000
166.007000
166.637000
167.250000
167.864000
168.494000
169.107000
169.737000
170.350000
170.964000
171.594000
172.207000
172.821000
173.451000
174.064000
174.694000
175.308000
175.921000
176.551000
177.164000
177.794000
178.408000
186.333000
186.946000
187.560000
188.190000
188.803000
189.433000
190.047000
190.660000
191.290000
191.903000
192.533000
193.147000
193.760000
194.390000
195.004000
195.634000
196.247000
196.861000
197.491000
198.104000
198.734000
199.347000
199.961000
200.591000
201.204000
201.834000
202.448000
203.061000
203.691000
204.305000
204.935000
205.548000
206.162000
206.792000
207.405000
208.035000
208.648000
209.262000
209.892000
210.505000
211.135000
211.749000
212.362000
212.992000
213.606000
214.236000
214.849000
215.462000
216.092000
216.706000
217.336000
217.949000
218.563000
219.193000
219.806000
220.420000
221.050000
221.663000
222.293000
222.907000
223.520000
224.150000
224.763000
225.393000
226.007000
226.620000
227.250000
227.864000
228.494000
229.107000
229.721000
230.351000
230.964000
231.594000
232.207000
232.821000
233.451000
234.064000
234.694000
235.308000
235.921000
236.551000
237.165000
237.795000
238.408000
246.333000
246.946000
247.560000
248.190000
248.803000
249.433000
250.047000
250.660000
251.290000
251.904000
252.534000
253.147000
253.760000
254.390000
255.004000
255.634000
256.247000
256.861000
257.491000
258.104000
258.734000
259.348000
259.961000
260.591000
261.204000
261.834000
262.448000
263.061000
263.691000
264.305000
264.935000
265.548000
266.162000
266.792000
267.405000
268.035000
268.649000
269.262000
269.892000
270.505000
271.135000
271.749000
272.362000
272.992000
273.606000
274.236000
274.849000
275.463000
276.093000
276.706000
277.320000
277.949000
278.563000
279.193000
279.806000
280.420000
281.050000
281.663000
282.293000
282.907000
283.520000
284.150000
284.764000
285.394000
286.007000
286.620000
287.250000
287.864000
288.494000
289.107000
289.721000
290.351000
290.964000
291.594000
292.208000
292.821000
293.451000
294.064000
294.694000
295.308000
295.921000
296.551000
297.165000
297.795000
298.408000
306.333000
306.947000
307.560000
308.190000
308.803000
309.433000
310.047000
310.660000
311.290000
311.904000
312.534000
313.147000
313.761000
314.391000
315.004000
315.634000
316.247000
316.861000
317.491000
318.104000
318.734000
319.348000
319.961000
320.591000
321.205000
321.835000
322.448000
323.062000
323.692000
324.305000
324.935000
325.548000
326.162000
326.792000
327.405000
328.035000
328.649000
329.262000
329.892000
330.506000
331.136000
331.749000
332.362000
332.992000
333.606000
334.236000
334.849000
335.463000
336.093000
336.706000
337.320000
337.950000
338.563000
339.193000
339.807000
340.420000
341.050000
341.663000
342.293000
342.907000
343.520000
344.150000
344.764000
345.394000
346.007000
346.621000
347.251000
347.864000
348.494000
349.107000
349.721000
350.351000
350.964000
351.594000
352.208000
352.821000
353.451000
354.065000
354.695000
355.308000
355.922000
356.552000
357.165000
357.795000
358.408000
366.333000
366.947000
367.577000
368.190000
368.804000
369.434000
370.047000
370.677000
371.290000
371.904000
372.534000
373.147000
373.761000
374.391000
375.004000
375.634000
376.248000
376.861000
377.491000
378.105000
378.735000
379.348000
379.961000
380.591000
381.205000
381.835000
382.448000
383.062000
383.692000
384.305000
384.935000
385.549000
386.162000
386.792000
387.405000
388.035000
388.649000
389.262000
389.892000
390.506000
391.136000
391.749000
392.363000
392.993000
393.606000
394.236000
394.850000
395.463000
396.093000
396.706000
397.336000
397.950000
398.563000
399.193000
399.807000
400.437000
401.050000
401.664000
402.294000
402.907000
403.537000
404.150000
404.764000
405.394000
406.007000
406.621000
407.251000
407.864000
408.494000
409.108000
409.721000
410.351000
410.965000
411.595000
412.208000
412.821000
413.451000
414.065000
414.695000
415.308000
415.922000
416.552000
417.165000
417.795000
418.409000
426.333000
426.947000
427.577000
428.190000
428.804000
429.434000
430.047000
430.661000
431.291000
431.904000
432.534000
433.147000
433.761000
434.391000
435.004000
435.634000
436.248000
436.861000
437.491000
438.105000
438.735000
439.348000
439.962000
440.592000
441.205000
441.835000
442.448000
443.062000
443.692000
444.305000
444.935000
445.549000
446.162000
446.792000
447.406000
448.036000
448.649000
449.262000
449.892000
450.506000
451.136000
451.749000
452.363000
452.993000
453.606000
454.236000
454.850000
455.463000
456.093000
456.707000
457.337000
457.950000
458.563000
459.193000
459.807000
460.437000
461.050000
461.664000
462.294000
462.907000
463.521000
464.151000
464.764000
465.394000
466.007000
466.621000
467.251000
467.864000
468.494000
469.108000
469.721000
470.351000
470.965000
471.595000
472.208000
472.822000
473.452000
474.065000
474.695000
475.308000
475.922000
476.552000
477.165000
477.795000
478.409000
486.334000
486.947000
487.577000
488.190000
488.804000
489.434000
490.047000
490.661000
491.291000
491.904000
492.534000
493.148000
493.761000
494.391000
495.005000
495.635000
496.248000
496.861000
497.491000
498.105000
498.735000
499.348000
499.962000
500.592000
501.205000
501.835000
502.449000
503.062000
503.692000
504.305000
504.935000
505.549000
506.162000
506.792000
507.406000
508.036000
508.649000
509.263000
509.893000
510.506000
511.136000
511.750000
512.363000
512.993000
513.606000
514.236000
514.850000
515.463000
516.093000
516.707000
517.337000
517.950000
518.564000
519.194000
519.807000
520.437000
521.050000
521.664000
522.294000
522.907000
523.521000
524.151000
524.764000
525.394000
526.008000
526.621000
527.251000
527.865000
528.495000
529.108000
529.721000
530.351000
530.965000
531.595000
532.208000
532.822000
533.452000
534.065000
534.695000
535.309000
535.922000
536.552000
537.165000
537.795000
538.409000
546.334000
546.947000
547.561000
548.191000
548.804000
549.434000
550.047000
550.661000
551.291000
551.904000
552.534000
553.148000
553.761000
554.391000
555.005000
555.635000
556.248000
556.862000
557.492000
558.105000
558.735000
559.348000
559.962000
560.592000
561.205000
561.835000
562.449000
563.062000
563.692000
564.306000
564.936000
565.549000
566.162000
566.792000
567.406000
568.036000
568.649000
569.263000
569.893000
570.506000
571.136000
571.750000
572.363000
572.993000
573.607000
574.237000
574.850000
575.463000
576.093000
576.707000
577.337000
577.950000
578.564000
579.194000
579.807000
580.421000
581.051000
581.664000
582.294000
582.907000
583.521000
584.151000
584.764000
585.394000
586.008000
586.621000
587.251000
587.865000
588.495000
589.108000
589.722000
590.352000
590.965000
591.595000
592.208000
592.822000
593.452000
594.065000
594.695000
595.309000
595.922000
596.552000
597.166000
597.796000
598.409000
606.334000
606.947000
607.561000
608.191000
608.804000
609.434000
610.048000
610.661000
611.291000
611.905000
612.535000
613.148000
613.761000
614.391000
615.005000
615.635000
616.248000
616.862000
617.492000
618.105000
618.735000
619.349000
619.962000
620.592000
621.205000
621.835000
622.449000
623.062000
623.692000
624.306000
624.936000
625.549000
626.163000
626.793000
627.406000
628.036000
628.650000
629.263000
629.893000
630.506000
631.136000
631.750000
632.363000
632.993000
633.607000
634.237000
634.850000
635.464000
636.094000
636.707000
637.337000
637.950000
638.564000
639.194000
639.807000
640.421000
641.051000
641.664000
642.294000
642.908000
643.521000
644.151000
644.765000
645.395000
646.008000
646.621000
647.251000
647.865000
648.495000
649.108000
649.722000
650.352000
650.965000
651.595000
652.209000
652.822000
653.452000
654.065000
654.695000
655.309000
655.922000
656.552000
657.166000
657.796000
658.409000
666.334000
666.948000
667.561000
668.191000
668.804000
669.434000
670.048000
670.661000
671.291000
671.905000
672.535000
673.148000
673.762000
674.392000
675.005000
675.635000
676.248000
676.862000
677.492000
678.105000
678.735000
679.349000
679.962000
680.592000
681.206000
681.836000
682.449000
683.062000
683.693000
684.306000
684.936000
685.549000
686.163000
686.793000
687.406000
688.036000
688.650000
689.263000
689.893000
690.507000
691.137000
691.750000
692.363000
692.993000
693.607000
694.237000
694.850000
695.464000
696.094000
696.707000
697.321000
697.951000
698.564000
699.194000
699.808000
700.421000
701.051000
701.664000
702.294000
702.908000
703.521000
704.151000
704.765000
705.395000
706.008000
706.622000
707.252000
707.865000
708.495000
709.108000
709.722000
710.352000
710.965000
711.595000
712.209000
712.822000
713.452000
714.066000
714.696000
715.309000
715.922000
716.553000
717.166000
717.796000
718.409000
726.318000
726.948000
727.561000
728.175000
728.805000
729.418000
730.048000
730.661000
731.275000
731.905000
732.518000
733.148000
733.762000
734.375000
735.005000
735.619000
736.249000
736.862000
737.475000
738.105000
738.719000
739.349000
739.962000
740.576000
741.206000
741.819000
742.433000
743.063000
743.676000
744.306000
744.920000
745.533000
746.163000
746.776000
747.406000
748.020000
748.633000
749.263000
749.877000
750.507000
751.120000
751.734000
752.364000
752.977000
753.607000
754.220000
754.834000
755.464000
756.077000
756.707000
757.321000
757.934000
758.564000
759.178000
759.808000
760.421000
761.035000
761.665000
762.278000
762.908000
763.521000
764.135000
764.765000
765.378000
766.008000
766.622000
767.235000
767.865000
768.479000
769.109000
769.722000
770.335000
770.965000
771.579000
772.209000
772.822000
773.436000
774.066000
774.679000
775.293000
775.923000
776.536000
777.166000
777.780000
778.393000
786.318000
786.948000
787.561000
788.175000
788.805000
789.418000
790.048000
790.662000
791.275000
791.905000
792.518000
793.148000
793.762000
794.375000
795.005000
795.619000
796.249000
796.862000
797.476000
798.106000
798.719000
799.333000
799.963000
800.576000
801.206000
801.819000
802.433000
803.063000
803.676000
804.306000
804.920000
805.533000
806.163000
806.777000
807.407000
808.020000
808.633000
809.263000
809.877000
810.507000
811.120000
811.734000
812.364000
812.977000
813.607000
814.221000
814.834000
815.464000
816.077000
816.708000
817.321000
817.934000
818.564000
819.178000
819.808000
820.421000
821.035000
821.665000
822.278000
822.908000
823.522000
824.135000
824.765000
825.378000
826.008000
826.622000
827.235000
827.865000
828.479000
829.109000
829.722000
830.336000
830.966000
831.579000
832.192000
832.823000
833.436000
834.066000
834.679000
835.293000
835.923000
836.536000
837.166000
837.780000
838.393000
846.318000
846.948000
847.561000
848.175000
848.805000
849.418000
850.048000
850.662000
851.275000
851.905000
852.519000
853.149000
853.762000
854.375000
855.005000
855.619000
856.249000
856.862000
857.476000
858.106000
858.719000
859.333000
859.963000
860.576000
861.206000
861.820000
862.433000
863.063000
863.676000
864.306000
864.920000
865.533000
866.163000
866.777000
867.407000
868.020000
868.634000
869.264000
869.877000
870.507000
871.120000
871.734000
872.364000
872.977000
873.607000
874.221000
874.834000
875.464000
876.078000
876.708000
877.321000
877.935000
878.565000
879.178000
879.808000
880.421000
881.035000
881.665000
882.278000
882.908000
883.522000
884.135000
884.765000
885.379000
886.009000
886.622000
887.235000
887.865000
888.479000
889.109000
889.722000
890.336000
890.966000
891.579000
892.193000
892.823000
893.436000
894.066000
894.680000
895.293000
895.923000
896.536000
897.166000
897.780000
898.393000
906.318000
906.948000
907.562000
908.175000
908.805000
909.418000
910.048000
910.662000
911.275000
911.905000
912.519000
913.149000
913.762000
914.376000
915.006000
915.619000
916.233000
916.863000
917.476000
918.106000
918.719000
919.333000
919.963000
920.576000
921.206000
921.820000
922.433000
923.063000
923.677000
924.307000
924.920000
925.533000
926.163000
926.777000
927.407000
928.020000
928.634000
929.264000
929.877000
930.507000
931.121000
931.734000
932.364000
932.978000
933.608000
934.221000
934.834000
935.464000
936.078000
936.708000
937.321000
937.935000
938.565000
939.178000
939.808000
940.422000
941.035000
941.665000
942.278000
942.908000
943.522000
944.135000
944.765000
945.379000
946.009000
946.622000
947.236000
947.866000
948.479000
949.093000
949.723000
950.336000
950.966000
951.579000
952.193000
952.823000
953.436000
954.066000
954.680000
955.293000
955.923000
956.537000
957.167000
957.780000
958.393000
966.318000
966.948000
967.562000
968.175000
968.805000
969.419000
970.049000
970.662000
971.276000
971.906000
972.519000
973.149000
973.762000
974.376000
975.006000
975.619000
976.233000
976.863000
977.476000
978.106000
978.720000
979.333000
979.963000
980.576000
981.206000
981.820000
982.433000
983.063000
983.677000
984.307000
984.920000
985.534000
986.164000
986.777000
987.407000
988.021000
988.634000
989.264000
989.877000
990.507000
991.121000
991.734000
992.364000
992.978000
993.608000
994.221000
994.835000
995.465000
996.078000
996.708000
997.321000
997.935000
998.565000
999.178000
999.808000
1000.422000
1001.035000
1001.665000
1002.279000
1002.909000
1003.522000
1004.135000
1004.766000
1005.379000
1006.009000
1006.622000
1007.236000
1007.866000
1008.479000
1009.093000
1009.723000
1010.336000
1010.966000
1011.580000
1012.193000
1012.823000
1013.436000
1014.066000
1014.680000
1015.293000
1015.923000
1016.537000
1017.167000
1017.780000
1018.394000
