311.290000
313.761000
315.004000
316.247000
317.491000
318.734000
319.961000
321.205000
322.448000
323.692000
324.935000
326.162000
327.405000
329.892000
331.136000
332.362000
333.606000
334.849000
336.093000
337.320000
339.807000
341.050000
342.293000
343.520000
344.764000
348.494000
349.721000
352.208000
354.695000
355.922000
357.165000
358.408000
372.534000
373.761000
375.004000
376.248000
377.491000
378.735000
379.961000
381.205000
382.448000
383.692000
386.162000
387.405000
388.649000
391.136000
394.850000
396.093000
397.336000
398.563000
401.050000
402.294000
406.007000
407.251000
409.721000
414.695000
415.922000
417.165000
418.409000
432.534000
435.004000
436.248000
437.491000
438.735000
442.448000
443.692000
446.162000
448.649000
449.892000
451.136000
452.363000
453.606000
456.093000
457.337000
458.563000
459.807000
461.050000
462.294000
463.521000
464.764000
468.494000
470.965000
473.452000
474.695000
475.922000
478.409000
491.291000
493.761000
495.005000
496.248000
497.491000
498.735000
499.962000
501.205000
504.935000
506.162000
508.649000
509.893000
512.363000
513.606000
514.850000
516.093000
517.337000
521.050000
523.521000
524.764000
526.008000
528.495000
530.965000
533.452000
534.695000
535.922000
538.409000
551.291000
552.534000
553.761000
556.248000
557.492000
558.735000
559.962000
562.449000
566.162000
568.649000
571.136000
572.363000
573.607000
574.850000
576.093000
578.564000
579.807000
582.294000
583.521000
584.764000
586.008000
587.251000
588.495000
589.722000
590.965000
592.208000
594.695000
595.922000
598.409000
610.048000
612.535000
615.005000
616.248000
617.492000
618.735000
619.962000
621.205000
622.449000
624.936000
627.406000
629.893000
636.094000
637.337000
638.564000
641.051000
648.495000
650.965000
652.209000
655.922000
658.409000
670.048000
671.291000
672.535000
673.762000
675.005000
676.248000
679.962000
681.206000
682.449000
683.693000
684.936000
686.163000
688.650000
689.893000
691.137000
692.363000
693.607000
696.094000
697.321000
698.564000
699.808000
701.051000
702.294000
703.521000
704.765000
706.008000
709.722000
712.209000
714.696000
715.922000
718.409000
732.518000
735.005000
736.249000
738.719000
742.433000
743.676000
744.920000
746.163000
747.406000
748.633000
749.877000
751.120000
752.364000
753.607000
757.321000
758.564000
759.808000
762.278000
763.521000
764.765000
766.008000
767.235000
768.479000
769.722000
770.965000
773.436000
774.679000
775.923000
777.166000
778.393000
790.048000
792.518000
797.476000
798.719000
799.963000
802.433000
803.676000
804.920000
806.163000
807.407000
808.633000
809.877000
811.120000
812.364000
814.834000
816.077000
817.321000
818.564000
822.278000
824.765000
826.008000
828.479000
829.722000
832.192000
834.679000
837.166000
838.393000
851.275000
852.519000
853.762000
855.005000
856.249000
857.476000
858.719000
862.433000
863.676000
864.920000
867.407000
868.634000
869.877000
871.120000
877.321000
878.565000
879.808000
882.278000
883.522000
884.765000
886.009000
887.235000
888.479000
889.722000
892.193000
893.436000
895.923000
897.166000
898.393000
910.048000
911.275000
912.519000
913.762000
916.233000
917.476000
918.719000
919.963000
921.206000
922.433000
924.920000
927.407000
928.634000
929.877000
931.121000
932.364000
933.608000
934.834000
936.078000
937.321000
939.808000
942.278000
944.765000
948.479000
950.966000
952.193000
953.436000
954.680000
955.923000
957.167000
958.393000
971.276000
972.519000
977.476000
979.963000
982.433000
984.920000
986.164000
987.407000
992.364000
993.608000
996.078000
997.321000
999.808000
1001.035000
1002.279000
1003.522000
1004.766000
1007.236000
1009.723000
1010.966000
1017.167000
1018.394000
