323.692000
328.649000
338.563000
346.007000
347.251000
353.451000
370.047000
371.290000
373.761000
384.935000
389.892000
392.363000
393.606000
399.807000
403.537000
404.764000
410.965000
412.208000
418.409000
430.047000
439.962000
441.205000
444.935000
447.406000
466.007000
467.251000
469.721000
472.208000
490.047000
492.534000
502.449000
507.406000
511.136000
519.807000
522.294000
529.721000
532.208000
550.047000
555.005000
563.692000
564.936000
567.406000
577.337000
578.564000
581.051000
588.495000
623.692000
633.607000
634.850000
639.807000
653.452000
654.695000
657.166000
677.492000
688.650000
694.850000
707.252000
710.965000
730.048000
737.475000
739.962000
741.206000
756.077000
761.035000
772.209000
793.762000
795.005000
796.249000
801.206000
823.522000
828.479000
830.966000
859.963000
861.206000
872.364000
874.834000
876.078000
881.035000
890.966000
893.436000
915.006000
923.677000
926.163000
928.634000
938.565000
943.522000
946.009000
947.236000
973.762000
976.233000
978.720000
988.634000
989.877000
994.835000
1014.680000
1015.923000
