1766.670000
1767.283000
1767.913000
1768.527000
1769.140000
1769.770000
1770.383000
1771.014000
1772.870000
1774.114000
1774.727000
1775.341000
1775.971000
1776.584000
1777.214000
1777.828000
1778.441000
1779.071000
1779.684000
1780.314000
1780.928000
1781.541000
1782.171000
1782.785000
1783.415000
1784.028000
1785.272000
1785.885000
1786.515000
1787.128000
1787.742000
1788.372000
1788.985000
1789.615000
1790.229000
1790.842000
1791.472000
1792.086000
1792.716000
1793.329000
1793.943000
1794.573000
1795.186000
1795.816000
1796.429000
1797.043000
1797.673000
1798.286000
1798.900000
1799.530000
1800.143000
1800.773000
1801.387000
1802.000000
1803.243000
1803.873000
1804.487000
1806.344000
1806.974000
1807.587000
1808.201000
1808.831000
1809.444000
1810.688000
1811.301000
1811.931000
1813.174000
1813.788000
1825.426000
1826.040000
1826.670000
1827.913000
1828.527000
1829.140000
1829.770000
1830.384000
1831.627000
1832.241000
1832.871000
1833.484000
1834.114000
1834.727000
1835.341000
1835.971000
1836.584000
1837.214000
1837.828000
1838.441000
1839.071000
1839.685000
1840.315000
1840.928000
1841.541000
1842.171000
1842.785000
1843.415000
1844.028000
1844.642000
1845.272000
1845.885000
1847.129000
1847.742000
1848.372000
1848.986000
1849.616000
1850.229000
1850.842000
1851.472000
1852.086000
1852.716000
1853.329000
1853.943000
1854.573000
1855.186000
1855.800000
1856.430000
1857.043000
1857.673000
1858.286000
1858.900000
1859.530000
1860.143000
1860.773000
1861.387000
1862.000000
1862.630000
1863.244000
1864.487000
1865.100000
1865.731000
1866.344000
1867.587000
1868.201000
1868.831000
1869.444000
1870.074000
1870.688000
1871.301000
1871.931000
1872.545000
1873.175000
1873.788000
1885.427000
1886.040000
1886.670000
1887.283000
1887.913000
1888.527000
1889.140000
1889.770000
1890.384000
1891.014000
1891.627000
1892.871000
1893.484000
1894.728000
1895.341000
1895.971000
1896.584000
1897.214000
1897.828000
1898.441000
1899.071000
1899.685000
1900.315000
1900.928000
1901.542000
1902.172000
1902.785000
1903.415000
1904.028000
1904.642000
1905.272000
1905.885000
1906.515000
1907.129000
1907.742000
1908.372000
1908.986000
1909.616000
1910.229000
1910.843000
1911.473000
1912.086000
1913.329000
1914.573000
1915.186000
1916.430000
1917.673000
1918.287000
1918.900000
1919.530000
1920.143000
1920.773000
1921.387000
1922.000000
1922.630000
1923.244000
1923.874000
1924.487000
1925.731000
1926.344000
1926.974000
1927.588000
1928.201000
1928.831000
1930.074000
1930.688000
1931.301000
1931.931000
1932.545000
1933.175000
1933.788000
1934.402000
1945.443000
1946.057000
1946.670000
1947.300000
1947.914000
1948.544000
1949.157000
1949.771000
1950.401000
1951.014000
1951.644000
1952.257000
1952.871000
1953.501000
1954.114000
1954.728000
1955.358000
1955.971000
1957.215000
1957.828000
1958.458000
1959.071000
1959.701000
1960.315000
1960.928000
1961.558000
1964.029000
1964.659000
1965.272000
1965.902000
1967.129000
1967.759000
1968.372000
1969.002000
1970.229000
1970.859000
1971.473000
1972.103000
1972.716000
1973.330000
1973.960000
1974.573000
1975.203000
1975.816000
1976.430000
1977.673000
1978.303000
1978.917000
1979.530000
1980.160000
1980.774000
1981.404000
1982.017000
1982.631000
1983.261000
1983.874000
1984.504000
1985.117000
1985.731000
1986.361000
1986.974000
1987.588000
1988.831000
1989.461000
1990.075000
1990.688000
1991.931000
1992.561000
1993.175000
1994.418000
2005.427000
2006.057000
2007.914000
2008.527000
2009.141000
2009.771000
2010.384000
2011.014000
2011.628000
2012.241000
2012.871000
2013.484000
2015.341000
2015.971000
2016.585000
2017.215000
2017.828000
2018.442000
2019.072000
2019.685000
2020.315000
2020.928000
2021.542000
2022.172000
2022.785000
2024.029000
2024.642000
2025.272000
2025.886000
2026.516000
2029.616000
2030.229000
2030.843000
2031.473000
2032.086000
2032.716000
2033.330000
2033.943000
2034.573000
2035.187000
2035.817000
2037.043000
2037.674000
2038.287000
2038.917000
2039.530000
2040.144000
2040.774000
2041.387000
2042.001000
2042.631000
2043.244000
2043.874000
2044.488000
2045.101000
2045.731000
2046.344000
2046.974000
2048.201000
2048.831000
2049.445000
2050.075000
2050.688000
2051.932000
2052.545000
2053.175000
2054.402000
2065.427000
2066.041000
2066.671000
2067.284000
2067.914000
2068.527000
2069.141000
2069.771000
2071.014000
2072.241000
2073.485000
2074.115000
2074.728000
2075.341000
2075.971000
2076.585000
2077.215000
2077.828000
2078.442000
2080.315000
2080.929000
2082.786000
2083.416000
2084.029000
2084.642000
2085.272000
2085.886000
2086.516000
2087.129000
2087.743000
2088.373000
2089.616000
2090.230000
2090.843000
2091.473000
2093.330000
2093.943000
2094.573000
2095.187000
2099.531000
2100.144000
2100.774000
2101.387000
2102.001000
2102.631000
2103.874000
2104.488000
2105.101000
2105.731000
2106.345000
2106.975000
2110.075000
2110.688000
2111.932000
2112.545000
2113.789000
2125.427000
2126.041000
2126.671000
2127.284000
2127.914000
2128.528000
2129.141000
2129.771000
2129.771000
2130.384000
2131.628000
2132.241000
2132.871000
2133.485000
2134.115000
2135.342000
2136.585000
2138.442000
2139.072000
2139.685000
2140.929000
2141.542000
2142.786000
2143.416000
2144.029000
2144.643000
2145.273000
2145.886000
2146.516000
2147.129000
2147.743000
2148.373000
2148.986000
2150.230000
2150.843000
2151.473000
2152.717000
2153.330000
2153.943000
2155.817000
2156.430000
2157.044000
2157.674000
2158.287000
2158.901000
2159.531000
2160.144000
2160.774000
2161.388000
2162.001000
2163.874000
2164.488000
2166.345000
2167.588000
2168.202000
2168.832000
2169.445000
2170.075000
2171.932000
2173.175000
2185.427000
2186.671000
2187.284000
2187.914000
2188.528000
2189.141000
2189.771000
2190.385000
2191.628000
2192.241000
2193.485000
2194.115000
2194.728000
2195.342000
2195.972000
2196.585000
2197.215000
2197.829000
2198.442000
2199.686000
2200.316000
2200.929000
2201.542000
2202.172000
2202.786000
2203.416000
2204.029000
2204.643000
2205.273000
2205.886000
2206.516000
2207.130000
2207.743000
2208.373000
2208.986000
2210.230000
2213.330000
2214.574000
2215.187000
2216.431000
2217.044000
2217.674000
2218.287000
2218.901000
2219.531000
2220.774000
2221.388000
2222.001000
2222.631000
2223.245000
2223.875000
2225.101000
2225.732000
2227.588000
2228.832000
2229.445000
2233.176000
2233.789000
2246.041000
2246.671000
2247.284000
2247.914000
2248.528000
2249.141000
2249.771000
2250.385000
2251.015000
2251.628000
2252.242000
2252.872000
2253.485000
2254.115000
2254.729000
2255.342000
2255.972000
2256.585000
2257.215000
2257.829000
2258.442000
2259.072000
2259.686000
2260.316000
2260.929000
2261.543000
2262.173000
2262.786000
2263.416000
2264.029000
2264.643000
2265.273000
2265.886000
2266.516000
2267.130000
2267.743000
2268.987000
2270.230000
2272.717000
2273.330000
2273.944000
2274.574000
2275.801000
2276.431000
2277.044000
2277.674000
2278.288000
2278.901000
2280.144000
2280.774000
2281.388000
2282.001000
2282.631000
2283.875000
2284.488000
2286.345000
2286.975000
2287.589000
2288.202000
2289.445000
2291.302000
2291.932000
2292.546000
2305.428000
2306.041000
2306.671000
2307.285000
2307.915000
2308.528000
2309.772000
2309.772000
2310.385000
2311.015000
2311.628000
2312.242000
2312.872000
2313.485000
2314.115000
2314.729000
2315.342000
2315.972000
2316.586000
2317.216000
2317.829000
2318.442000
2319.072000
2320.316000
2320.929000
2321.543000
2322.786000
2323.416000
2324.030000
2324.643000
2325.273000
2325.886000
2326.516000
2327.130000
2327.743000
2328.373000
2328.987000
2329.617000
2330.230000
2331.474000
2332.087000
2332.701000
2333.944000
2334.574000
2335.187000
2335.801000
2337.044000
2337.674000
2338.288000
2338.901000
2339.531000
2340.145000
2340.775000
2341.388000
2342.001000
2342.631000
2343.245000
2343.875000
2344.488000
2345.102000
2345.732000
2346.345000
2346.975000
2347.589000
2348.202000
2348.832000
2349.446000
2350.076000
2350.689000
2351.302000
2351.932000
2353.176000
2353.789000
2365.428000
2366.041000
2366.671000
2367.285000
2367.915000
2368.528000
2369.142000
2369.772000
2370.385000
2371.015000
2371.629000
2372.242000
2373.485000
2374.115000
2374.729000
2375.342000
2375.972000
2376.586000
2377.216000
2377.829000
2378.443000
2379.073000
2379.686000
2380.316000
2380.929000
2381.543000
2382.173000
2382.786000
2384.030000
2384.643000
2385.273000
2385.887000
2386.517000
2387.130000
2387.744000
2388.374000
2388.987000
2389.617000
2390.230000
2390.844000
2391.474000
2392.701000
2393.331000
2393.944000
2394.574000
2395.188000
2395.801000
2396.431000
2397.044000
2397.674000
2398.901000
2399.531000
2400.145000
2403.245000
2403.875000
2404.489000
2406.345000
2408.202000
2408.832000
2410.076000
2410.689000
2411.303000
2411.933000
2412.546000
2413.176000
2414.403000
2426.655000
2427.285000
2429.142000
2429.755000
2430.385000
2430.999000
2431.629000
2432.242000
2432.856000
2434.099000
2434.729000
2435.342000
2435.956000
2436.586000
2437.199000
2437.813000
2438.443000
2439.056000
2439.686000
2439.686000
2440.300000
2440.913000
2441.543000
2442.156000
2442.787000
2444.013000
2444.643000
2445.257000
2445.887000
2446.500000
2447.114000
2447.744000
2448.987000
2449.601000
2450.214000
2450.844000
2451.457000
2452.087000
2452.701000
2453.314000
2453.944000
2454.558000
2455.188000
2455.801000
2456.415000
2457.045000
2457.658000
2458.288000
2458.902000
2459.515000
2460.145000
2460.758000
2461.388000
2462.002000
2462.615000
2463.859000
2464.489000
2465.102000
2465.716000
2466.346000
2467.589000
2468.202000
2471.916000
2472.546000
2473.160000
2473.773000
2474.403000
