1767.283000
1768.527000
1769.770000
1774.727000
1775.971000
1777.214000
1778.441000
1779.684000
1780.928000
1782.171000
1785.885000
1788.372000
1790.842000
1794.573000
1795.816000
1797.043000
1798.286000
1799.530000
1800.773000
1803.243000
1804.487000
1806.974000
1808.201000
1809.444000
1810.688000
1811.931000
1813.174000
1826.040000
1828.527000
1829.770000
1832.241000
1833.484000
1834.727000
1835.971000
1837.214000
1838.441000
1840.928000
1842.171000
1845.885000
1847.129000
1848.372000
1850.842000
1852.086000
1853.329000
1854.573000
1855.800000
1857.043000
1858.286000
1859.530000
1862.000000
1863.244000
1864.487000
1868.201000
1870.688000
1871.931000
1873.175000
1886.040000
1887.283000
1888.527000
1891.014000
1894.728000
1895.971000
1897.214000
1898.441000
1899.685000
1900.928000
1904.642000
1905.885000
1907.129000
1908.372000
1909.616000
1910.843000
1912.086000
1913.329000
1918.287000
1919.530000
1920.773000
1922.000000
1923.244000
1924.487000
1926.974000
1928.201000
1930.688000
1933.175000
1934.402000
1946.057000
1947.300000
1948.544000
1949.771000
1951.014000
1953.501000
1954.728000
1955.971000
1957.215000
1958.458000
1959.701000
1965.902000
1967.129000
1968.372000
1970.859000
1972.103000
1973.330000
1974.573000
1979.530000
1982.017000
1983.261000
1984.504000
1986.974000
1989.461000
1990.688000
1991.931000
1994.418000
2011.014000
2012.241000
2013.484000
2015.971000
2017.215000
2018.442000
2019.685000
2020.928000
2022.172000
2024.642000
2030.843000
2033.330000
2034.573000
2035.817000
2037.043000
2038.287000
2039.530000
2042.001000
2043.244000
2044.488000
2045.731000
2046.974000
2049.445000
2050.688000
2051.932000
2053.175000
2054.402000
2066.041000
2067.284000
2068.527000
2069.771000
2073.485000
2074.728000
2077.215000
2080.929000
2083.416000
2084.642000
2085.886000
2087.129000
2088.373000
2089.616000
2090.843000
2093.330000
2094.573000
2099.531000
2102.001000
2104.488000
2110.688000
2126.041000
2127.284000
2128.528000
2129.771000
2132.241000
2138.442000
2139.685000
2140.929000
2143.416000
2144.643000
2145.886000
2148.373000
2150.843000
2153.330000
2155.817000
2158.287000
2160.774000
2162.001000
2164.488000
2168.202000
2187.284000
2188.528000
2189.771000
2192.241000
2193.485000
2194.728000
2195.972000
2197.215000
2198.442000
2200.929000
2202.172000
2204.643000
2205.886000
2208.373000
2213.330000
2217.044000
2218.287000
2219.531000
2220.774000
2222.001000
2225.732000
2229.445000
2233.176000
2249.771000
2252.242000
2253.485000
2254.729000
2255.972000
2257.215000
2258.442000
2259.686000
2260.929000
2262.173000
2263.416000
2264.643000
2265.886000
2273.330000
2275.801000
2277.044000
2280.774000
2282.001000
2284.488000
2286.975000
2288.202000
2289.445000
2306.041000
2308.528000
2309.772000
2312.242000
2313.485000
2314.729000
2315.972000
2317.216000
2320.929000
2324.643000
2327.130000
2328.373000
2329.617000
2332.087000
2334.574000
2335.801000
2337.044000
2338.288000
2340.775000
2342.001000
2343.245000
2344.488000
2346.975000
2348.202000
2349.446000
2350.689000
2351.932000
2353.176000
2367.285000
2368.528000
2369.772000
2371.015000
2374.729000
2375.972000
2377.216000
2378.443000
2379.686000
2382.173000
2384.643000
2385.887000
2387.130000
2388.374000
2389.617000
2393.331000
2394.574000
2395.801000
2397.044000
2399.531000
2403.245000
2404.489000
2408.202000
2410.689000
2411.933000
2413.176000
2414.403000
2427.285000
2432.242000
2437.199000
2438.443000
2439.686000
2440.913000
2444.643000
2447.114000
2449.601000
2450.844000
2452.087000
2454.558000
2455.801000
2457.045000
2458.288000
2459.515000
2460.758000
2462.002000
2464.489000
2465.716000
2468.202000
2471.916000
2473.160000
2474.403000
