310.660000
311.290000
311.904000
313.147000
313.761000
314.391000
315.004000
315.634000
316.247000
316.861000
317.491000
318.104000
318.734000
319.348000
319.961000
320.591000
321.205000
321.835000
322.448000
323.062000
323.692000
323.692000
324.305000
324.935000
325.548000
326.162000
326.792000
327.405000
328.035000
328.649000
329.262000
329.892000
330.506000
331.136000
331.749000
332.362000
332.992000
333.606000
334.236000
334.849000
335.463000
336.093000
336.706000
337.320000
337.950000
338.563000
339.193000
339.807000
340.420000
341.050000
341.663000
342.293000
342.907000
343.520000
344.150000
344.764000
346.007000
346.621000
347.251000
347.864000
348.494000
349.107000
349.721000
350.351000
351.594000
352.208000
352.821000
353.451000
354.065000
354.695000
355.308000
355.922000
356.552000
357.165000
357.795000
358.408000
369.434000
370.047000
370.677000
371.290000
371.904000
372.534000
373.147000
373.761000
373.761000
374.391000
375.004000
375.634000
376.248000
377.491000
378.105000
378.735000
379.961000
380.591000
381.205000
381.835000
382.448000
383.062000
383.692000
384.305000
384.935000
386.162000
386.792000
387.405000
388.035000
388.649000
389.262000
389.892000
390.506000
391.136000
391.749000
392.363000
392.993000
393.606000
394.236000
394.850000
395.463000
396.093000
396.706000
397.336000
397.950000
398.563000
399.193000
399.807000
400.437000
401.050000
401.664000
402.294000
402.907000
403.537000
404.150000
404.764000
405.394000
406.007000
406.621000
407.251000
407.864000
409.108000
409.721000
410.351000
410.965000
411.595000
412.208000
412.821000
414.065000
414.695000
415.308000
415.922000
416.552000
417.165000
417.795000
418.409000
418.409000
429.434000
430.047000
430.661000
432.534000
433.147000
434.391000
435.004000
435.634000
436.248000
436.861000
437.491000
438.105000
438.735000
439.348000
439.962000
440.592000
441.205000
441.835000
442.448000
443.062000
443.692000
444.305000
444.935000
445.549000
446.162000
446.792000
447.406000
448.036000
448.649000
449.262000
449.892000
450.506000
451.136000
451.749000
452.363000
452.993000
453.606000
454.236000
455.463000
456.093000
456.707000
457.337000
457.950000
458.563000
459.193000
459.807000
460.437000
461.050000
461.664000
462.294000
462.907000
463.521000
464.151000
464.764000
465.394000
466.007000
466.621000
467.251000
467.864000
468.494000
469.721000
470.351000
470.965000
471.595000
472.208000
472.822000
473.452000
474.065000
474.695000
475.308000
475.922000
476.552000
478.409000
489.434000
490.047000
490.661000
491.291000
491.904000
492.534000
493.148000
493.761000
494.391000
495.005000
495.635000
496.248000
497.491000
498.105000
498.735000
499.348000
499.962000
500.592000
501.205000
501.835000
502.449000
504.305000
504.935000
505.549000
506.162000
507.406000
508.036000
508.649000
509.263000
509.893000
510.506000
511.136000
511.750000
512.363000
512.993000
513.606000
514.236000
514.850000
515.463000
516.093000
516.707000
517.337000
517.950000
519.194000
519.807000
520.437000
521.050000
522.294000
522.907000
523.521000
524.151000
524.764000
525.394000
526.008000
527.865000
528.495000
529.108000
529.721000
530.351000
530.965000
531.595000
532.208000
532.822000
533.452000
534.065000
534.695000
535.309000
535.922000
536.552000
537.795000
538.409000
549.434000
550.047000
551.291000
551.904000
552.534000
553.148000
553.761000
554.391000
555.005000
555.635000
556.248000
556.862000
557.492000
558.735000
559.348000
559.962000
560.592000
561.835000
562.449000
563.062000
563.692000
564.306000
564.936000
565.549000
566.162000
566.792000
567.406000
568.036000
568.649000
569.263000
570.506000
571.136000
571.750000
572.363000
572.993000
573.607000
574.237000
574.850000
576.093000
577.337000
577.950000
578.564000
578.564000
579.807000
580.421000
581.051000
581.664000
582.294000
582.907000
583.521000
584.151000
584.764000
585.394000
586.008000
586.621000
587.251000
587.865000
588.495000
588.495000
589.108000
589.722000
590.352000
590.965000
591.595000
592.208000
592.822000
594.065000
594.695000
595.309000
595.922000
596.552000
597.796000
598.409000
610.048000
612.535000
613.148000
614.391000
615.005000
615.635000
616.248000
616.862000
617.492000
618.105000
618.735000
619.349000
619.962000
620.592000
621.205000
621.835000
622.449000
623.062000
623.692000
624.306000
624.936000
625.549000
626.793000
627.406000
629.263000
629.893000
630.506000
632.993000
633.607000
634.237000
634.850000
635.464000
636.094000
636.707000
637.337000
637.950000
638.564000
639.807000
641.051000
644.151000
645.395000
646.621000
648.495000
649.108000
650.352000
650.965000
651.595000
652.209000
652.822000
653.452000
654.065000
654.695000
655.309000
655.922000
656.552000
657.166000
657.796000
658.409000
669.434000
670.048000
670.661000
671.291000
671.905000
672.535000
673.148000
673.762000
674.392000
675.005000
675.635000
676.248000
676.862000
677.492000
678.105000
679.349000
679.962000
680.592000
681.206000
681.836000
682.449000
683.062000
683.693000
684.306000
684.936000
685.549000
686.163000
686.793000
688.036000
688.650000
688.650000
689.263000
689.893000
690.507000
691.137000
691.750000
692.363000
692.993000
693.607000
694.237000
694.850000
695.464000
696.094000
696.707000
697.321000
697.951000
698.564000
699.194000
699.808000
700.421000
701.051000
701.664000
702.294000
702.908000
703.521000
704.151000
704.765000
705.395000
706.008000
706.622000
707.252000
707.865000
709.108000
709.722000
710.352000
710.965000
711.595000
712.209000
712.822000
714.696000
715.309000
715.922000
717.796000
718.409000
730.048000
730.661000
731.905000
732.518000
733.148000
734.375000
735.005000
735.619000
736.249000
736.862000
737.475000
738.105000
738.719000
739.349000
739.962000
740.576000
741.206000
741.819000
742.433000
743.063000
743.676000
744.306000
744.920000
745.533000
746.163000
747.406000
748.020000
748.633000
749.263000
749.877000
751.120000
752.364000
752.977000
753.607000
754.220000
755.464000
756.077000
756.707000
757.321000
757.934000
758.564000
759.178000
759.808000
761.035000
761.665000
762.278000
762.908000
763.521000
764.135000
764.765000
765.378000
766.008000
766.622000
767.235000
768.479000
769.109000
769.722000
770.335000
770.965000
771.579000
772.209000
772.822000
773.436000
774.066000
774.679000
775.923000
776.536000
777.166000
777.780000
778.393000
789.418000
790.048000
790.662000
791.905000
792.518000
793.148000
793.762000
795.005000
795.619000
796.249000
796.862000
797.476000
798.106000
798.719000
799.333000
799.963000
800.576000
801.206000
801.819000
802.433000
803.063000
803.676000
804.306000
804.920000
805.533000
806.163000
806.777000
807.407000
808.633000
809.263000
809.877000
810.507000
811.120000
811.734000
812.364000
812.977000
814.221000
814.834000
815.464000
816.077000
816.708000
817.321000
817.934000
818.564000
819.178000
820.421000
821.665000
822.278000
822.908000
823.522000
824.135000
824.765000
825.378000
826.008000
826.622000
827.865000
828.479000
828.479000
829.109000
829.722000
830.336000
830.966000
831.579000
832.192000
834.679000
836.536000
837.166000
837.780000
838.393000
849.418000
850.662000
851.275000
851.905000
852.519000
853.762000
854.375000
855.005000
855.619000
856.249000
856.862000
857.476000
858.106000
858.719000
859.333000
859.963000
860.576000
861.206000
861.820000
862.433000
863.063000
863.676000
864.306000
864.920000
865.533000
866.777000
867.407000
868.020000
868.634000
869.264000
869.877000
870.507000
871.120000
871.734000
872.364000
872.977000
874.221000
874.834000
875.464000
876.078000
876.708000
877.321000
877.935000
878.565000
879.178000
879.808000
880.421000
881.035000
881.665000
882.278000
882.908000
883.522000
884.135000
884.765000
885.379000
886.009000
886.622000
887.235000
887.865000
888.479000
889.109000
889.722000
890.336000
890.966000
891.579000
892.193000
892.823000
893.436000
893.436000
895.293000
895.923000
897.166000
897.780000
898.393000
909.418000
910.048000
910.662000
911.275000
911.905000
912.519000
913.149000
913.762000
914.376000
915.006000
916.233000
916.863000
917.476000
918.106000
918.719000
919.333000
919.963000
921.206000
921.820000
922.433000
923.063000
923.677000
924.307000
924.920000
925.533000
926.163000
926.777000
927.407000
928.020000
928.634000
928.634000
929.264000
929.877000
930.507000
931.121000
931.734000
932.364000
932.978000
933.608000
934.834000
935.464000
936.078000
936.708000
937.321000
937.935000
938.565000
939.178000
939.808000
940.422000
941.665000
942.278000
943.522000
944.135000
944.765000
945.379000
946.009000
946.622000
947.236000
947.866000
948.479000
949.093000
950.336000
950.966000
951.579000
952.193000
953.436000
954.066000
954.680000
955.293000
955.923000
956.537000
957.167000
957.780000
958.393000
969.419000
970.662000
971.276000
971.906000
972.519000
973.149000
973.762000
974.376000
975.619000
976.233000
976.863000
977.476000
978.106000
978.720000
979.333000
979.963000
982.433000
984.307000
984.920000
985.534000
986.164000
986.777000
987.407000
988.021000
988.634000
989.264000
989.877000
991.734000
992.364000
992.978000
993.608000
994.221000
994.835000
995.465000
996.078000
997.321000
997.935000
999.178000
999.808000
1000.422000
1001.035000
1001.665000
1002.279000
1002.909000
1003.522000
1004.135000
1004.766000
1005.379000
1006.622000
1007.236000
1007.866000
1009.093000
1009.723000
1010.336000
1010.966000
1011.580000
1014.066000
1014.680000
1015.923000
1016.537000
1017.167000
1017.780000
1018.394000
