1766.670000
1767.913000
1769.140000
1770.383000
1772.870000
1774.114000
1775.341000
1776.584000
1777.828000
1779.071000
1780.314000
1781.541000
1782.785000
1784.028000
1785.272000
1786.515000
1787.742000
1788.985000
1790.229000
1791.472000
1792.716000
1793.943000
1795.186000
1796.429000
1797.673000
1798.900000
1800.143000
1801.387000
1803.873000
1806.344000
1807.587000
1808.831000
1811.301000
1813.788000
1825.426000
1826.670000
1827.913000
1829.140000
1830.384000
1831.627000
1832.871000
1834.114000
1835.341000
1836.584000
1837.828000
1839.071000
1840.315000
1841.541000
1842.785000
1844.028000
1845.272000
1847.742000
1848.986000
1850.229000
1851.472000
1852.716000
1853.943000
1855.186000
1856.430000
1857.673000
1858.900000
1860.143000
1861.387000
1862.630000
1865.100000
1866.344000
1867.587000
1868.831000
1870.074000
1871.301000
1872.545000
1873.788000
1885.427000
1886.670000
1887.913000
1889.140000
1890.384000
1891.627000
1892.871000
1895.341000
1896.584000
1897.828000
1899.071000
1900.315000
1901.542000
1902.785000
1904.028000
1905.272000
1906.515000
1907.742000
1908.986000
1910.229000
1911.473000
1915.186000
1916.430000
1917.673000
1918.900000
1920.143000
1921.387000
1922.630000
1923.874000
1926.344000
1927.588000
1928.831000
1930.074000
1931.301000
1932.545000
1933.788000
1945.443000
1946.670000
1947.914000
1949.157000
1950.401000
1951.644000
1952.871000
1954.114000
1955.358000
1957.828000
1959.071000
1960.315000
1961.558000
1964.029000
1965.272000
1967.759000
1969.002000
1970.229000
1971.473000
1972.716000
1973.960000
1975.203000
1976.430000
1977.673000
1978.917000
1980.160000
1981.404000
1982.631000
1983.874000
1985.117000
1986.361000
1987.588000
1988.831000
1990.075000
1992.561000
2005.427000
2007.914000
2009.141000
2010.384000
2011.628000
2012.871000
2015.341000
2016.585000
2017.828000
2019.072000
2020.315000
2021.542000
2022.785000
2024.029000
2025.272000
2026.516000
2030.229000
2031.473000
2032.716000
2033.943000
2035.187000
2037.674000
2038.917000
2040.144000
2041.387000
2042.631000
2043.874000
2045.101000
2046.344000
2048.831000
2050.075000
2052.545000
2065.427000
2066.671000
2067.914000
2069.141000
2074.115000
2075.341000
2076.585000
2077.828000
2080.315000
2082.786000
2084.029000
2085.272000
2086.516000
2087.743000
2090.230000
2091.473000
2093.943000
2095.187000
2100.144000
2101.387000
2102.631000
2103.874000
2105.101000
2106.345000
2110.075000
2112.545000
2113.789000
2125.427000
2126.671000
2127.914000
2129.141000
2130.384000
2131.628000
2132.871000
2134.115000
2135.342000
2136.585000
2139.072000
2141.542000
2142.786000
2144.029000
2145.273000
2146.516000
2147.743000
2148.986000
2150.230000
2151.473000
2152.717000
2153.943000
2156.430000
2157.674000
2158.901000
2160.144000
2161.388000
2163.874000
2166.345000
2167.588000
2168.832000
2170.075000
2185.427000
2186.671000
2187.914000
2189.141000
2190.385000
2191.628000
2194.115000
2195.342000
2196.585000
2197.829000
2200.316000
2201.542000
2202.786000
2204.029000
2205.273000
2206.516000
2207.743000
2208.986000
2210.230000
2215.187000
2216.431000
2217.674000
2218.901000
2221.388000
2222.631000
2223.875000
2225.101000
2227.588000
2228.832000
2233.789000
2246.671000
2247.914000
2249.141000
2250.385000
2251.628000
2252.872000
2254.115000
2255.342000
2256.585000
2257.829000
2259.072000
2260.316000
2261.543000
2262.786000
2264.029000
2265.273000
2266.516000
2267.743000
2268.987000
2270.230000
2272.717000
2273.944000
2276.431000
2277.674000
2278.901000
2280.144000
2281.388000
2282.631000
2283.875000
2286.345000
2287.589000
2291.302000
2292.546000
2305.428000
2306.671000
2307.915000
2310.385000
2311.628000
2312.872000
2314.115000
2315.342000
2316.586000
2317.829000
2319.072000
2320.316000
2321.543000
2322.786000
2324.030000
2325.273000
2326.516000
2327.743000
2328.987000
2330.230000
2331.474000
2332.701000
2333.944000
2335.187000
2337.674000
2338.901000
2340.145000
2341.388000
2342.631000
2343.875000
2345.102000
2346.345000
2347.589000
2348.832000
2350.076000
2351.302000
2353.789000
2365.428000
2366.671000
2367.915000
2369.142000
2370.385000
2371.629000
2374.115000
2375.342000
2376.586000
2377.829000
2379.073000
2380.316000
2381.543000
2382.786000
2384.030000
2385.273000
2386.517000
2387.744000
2388.987000
2390.230000
2391.474000
2392.701000
2393.944000
2395.188000
2396.431000
2397.674000
2398.901000
2400.145000
2403.875000
2406.345000
2408.832000
2410.076000
2411.303000
2412.546000
2426.655000
2429.142000
2430.385000
2431.629000
2432.856000
2434.099000
2435.342000
2436.586000
2437.813000
2439.056000
2440.300000
2441.543000
2442.787000
2444.013000
2445.257000
2446.500000
2447.744000
2448.987000
2450.214000
2451.457000
2452.701000
2453.944000
2455.188000
2456.415000
2457.658000
2458.902000
2460.145000
2461.388000
2462.615000
2463.859000
2465.102000
2466.346000
2467.589000
2472.546000
2473.773000
