9.433000
10.046000
10.676000
11.289000
11.903000
12.533000
13.146000
13.760000
14.390000
15.003000
15.633000
16.247000
16.860000
17.490000
18.104000
18.734000
19.960000
20.590000
21.204000
21.834000
22.447000
23.061000
23.691000
24.304000
25.548000
26.161000
26.791000
28.034000
28.648000
29.261000
29.891000
30.505000
31.135000
31.748000
32.362000
32.992000
33.605000
34.235000
34.849000
35.462000
36.092000
36.705000
37.335000
37.949000
38.562000
39.192000
39.806000
40.436000
41.049000
41.663000
42.293000
42.906000
43.536000
44.149000
45.393000
46.006000
46.620000
47.250000
47.863000
48.493000
49.107000
49.720000
50.350000
50.964000
51.594000
52.207000
52.820000
54.064000
54.694000
55.307000
55.921000
56.551000
57.164000
57.794000
58.408000
69.433000
70.046000
70.660000
71.290000
71.903000
72.533000
73.147000
73.760000
74.390000
75.003000
76.247000
76.860000
77.490000
78.104000
78.734000
79.347000
79.961000
80.591000
81.204000
81.834000
82.447000
83.061000
83.691000
84.304000
84.934000
86.161000
86.791000
87.405000
88.035000
88.648000
89.262000
89.891000
90.505000
91.135000
91.748000
92.362000
93.605000
94.235000
94.849000
95.462000
96.092000
96.706000
97.336000
97.949000
98.562000
99.192000
99.806000
100.436000
101.049000
101.663000
102.293000
102.906000
103.520000
104.150000
104.763000
105.393000
106.007000
106.620000
107.250000
107.863000
108.493000
109.107000
109.720000
110.350000
110.964000
111.594000
112.821000
113.451000
114.064000
114.694000
115.307000
115.921000
116.551000
117.164000
117.794000
118.408000
129.433000
130.046000
131.290000
132.533000
133.147000
133.777000
134.390000
135.004000
135.634000
136.247000
136.877000
137.490000
138.104000
138.734000
139.347000
139.961000
140.591000
141.204000
141.834000
142.448000
143.061000
143.691000
144.304000
145.548000
146.161000
146.791000
147.405000
148.035000
149.262000
149.892000
150.505000
151.135000
151.749000
152.992000
153.605000
154.235000
154.849000
156.092000
156.706000
157.336000
157.949000
158.563000
159.806000
160.436000
161.049000
161.663000
162.293000
162.906000
163.536000
164.150000
164.763000
165.393000
166.007000
166.637000
167.250000
167.864000
168.494000
169.107000
169.737000
170.350000
170.964000
171.594000
172.207000
172.821000
173.451000
174.064000
174.694000
175.308000
175.921000
176.551000
177.164000
177.794000
178.408000
190.047000
190.660000
191.290000
191.903000
192.533000
193.147000
193.760000
194.390000
195.004000
195.634000
196.247000
196.861000
197.491000
198.104000
198.734000
199.347000
199.961000
200.591000
201.204000
201.834000
202.448000
203.061000
203.691000
204.305000
204.935000
205.548000
206.162000
206.792000
207.405000
208.035000
208.648000
209.262000
209.892000
210.505000
211.135000
211.749000
212.362000
212.992000
213.606000
214.236000
214.849000
215.462000
216.092000
216.706000
217.336000
217.949000
218.563000
219.193000
219.806000
220.420000
221.050000
221.663000
222.293000
222.907000
223.520000
224.150000
224.763000
225.393000
226.007000
226.620000
227.250000
227.864000
228.494000
229.107000
230.964000
231.594000
232.207000
232.821000
234.064000
234.694000
235.308000
235.921000
236.551000
237.165000
237.795000
238.408000
249.433000
250.047000
250.660000
251.904000
252.534000
253.147000
253.760000
254.390000
255.004000
255.634000
256.247000
256.861000
257.491000
258.104000
258.734000
259.348000
259.961000
260.591000
261.204000
261.834000
262.448000
263.061000
263.691000
264.305000
264.935000
265.548000
266.162000
266.792000
267.405000
268.035000
268.649000
269.262000
269.892000
270.505000
271.135000
271.749000
272.362000
272.992000
273.606000
274.236000
276.093000
276.706000
277.320000
277.949000
278.563000
279.193000
279.806000
280.420000
281.050000
281.663000
282.293000
282.907000
283.520000
284.150000
284.764000
285.394000
286.007000
286.620000
287.250000
287.864000
288.494000
289.107000
289.721000
290.351000
290.964000
291.594000
292.208000
292.821000
293.451000
294.064000
294.694000
295.308000
295.921000
296.551000
297.165000
297.795000
298.408000
