1038.656000
1039.286000
1039.899000
1040.513000
1041.142000
1041.756000
1042.386000
1042.999000
1043.613000
1044.243000
1044.856000
1045.486000
1046.100000
1046.713000
1047.343000
1047.957000
1048.587000
1049.200000
1049.813000
1051.057000
1051.687000
1052.300000
1052.914000
1053.544000
1054.157000
1054.787000
1055.401000
1056.014000
1056.644000
1057.257000
1058.501000
1059.114000
1059.744000
1060.358000
1060.988000
1061.601000
1062.215000
1062.845000
1063.458000
1064.071000
1064.702000
1065.315000
1065.945000
1066.558000
1067.172000
1067.802000
1068.415000
1069.045000
1069.659000
1070.272000
1070.902000
1071.516000
1072.146000
1072.759000
1073.372000
1074.002000
1074.616000
1075.246000
1075.859000
1076.473000
1077.103000
1077.716000
1078.346000
1078.960000
1079.573000
1080.203000
1080.816000
1081.446000
1082.060000
1082.673000
1083.303000
1083.917000
1084.547000
1085.160000
1085.774000
1086.404000
1097.412000
1098.042000
1098.656000
1099.286000
1099.899000
1100.513000
1101.143000
1101.756000
1102.386000
1102.999000
1103.613000
1104.243000
1104.856000
1105.486000
1106.713000
1107.343000
1107.957000
1108.587000
1109.200000
1109.813000
1110.443000
1111.057000
1111.687000
1112.300000
1112.914000
1113.544000
1114.157000
1114.787000
1115.401000
1116.014000
1116.644000
1117.257000
1117.887000
1118.501000
1119.114000
1119.744000
1120.358000
1120.988000
1121.601000
1122.215000
1122.845000
1123.458000
1124.072000
1124.702000
1125.315000
1125.945000
1126.558000
1127.172000
1127.802000
1128.415000
1129.045000
1129.659000
1130.272000
1130.902000
1131.516000
1132.146000
1132.759000
1133.372000
1134.002000
1134.616000
1135.246000
1135.859000
1136.473000
1137.103000
1137.716000
1138.346000
1138.960000
1139.573000
1140.203000
1140.816000
1141.447000
1142.060000
1142.673000
1143.917000
1144.547000
1145.160000
1145.774000
1146.404000
1157.412000
1158.042000
1158.656000
1159.286000
1159.899000
1160.513000
1161.143000
1161.756000
1162.386000
1162.999000
1163.613000
1164.243000
1165.486000
1166.100000
1166.713000
1167.343000
1167.957000
1168.587000
1169.200000
1169.813000
1170.443000
1171.057000
1171.687000
1172.300000
1172.914000
1173.544000
1174.157000
1174.771000
1175.401000
1176.014000
1176.644000
1177.257000
1178.501000
1179.114000
1179.744000
1180.358000
1180.971000
1181.601000
1182.215000
1182.845000
1183.458000
1184.072000
1184.702000
1185.315000
1185.945000
1186.558000
1187.172000
1187.802000
1188.415000
1189.045000
1189.659000
1190.272000
1190.902000
1191.516000
1192.146000
1192.759000
1193.372000
1194.002000
1194.616000
1195.246000
1195.859000
1196.473000
1197.103000
1197.716000
1198.346000
1198.960000
1199.573000
1200.203000
1200.817000
1201.447000
1202.060000
1202.673000
1203.303000
1203.917000
1205.160000
1205.774000
1206.404000
1217.412000
1218.042000
1218.656000
1219.286000
1219.899000
1220.513000
1221.143000
1221.756000
1222.386000
1222.999000
1223.613000
1224.243000
1224.856000
1225.486000
1226.713000
1227.343000
1227.957000
1228.587000
1229.200000
1229.814000
1230.443000
1231.057000
1231.687000
1232.300000
1232.914000
1233.544000
1234.157000
1234.771000
1235.401000
1236.014000
1236.644000
1237.258000
1237.871000
1238.501000
1239.114000
1239.744000
1240.358000
1240.971000
1241.601000
1242.215000
1242.845000
1243.458000
1244.072000
1244.702000
1245.315000
1245.945000
1246.558000
1247.172000
1247.802000
1248.415000
1249.045000
1249.659000
1250.272000
1250.902000
1251.516000
1252.146000
1252.759000
1253.372000
1254.002000
1254.616000
1255.246000
1255.859000
1256.473000
1257.103000
1257.716000
1258.346000
1258.960000
1259.573000
1260.203000
1260.817000
1261.447000
1262.060000
1262.673000
1263.303000
1263.917000
1264.547000
1265.160000
1265.774000
1266.404000
1277.412000
1278.042000
1278.656000
1279.286000
1279.899000
1280.513000
1281.143000
1281.756000
1282.386000
1282.999000
1283.613000
1284.243000
1284.856000
1285.486000
1286.100000
1286.713000
1287.343000
1287.957000
1288.587000
1289.200000
1289.814000
1290.444000
1291.057000
1291.687000
1292.300000
1292.914000
1293.544000
1294.157000
1294.771000
1295.401000
1296.014000
1296.644000
1297.258000
1297.871000
1298.501000
1299.114000
1299.744000
1300.358000
1300.971000
1301.601000
1302.215000
1302.845000
1303.458000
1304.072000
1304.702000
1305.315000
1305.945000
1306.558000
1307.172000
1307.802000
1308.415000
1309.045000
1309.659000
1310.902000
1311.516000
1312.146000
1312.759000
1313.373000
1314.003000
1314.616000
1315.246000
1315.859000
1316.473000
1317.103000
1317.716000
1318.346000
1318.960000
1319.573000
1320.817000
1321.447000
1322.060000
1322.673000
1323.303000
1323.917000
1324.547000
1325.160000
1337.412000
1338.042000
1338.656000
1339.286000
1339.899000
1340.513000
1341.143000
1341.756000
1342.386000
1342.999000
1343.613000
1344.243000
1344.856000
1345.486000
1346.100000
1346.713000
1347.343000
1347.957000
1348.587000
1349.200000
1349.814000
1350.444000
1351.057000
1351.687000
1352.300000
1352.914000
1353.544000
1354.157000
1354.771000
1355.401000
1356.014000
1356.644000
1357.258000
1358.501000
1359.114000
1359.744000
1360.358000
1360.971000
1361.601000
1362.215000
1362.845000
1363.458000
1364.072000
1365.315000
1365.945000
1367.172000
1367.802000
1368.415000
1369.045000
1369.659000
1370.272000
1370.902000
1371.516000
1372.146000
1372.759000
1373.373000
1374.003000
1374.616000
1375.246000
1375.859000
1376.473000
1377.103000
1377.716000
1378.346000
1378.960000
1379.573000
1380.203000
1380.817000
1381.447000
1382.060000
1382.673000
1383.917000
1384.547000
1385.160000
1385.774000
1386.404000
1397.412000
1398.042000
1398.656000
1399.286000
1399.899000
1400.513000
1401.143000
1401.756000
1402.386000
1403.000000
1403.613000
1404.243000
1404.856000
1405.486000
1406.100000
1406.713000
1407.343000
1407.957000
1408.587000
1409.200000
1409.814000
1410.444000
1411.057000
1411.687000
1412.300000
1412.914000
1413.544000
1414.157000
1414.771000
1415.401000
1416.014000
1417.258000
1417.871000
1418.501000
1419.114000
1419.744000
1420.358000
1420.971000
1421.601000
1422.215000
1422.845000
1423.458000
1424.072000
1425.315000
1425.945000
1427.802000
1428.415000
1429.045000
1430.272000
1430.902000
1431.516000
1432.759000
1433.373000
1434.003000
1434.616000
1435.246000
1435.859000
1436.473000
1437.103000
1438.346000
1438.960000
1439.573000
1440.203000
1440.817000
1441.447000
1442.060000
1442.673000
1443.303000
1444.530000
1445.160000
1445.774000
1446.404000
1457.412000
1458.042000
1458.656000
1459.286000
1459.899000
1460.513000
1461.143000
1462.386000
1463.000000
1463.613000
1464.856000
1465.486000
1466.100000
1466.713000
1467.343000
1467.957000
1468.587000
1469.200000
1469.814000
1470.444000
1471.057000
1471.687000
1472.300000
1472.914000
1473.544000
1474.157000
1474.771000
1475.401000
1476.644000
1477.258000
1477.871000
1478.501000
1479.114000
1479.745000
1480.358000
1480.971000
1481.601000
1482.215000
1482.845000
1483.458000
1484.072000
1484.702000
1485.315000
1487.172000
1487.802000
1488.415000
1489.045000
1489.659000
1490.272000
1490.902000
1491.516000
1492.146000
1492.759000
1493.373000
1494.003000
1494.616000
1495.246000
1495.859000
1496.473000
1497.103000
1498.960000
1499.573000
1500.203000
1500.817000
1501.447000
1502.673000
1503.303000
1503.917000
1505.774000
1506.404000
1517.412000
1518.026000
1518.656000
1519.269000
1519.883000
1520.513000
1521.126000
1521.756000
1522.370000
1522.983000
1523.613000
1524.226000
1524.856000
1525.470000
1526.083000
1526.713000
1527.327000
1527.957000
1528.570000
1529.184000
1529.814000
1530.427000
1531.057000
1531.670000
1532.284000
1532.914000
1533.527000
1534.157000
1534.771000
1535.384000
1536.014000
1536.628000
1537.258000
1537.871000
1538.485000
1539.115000
1539.728000
1540.358000
1540.971000
1541.585000
1542.215000
1542.828000
1543.458000
1544.072000
1544.685000
1545.315000
1545.929000
1546.559000
1547.172000
1547.785000
1548.415000
1549.029000
1549.659000
1550.272000
1550.886000
1551.516000
1552.129000
1552.743000
1553.373000
1553.986000
1554.616000
1555.229000
1555.843000
1556.473000
1557.086000
1557.716000
1558.330000
1558.943000
1559.573000
1560.187000
1560.817000
1561.430000
1562.044000
1562.674000
1563.287000
1563.917000
1564.530000
1565.774000
1566.387000
1577.412000
1578.026000
1578.656000
1579.269000
1579.883000
1580.513000
1581.126000
1582.370000
1582.983000
1583.613000
1584.226000
1584.856000
1585.470000
1586.083000
1586.713000
1587.327000
1587.957000
1588.570000
1589.184000
1589.814000
1590.427000
1591.057000
1591.670000
1592.284000
1592.914000
1593.527000
1594.157000
1594.771000
1595.384000
1596.014000
1596.628000
1597.258000
1597.871000
1598.485000
1599.115000
1599.728000
1600.358000
1600.971000
1601.585000
1602.215000
1603.458000
1604.072000
1605.929000
1607.172000
1607.785000
1608.415000
1609.029000
1610.272000
1610.886000
1611.516000
1612.129000
1612.743000
1613.373000
1613.986000
1614.616000
1615.230000
1615.843000
1616.473000
1617.086000
1617.716000
1618.330000
1618.943000
1619.573000
1620.187000
1620.817000
1621.430000
1622.044000
1622.674000
1623.287000
1623.917000
1624.530000
1625.774000
1626.387000
1637.412000
1638.026000
1638.656000
1639.269000
1639.883000
1640.513000
1641.126000
1641.756000
1642.370000
1642.983000
1644.226000
1644.856000
1645.470000
1646.083000
1646.713000
1647.327000
1647.957000
1648.570000
1649.184000
1649.814000
1650.427000
1651.057000
1651.671000
1652.284000
1652.914000
1653.527000
1654.157000
1654.771000
1655.384000
1656.014000
1656.628000
1657.258000
1657.871000
1658.485000
1659.115000
1659.728000
1660.358000
1660.971000
1662.215000
1662.828000
1663.458000
1664.072000
1664.685000
1665.315000
1665.929000
1666.559000
1667.172000
1668.415000
1669.029000
1669.659000
1670.272000
1670.886000
1671.516000
1672.129000
1672.743000
1673.986000
1674.616000
1675.230000
1675.843000
1676.473000
1677.086000
1677.716000
1678.330000
1680.187000
1680.817000
1681.430000
1682.044000
1682.674000
1683.287000
1683.917000
1684.530000
1685.144000
1685.774000
1686.387000
1697.412000
1698.026000
1698.656000
1699.269000
1699.883000
1700.513000
1701.126000
1701.756000
1702.370000
1702.983000
1703.613000
1704.226000
1704.857000
1705.470000
1706.083000
1706.713000
1707.957000
1708.570000
1709.184000
1709.814000
1710.427000
1711.057000
1711.671000
1712.284000
1712.914000
1713.527000
1714.157000
1714.771000
1715.384000
1716.014000
1716.628000
1719.728000
1720.358000
1721.585000
1722.215000
1722.828000
1723.458000
1724.072000
1724.685000
1725.315000
1725.929000
1727.172000
1727.786000
1728.416000
1729.029000
1729.659000
1730.272000
1730.886000
1731.516000
1732.129000
1732.743000
1733.373000
1733.986000
1734.616000
1735.230000
1735.843000
1736.473000
1738.943000
1739.573000
1740.187000
1741.430000
1742.044000
1742.674000
1743.287000
1743.917000
1744.530000
1745.144000
