311.275000
312.519000
313.762000
315.006000
317.476000
321.206000
327.407000
329.877000
331.121000
332.364000
334.834000
336.078000
337.321000
338.565000
339.791000
341.035000
342.278000
343.522000
344.765000
345.992000
347.236000
349.722000
352.193000
354.680000
357.166000
358.393000
370.032000
371.275000
373.762000
375.006000
376.233000
378.719000
383.677000
386.163000
388.634000
389.877000
391.121000
392.364000
398.565000
401.035000
402.278000
404.765000
407.236000
408.479000
413.436000
414.680000
417.166000
430.032000
431.275000
433.762000
435.006000
437.476000
439.963000
441.206000
443.677000
447.407000
448.634000
449.877000
451.121000
456.078000
457.321000
458.565000
459.792000
461.035000
462.278000
463.522000
464.765000
468.479000
491.275000
492.519000
493.762000
495.006000
496.233000
497.476000
501.206000
503.677000
504.920000
506.163000
511.121000
516.078000
521.035000
522.278000
523.522000
525.992000
527.236000
528.479000
529.722000
535.923000
537.167000
538.393000
550.032000
551.275000
552.519000
555.006000
556.233000
557.476000
558.719000
561.206000
562.433000
563.677000
564.920000
568.634000
571.121000
573.591000
574.834000
577.321000
578.565000
581.035000
582.278000
583.522000
584.765000
585.992000
587.236000
588.479000
589.723000
592.193000
593.436000
594.680000
595.923000
598.393000
611.275000
612.519000
613.762000
615.006000
616.233000
617.476000
618.719000
619.963000
622.433000
624.920000
626.164000
627.407000
628.634000
629.877000
631.121000
633.591000
634.834000
637.321000
638.565000
639.792000
642.278000
645.992000
647.236000
649.723000
650.966000
652.193000
653.436000
654.680000
655.923000
657.167000
670.032000
672.519000
673.746000
676.233000
678.703000
679.946000
681.190000
683.677000
686.147000
687.390000
688.634000
689.877000
691.104000
692.348000
693.591000
694.834000
697.305000
698.548000
703.505000
704.749000
705.992000
709.706000
710.949000
712.193000
714.663000
715.907000
717.150000
730.032000
731.275000
732.519000
733.762000
735.006000
737.476000
741.206000
744.920000
746.164000
747.407000
748.634000
749.877000
752.364000
753.591000
754.834000
756.078000
757.321000
758.565000
759.792000
761.035000
762.279000
763.522000
764.765000
765.992000
767.236000
768.479000
772.193000
774.680000
777.167000
790.032000
791.275000
793.762000
795.006000
796.233000
797.476000
799.963000
801.206000
802.433000
803.677000
804.920000
807.407000
809.877000
812.364000
813.591000
814.835000
817.321000
818.565000
819.792000
821.035000
823.522000
827.236000
828.479000
833.436000
835.923000
837.167000
838.394000
850.032000
851.276000
852.519000
853.746000
854.989000
856.233000
858.703000
861.190000
862.433000
863.677000
864.904000
866.147000
867.390000
868.634000
869.877000
871.104000
872.348000
873.591000
874.835000
876.078000
877.305000
878.548000
879.792000
881.035000
883.505000
884.749000
888.463000
889.706000
890.949000
892.193000
893.436000
894.663000
897.150000
898.394000
910.032000
911.276000
913.746000
914.989000
916.233000
918.703000
919.946000
921.190000
922.433000
923.677000
926.147000
927.391000
928.634000
929.877000
931.104000
932.348000
933.591000
934.835000
936.078000
937.305000
938.548000
939.792000
942.279000
943.505000
944.749000
947.236000
948.463000
952.193000
953.436000
955.907000
958.394000
970.032000
971.276000
973.746000
976.233000
977.476000
979.946000
981.190000
986.147000
987.391000
992.348000
993.591000
996.078000
997.305000
998.548000
999.792000
1001.035000
1002.279000
1003.505000
1005.992000
1007.236000
1010.950000
1012.193000
1013.436000
1015.907000
1017.150000
1018.394000
