316.232000
318.719000
319.963000
322.433000
323.677000
328.634000
333.607000
348.479000
353.436000
355.923000
372.519000
379.963000
381.206000
382.433000
384.920000
393.607000
396.078000
397.321000
399.792000
403.522000
405.992000
409.722000
412.193000
418.393000
432.519000
438.719000
442.433000
444.920000
446.163000
452.364000
453.591000
454.834000
465.992000
467.236000
469.722000
472.193000
473.436000
474.680000
475.923000
477.166000
478.393000
490.032000
498.719000
499.963000
502.433000
507.407000
508.634000
513.591000
518.565000
524.765000
530.966000
532.193000
533.436000
534.680000
553.762000
559.963000
567.407000
569.877000
572.364000
610.032000
621.206000
623.677000
632.364000
643.522000
644.765000
648.479000
658.393000
671.275000
674.989000
677.476000
682.433000
684.904000
699.792000
701.035000
702.279000
707.236000
708.463000
713.436000
738.720000
742.433000
751.121000
773.436000
792.519000
798.720000
806.164000
808.634000
811.121000
822.279000
824.765000
825.992000
829.723000
834.680000
857.476000
882.279000
895.907000
912.519000
917.476000
924.904000
945.992000
950.950000
957.150000
972.519000
978.703000
982.433000
984.904000
988.634000
1004.749000
1008.463000
1009.706000
