1767.901000
1769.144000
1770.388000
1771.631000
1772.874000
1774.101000
1775.345000
1776.588000
1777.832000
1779.075000
1780.302000
1781.545000
1782.789000
1784.032000
1785.276000
1786.503000
1787.746000
1788.989000
1790.233000
1791.460000
1792.703000
1793.947000
1796.433000
1797.660000
1798.904000
1800.147000
1801.391000
1802.634000
1803.861000
1805.104000
1806.348000
1808.835000
1810.062000
1811.305000
1812.548000
1813.792000
1825.430000
1826.674000
1827.901000
1829.144000
1830.388000
1831.631000
1834.101000
1835.345000
1836.588000
1839.075000
1840.302000
1841.545000
1842.789000
1844.032000
1845.276000
1846.503000
1847.746000
1848.989000
1851.460000
1852.703000
1853.947000
1855.190000
1856.434000
1857.660000
1858.904000
1860.147000
1861.391000
1862.634000
1863.861000
1865.104000
1866.348000
1867.591000
1868.835000
1870.062000
1871.305000
1873.792000
1885.430000
1886.674000
1887.901000
1889.144000
1890.388000
1891.631000
1892.875000
1894.101000
1895.345000
1896.588000
1897.832000
1899.059000
1900.302000
1901.545000
1902.789000
1904.032000
1905.259000
1906.503000
1907.746000
1908.989000
1910.233000
1911.460000
1912.703000
1913.947000
1915.190000
1916.434000
1917.660000
1918.904000
1920.147000
1921.391000
1922.634000
1923.861000
1925.104000
1927.591000
1928.835000
1930.062000
1932.548000
1933.792000
1945.430000
1946.674000
1947.901000
1949.144000
1950.388000
1951.631000
1952.875000
1954.101000
1955.345000
1956.588000
1957.832000
1959.059000
1960.302000
1961.545000
1962.789000
1964.032000
1965.259000
1966.503000
1967.746000
1968.990000
1970.233000
1971.460000
1972.703000
1973.947000
1975.190000
1976.434000
1977.660000
1978.904000
1980.147000
1981.391000
1982.634000
1983.861000
1985.104000
1986.348000
1990.062000
1991.305000
1993.792000
2005.431000
2006.674000
2007.901000
2009.144000
2010.388000
2011.631000
2012.875000
2014.101000
2015.345000
2016.588000
2017.832000
2019.059000
2020.302000
2021.545000
2022.789000
2024.032000
2026.503000
2027.746000
2028.990000
2030.233000
2031.460000
2032.703000
2033.947000
2035.190000
2036.434000
2037.660000
2038.904000
2040.147000
2042.634000
2045.104000
2047.591000
2048.835000
2050.062000
2051.305000
2052.549000
2053.792000
2065.431000
2066.674000
2067.901000
2069.144000
2070.388000
2071.631000
2072.875000
2074.101000
2075.345000
2076.588000
2077.832000
2079.059000
2080.302000
2081.546000
2082.789000
2084.032000
2085.259000
2087.746000
2088.990000
2090.233000
2091.460000
2092.703000
2093.947000
2095.190000
2096.434000
2097.660000
2098.904000
2100.147000
2101.391000
2102.634000
2105.105000
2106.348000
2107.591000
2108.835000
2110.062000
2112.549000
2113.792000
2125.431000
2126.674000
2127.901000
2129.144000
2130.388000
2131.631000
2134.101000
2135.345000
2136.588000
2137.832000
2139.059000
2140.302000
2141.546000
2144.032000
2145.259000
2146.503000
2147.746000
2148.990000
2150.233000
2151.460000
2152.703000
2153.947000
2155.190000
2156.434000
2157.660000
2160.147000
2161.391000
2162.634000
2163.861000
2165.105000
2166.348000
2167.591000
2168.835000
2170.062000
2171.305000
2172.549000
2173.792000
2185.414000
2186.657000
2187.901000
2189.144000
2190.371000
2191.615000
2192.858000
2194.102000
2195.345000
2199.059000
2200.302000
2201.546000
2204.016000
2207.746000
2208.973000
2210.216000
2211.460000
2212.703000
2213.947000
2215.174000
2216.417000
2217.661000
2218.904000
2220.131000
2221.374000
2222.618000
2223.861000
2225.105000
2226.331000
2227.575000
2228.818000
2230.062000
2231.305000
2232.532000
2233.775000
2245.414000
2246.657000
2247.901000
2249.144000
2250.371000
2251.615000
2252.858000
2254.102000
2255.345000
2256.572000
2257.815000
2259.059000
2260.302000
2261.546000
2262.772000
2264.016000
2265.259000
2266.503000
2267.746000
2268.973000
2270.216000
2271.460000
2272.703000
2273.947000
2275.174000
2278.904000
2280.131000
2281.374000
2282.618000
2283.861000
2285.105000
2286.331000
2288.818000
2290.062000
2291.305000
2293.776000
2305.414000
2306.658000
2307.901000
2309.144000
2310.371000
2311.615000
2312.858000
2314.102000
2315.345000
2316.572000
2317.815000
2319.059000
2320.302000
2321.546000
2324.016000
2325.259000
2326.503000
2328.973000
2330.217000
2331.460000
2332.703000
2333.947000
2335.174000
2336.417000
2338.904000
2340.131000
2341.374000
2343.861000
2345.105000
2346.331000
2347.575000
2348.818000
2350.062000
2351.305000
2365.414000
2366.658000
2367.901000
2369.144000
2370.371000
2371.615000
2372.858000
2374.102000
2375.345000
2376.572000
2377.815000
2379.059000
2380.302000
2381.546000
2382.772000
2384.016000
2385.259000
2386.503000
2390.217000
2391.460000
2392.703000
2393.947000
2395.174000
2396.417000
2397.661000
2398.904000
2400.131000
2402.618000
2405.105000
2406.331000
2407.575000
2408.818000
2410.062000
2412.532000
2413.776000
2425.414000
2426.658000
2427.901000
2429.144000
2430.371000
2431.615000
2432.858000
2434.102000
2435.345000
2436.572000
2437.815000
2439.059000
2440.302000
2441.546000
2442.773000
2444.016000
2445.259000
2446.503000
2447.746000
2448.973000
2450.217000
2452.703000
2453.947000
2455.174000
2461.374000
2462.618000
2463.861000
2465.105000
2466.332000
2467.575000
2468.818000
2470.062000
2471.305000
2472.532000
