6.335000
6.948000
7.561000
8.191000
8.805000
9.435000
10.048000
10.662000
11.292000
11.905000
12.535000
13.149000
13.762000
14.392000
15.006000
15.636000
16.249000
16.862000
17.492000
18.106000
18.736000
19.349000
19.963000
20.593000
21.206000
21.820000
22.450000
23.063000
23.693000
24.306000
24.920000
25.550000
26.163000
26.793000
27.407000
28.020000
28.650000
29.264000
29.894000
30.507000
31.120000
31.750000
32.364000
32.994000
33.607000
34.221000
34.851000
35.464000
36.094000
36.708000
37.321000
37.951000
38.565000
39.195000
39.808000
40.421000
41.051000
41.665000
42.295000
42.908000
43.522000
44.152000
44.765000
45.395000
46.009000
46.622000
47.252000
47.865000
48.495000
49.109000
49.722000
50.352000
50.966000
51.579000
52.209000
52.823000
53.453000
54.066000
54.696000
55.309000
55.923000
56.553000
57.166000
57.780000
58.410000
66.318000
66.948000
67.561000
68.175000
68.805000
69.418000
70.032000
70.662000
71.275000
71.905000
72.519000
73.132000
73.762000
74.376000
75.006000
75.619000
76.232000
76.862000
77.476000
78.106000
78.719000
79.333000
79.963000
80.576000
81.206000
81.820000
82.433000
83.063000
83.676000
84.306000
84.920000
85.533000
86.163000
86.777000
87.407000
88.020000
88.634000
89.264000
89.877000
90.507000
91.121000
91.734000
92.364000
92.977000
93.607000
94.221000
94.834000
95.464000
96.078000
96.708000
97.321000
97.935000
98.565000
99.178000
99.808000
100.421000
101.035000
101.665000
102.278000
102.892000
103.522000
104.135000
104.765000
105.379000
105.992000
106.622000
107.235000
107.865000
108.479000
109.092000
109.722000
110.336000
110.966000
111.579000
112.193000
112.823000
113.436000
114.066000
114.680000
115.293000
115.923000
116.536000
117.166000
117.780000
118.393000
126.335000
126.948000
127.562000
128.192000
128.805000
129.435000
130.048000
130.662000
131.292000
131.905000
132.535000
133.149000
133.762000
134.392000
135.006000
135.636000
136.249000
136.862000
137.492000
138.106000
138.736000
139.349000
139.963000
140.593000
141.206000
141.820000
142.450000
143.063000
143.693000
144.306000
144.920000
145.550000
146.163000
146.793000
147.407000
148.020000
148.650000
149.264000
149.894000
150.507000
151.121000
151.751000
152.364000
152.994000
153.607000
154.221000
154.851000
155.464000
156.094000
156.708000
157.321000
157.951000
158.565000
159.195000
159.808000
160.421000
161.051000
161.665000
162.295000
162.908000
163.522000
164.152000
164.765000
165.395000
166.009000
166.622000
167.252000
167.865000
168.495000
169.109000
169.722000
170.352000
170.966000
171.596000
172.209000
172.823000
173.453000
174.066000
174.680000
175.310000
175.923000
176.553000
177.166000
177.780000
178.410000
186.318000
186.932000
187.562000
188.175000
188.805000
189.418000
190.032000
190.662000
191.275000
191.905000
192.519000
193.132000
193.762000
194.376000
195.006000
195.619000
196.232000
196.862000
197.476000
198.106000
198.719000
199.333000
199.963000
200.576000
201.206000
201.820000
202.433000
203.063000
203.676000
204.306000
204.920000
205.533000
206.163000
206.777000
207.407000
208.020000
208.634000
209.264000
209.877000
210.507000
211.121000
211.734000
212.364000
212.977000
213.607000
214.221000
214.834000
215.464000
216.078000
216.708000
217.321000
217.935000
218.565000
219.178000
219.808000
220.421000
221.035000
221.665000
222.278000
222.892000
223.522000
224.135000
224.765000
225.379000
225.992000
226.622000
227.235000
227.866000
228.479000
229.092000
229.722000
230.336000
230.966000
231.579000
232.193000
232.823000
233.436000
234.066000
234.680000
235.293000
235.923000
236.536000
237.166000
237.780000
238.393000
246.335000
246.948000
247.562000
248.192000
248.805000
249.435000
250.049000
250.662000
251.292000
251.905000
252.535000
253.149000
253.762000
254.392000
255.006000
255.636000
256.249000
256.862000
257.493000
258.106000
258.736000
259.349000
259.963000
260.593000
261.206000
261.820000
262.450000
263.063000
263.693000
264.307000
264.920000
265.550000
266.163000
266.793000
267.407000
268.020000
268.650000
269.264000
269.894000
270.507000
271.121000
271.751000
272.364000
272.994000
273.607000
274.221000
274.851000
275.464000
276.094000
276.708000
277.321000
277.951000
278.565000
279.195000
279.808000
280.421000
281.051000
281.665000
282.295000
282.908000
283.522000
284.152000
284.765000
285.395000
286.009000
286.622000
287.252000
287.866000
288.496000
289.109000
289.722000
290.352000
290.966000
291.596000
292.209000
292.823000
293.453000
294.066000
294.680000
295.310000
295.923000
296.553000
297.166000
297.780000
298.410000
306.318000
306.932000
307.562000
308.175000
308.805000
309.418000
310.032000
310.662000
311.275000
311.905000
312.519000
313.132000
313.762000
314.376000
315.006000
315.619000
316.232000
316.863000
317.476000
318.106000
318.719000
319.333000
319.963000
320.576000
321.206000
321.820000
322.433000
323.063000
323.677000
324.307000
324.920000
325.533000
326.163000
326.777000
327.407000
328.020000
328.634000
329.264000
329.877000
330.507000
331.121000
331.734000
332.364000
332.977000
333.607000
334.221000
334.834000
335.464000
336.078000
336.708000
337.321000
337.935000
338.565000
339.178000
339.791000
340.422000
341.035000
341.665000
342.278000
342.892000
343.522000
344.135000
344.765000
345.379000
345.992000
346.622000
347.236000
347.866000
348.479000
349.092000
349.722000
350.336000
350.966000
351.579000
352.193000
352.823000
353.436000
354.066000
354.680000
355.293000
355.923000
356.536000
357.166000
357.780000
358.393000
366.318000
366.932000
367.562000
368.175000
368.805000
369.418000
370.032000
370.662000
371.275000
371.905000
372.519000
373.132000
373.762000
374.376000
375.006000
375.619000
376.233000
376.863000
377.476000
378.106000
378.719000
379.333000
379.963000
380.576000
381.206000
381.820000
382.433000
383.063000
383.677000
384.307000
384.920000
385.533000
386.163000
386.777000
387.407000
388.020000
388.634000
389.264000
389.877000
390.507000
391.121000
391.734000
392.364000
392.977000
393.607000
394.221000
394.834000
395.464000
396.078000
396.708000
397.321000
397.935000
398.565000
399.178000
399.792000
400.422000
401.035000
401.665000
402.278000
402.892000
403.522000
404.135000
404.765000
405.379000
405.992000
406.622000
407.236000
407.866000
408.479000
409.092000
409.722000
410.336000
410.966000
411.579000
412.193000
412.823000
413.436000
414.066000
414.680000
415.293000
415.923000
416.536000
417.166000
417.780000
418.393000
426.318000
426.932000
427.562000
428.175000
428.805000
429.418000
430.032000
430.662000
431.275000
431.905000
432.519000
433.132000
433.762000
434.376000
435.006000
435.619000
436.233000
436.863000
437.476000
438.106000
438.719000
439.333000
439.963000
440.576000
441.206000
441.820000
442.433000
443.063000
443.677000
444.307000
444.920000
445.533000
446.163000
446.777000
447.407000
448.020000
448.634000
449.264000
449.877000
450.507000
451.121000
451.734000
452.364000
452.978000
453.591000
454.221000
454.834000
455.464000
456.078000
456.708000
457.321000
457.935000
458.565000
459.178000
459.792000
460.422000
461.035000
461.665000
462.278000
462.892000
463.522000
464.135000
464.765000
465.379000
465.992000
466.622000
467.236000
467.866000
468.479000
469.092000
469.722000
470.336000
470.966000
471.579000
472.193000
472.823000
473.436000
474.066000
474.680000
475.293000
475.923000
476.537000
477.166000
477.780000
478.393000
486.318000
486.932000
487.562000
488.175000
488.805000
489.419000
490.032000
490.662000
491.275000
491.905000
492.519000
493.132000
493.762000
494.376000
495.006000
495.619000
496.233000
496.863000
497.476000
498.106000
498.719000
499.333000
499.963000
500.576000
501.206000
501.820000
502.433000
503.063000
503.677000
504.307000
504.920000
505.533000
506.163000
506.777000
507.407000
508.020000
508.634000
509.264000
509.877000
510.491000
511.121000
511.734000
512.364000
512.978000
513.591000
514.221000
514.834000
515.464000
516.078000
516.691000
517.321000
517.935000
518.565000
519.178000
519.792000
520.422000
521.035000
521.665000
522.278000
522.892000
523.522000
524.135000
524.765000
525.379000
525.992000
526.622000
527.236000
527.866000
528.479000
529.092000
529.722000
530.336000
530.966000
531.579000
532.193000
532.823000
533.436000
534.066000
534.680000
535.293000
535.923000
536.537000
537.167000
537.780000
538.393000
546.318000
546.932000
547.562000
548.175000
548.805000
549.419000
550.032000
550.662000
551.275000
551.905000
552.519000
553.132000
553.762000
554.376000
555.006000
555.619000
556.233000
556.863000
557.476000
558.106000
558.719000
559.333000
559.963000
560.576000
561.206000
561.820000
562.433000
563.063000
563.677000
564.307000
564.920000
565.533000
566.164000
566.777000
567.407000
568.020000
568.634000
569.264000
569.877000
570.491000
571.121000
571.734000
572.364000
572.978000
573.591000
574.221000
574.834000
575.464000
576.078000
576.691000
577.321000
577.935000
578.565000
579.178000
579.792000
580.422000
581.035000
581.665000
582.278000
582.892000
583.522000
584.135000
584.765000
585.379000
585.992000
586.622000
587.236000
587.866000
588.479000
589.093000
589.723000
590.336000
590.966000
591.579000
592.193000
592.823000
593.436000
594.066000
594.680000
595.293000
595.923000
596.537000
597.167000
597.780000
598.393000
606.318000
606.932000
607.562000
608.175000
608.805000
609.419000
610.032000
610.662000
611.275000
611.905000
612.519000
613.132000
613.762000
614.376000
615.006000
615.619000
616.233000
616.863000
617.476000
618.106000
618.719000
619.333000
619.963000
620.576000
621.206000
621.820000
622.433000
623.063000
623.677000
624.307000
624.920000
625.534000
626.164000
626.777000
627.407000
628.020000
628.634000
629.264000
629.877000
630.491000
631.121000
631.734000
632.364000
632.978000
633.591000
634.221000
634.834000
635.464000
636.078000
636.691000
637.321000
637.935000
638.565000
639.178000
639.792000
640.422000
641.035000
641.665000
642.278000
642.892000
643.522000
644.135000
644.765000
645.379000
645.992000
646.622000
647.236000
647.866000
648.479000
649.093000
649.723000
650.336000
650.966000
651.579000
652.193000
652.823000
653.436000
654.066000
654.680000
655.293000
655.923000
656.537000
657.167000
657.780000
658.393000
666.318000
666.932000
667.545000
668.175000
668.789000
669.419000
670.032000
670.645000
671.275000
671.889000
672.519000
673.132000
673.746000
674.376000
674.989000
675.603000
676.233000
676.846000
677.476000
678.090000
678.703000
679.333000
679.946000
680.576000
681.190000
681.803000
682.433000
683.047000
683.677000
684.290000
684.904000
685.534000
686.147000
686.777000
687.390000
688.004000
688.634000
689.247000
689.877000
690.491000
691.104000
691.734000
692.348000
692.978000
693.591000
694.204000
694.834000
695.448000
696.078000
696.691000
697.305000
697.935000
698.548000
699.178000
699.792000
700.405000
701.035000
701.648000
702.279000
702.892000
703.505000
704.135000
704.749000
705.379000
705.992000
706.606000
707.236000
707.849000
708.463000
709.093000
709.706000
710.336000
710.949000
711.563000
712.193000
712.806000
713.436000
714.050000
714.663000
715.293000
715.907000
716.537000
717.150000
717.763000
718.393000
726.318000
726.932000
727.562000
728.175000
728.805000
729.419000
730.032000
730.662000
731.275000
731.905000
732.519000
733.132000
733.762000
734.376000
735.006000
735.619000
736.233000
736.863000
737.476000
738.106000
738.720000
739.333000
739.963000
740.576000
741.206000
741.820000
742.433000
743.063000
743.677000
744.307000
744.920000
745.534000
746.164000
746.777000
747.407000
748.020000
748.634000
749.264000
749.877000
750.491000
751.121000
751.734000
752.364000
752.978000
753.591000
754.221000
754.834000
755.464000
756.078000
756.691000
757.321000
757.935000
758.565000
759.178000
759.792000
760.422000
761.035000
761.665000
762.279000
762.892000
763.522000
764.135000
764.765000
765.379000
765.992000
766.622000
767.236000
767.866000
768.479000
769.093000
769.723000
770.336000
770.966000
771.579000
772.193000
772.823000
773.436000
774.066000
774.680000
775.293000
775.923000
776.537000
777.167000
777.780000
778.393000
786.318000
786.932000
787.562000
788.175000
788.805000
789.419000
790.032000
790.662000
791.275000
791.906000
792.519000
793.132000
793.762000
794.376000
795.006000
795.619000
796.233000
796.863000
797.476000
798.106000
798.720000
799.333000
799.963000
800.576000
801.206000
801.820000
802.433000
803.063000
803.677000
804.307000
804.920000
805.534000
806.164000
806.777000
807.407000
808.020000
808.634000
809.264000
809.877000
810.491000
811.121000
811.734000
812.364000
812.978000
813.591000
814.221000
814.835000
815.465000
816.078000
816.691000
817.321000
817.935000
818.565000
819.178000
819.792000
820.422000
821.035000
821.665000
822.279000
822.892000
823.522000
824.135000
824.765000
825.379000
825.992000
826.622000
827.236000
827.866000
828.479000
829.093000
829.723000
830.336000
830.966000
831.579000
832.193000
832.823000
833.436000
834.066000
834.680000
835.293000
835.923000
836.537000
837.167000
837.780000
838.394000
846.318000
846.932000
847.545000
848.175000
848.789000
849.419000
850.032000
850.646000
851.276000
851.889000
852.519000
853.132000
853.746000
854.376000
854.989000
855.603000
856.233000
856.846000
857.476000
858.090000
858.703000
859.333000
859.946000
860.576000
861.190000
861.803000
862.433000
863.047000
863.677000
864.290000
864.904000
865.534000
866.147000
866.777000
867.390000
868.004000
868.634000
869.247000
869.877000
870.491000
871.104000
871.734000
872.348000
872.978000
873.591000
874.205000
874.835000
875.448000
876.078000
876.691000
877.305000
877.935000
878.548000
879.178000
879.792000
880.405000
881.035000
881.649000
882.279000
882.892000
883.505000
884.135000
884.749000
885.379000
885.992000
886.606000
887.236000
887.849000
888.463000
889.093000
889.706000
890.336000
890.949000
891.563000
892.193000
892.806000
893.436000
894.050000
894.663000
895.293000
895.907000
896.537000
897.150000
897.764000
898.394000
906.318000
906.932000
907.545000
908.175000
908.789000
909.419000
910.032000
910.646000
911.276000
911.889000
912.519000
913.132000
913.746000
914.376000
914.989000
915.603000
916.233000
916.846000
917.476000
918.090000
918.703000
919.333000
919.946000
920.576000
921.190000
921.803000
922.433000
923.047000
923.677000
924.290000
924.904000
925.534000
926.147000
926.777000
927.391000
928.004000
928.634000
929.247000
929.877000
930.491000
931.104000
931.734000
932.348000
932.978000
933.591000
934.205000
934.835000
935.448000
936.078000
936.691000
937.305000
937.935000
938.548000
939.178000
939.792000
940.405000
941.035000
941.649000
942.279000
942.892000
943.505000
944.135000
944.749000
945.379000
945.992000
946.606000
947.236000
947.849000
948.463000
949.093000
949.706000
950.336000
950.950000
951.563000
952.193000
952.806000
953.436000
954.050000
954.663000
955.293000
955.907000
956.537000
957.150000
957.764000
958.394000
966.318000
966.932000
967.545000
968.175000
968.789000
969.419000
970.032000
970.646000
971.276000
971.889000
972.519000
973.132000
973.746000
974.376000
974.989000
975.603000
976.233000
976.846000
977.476000
978.090000
978.703000
979.333000
979.946000
980.576000
981.190000
981.804000
982.433000
983.047000
983.677000
984.290000
984.904000
985.534000
986.147000
986.777000
987.391000
988.004000
988.634000
989.247000
989.877000
990.491000
991.104000
991.734000
992.348000
992.978000
993.591000
994.205000
994.835000
995.448000
996.078000
996.691000
997.305000
997.935000
998.548000
999.178000
999.792000
1000.405000
1001.035000
1001.649000
1002.279000
1002.892000
1003.505000
1004.135000
1004.749000
1005.379000
1005.992000
1006.606000
1007.236000
1007.849000
1008.463000
1009.093000
1009.706000
1010.336000
1010.950000
1011.563000
1012.193000
1012.806000
1013.436000
1014.050000
1014.663000
1015.293000
1015.907000
1016.537000
1017.150000
1017.764000
1018.394000
