1049.200000
1052.914000
1060.358000
1064.071000
1067.802000
1071.516000
1082.673000
1101.756000
1102.999000
1107.957000
1109.200000
1110.443000
1111.687000
1115.401000
1117.887000
1119.114000
1125.315000
1127.802000
1130.272000
1135.246000
1137.716000
1145.160000
1158.042000
1159.286000
1162.999000
1170.443000
1172.914000
1175.401000
1176.644000
1194.002000
1200.203000
1201.447000
1219.286000
1224.243000
1227.957000
1236.644000
1240.358000
1242.845000
1256.473000
1257.716000
1258.960000
1261.447000
1266.404000
1300.358000
1305.315000
1309.045000
1312.759000
1349.200000
1350.444000
1351.687000
1352.914000
1365.315000
1367.802000
1378.960000
1380.203000
1383.917000
1385.160000
1398.042000
1407.957000
1412.914000
1414.157000
1430.272000
1431.516000
1435.246000
1438.960000
1442.673000
1466.713000
1479.114000
1489.045000
1492.759000
1495.246000
1502.673000
1506.404000
1519.269000
1529.184000
1531.670000
1541.585000
1545.315000
1552.743000
1555.229000
1586.713000
1591.670000
1592.914000
1597.871000
1607.785000
1611.516000
1617.716000
1620.187000
1646.713000
1649.184000
1654.157000
1655.384000
1659.115000
1670.272000
1672.743000
1675.230000
1685.144000
1702.983000
1704.226000
1707.957000
1709.184000
1710.427000
1720.358000
1721.585000
1727.786000
1729.029000
1733.986000
1735.230000
1736.473000
1745.144000
