1769.774000
1771.001000
1773.488000
1777.202000
1782.175000
1783.402000
1784.646000
1785.889000
1787.133000
1789.603000
1790.846000
1792.090000
1793.333000
1794.560000
1797.047000
1798.290000
1799.534000
1800.761000
1802.004000
1803.248000
1804.491000
1806.961000
1808.205000
1809.448000
1811.935000
1813.162000
1814.405000
1826.044000
1828.531000
1829.774000
1831.001000
1833.488000
1835.975000
1838.445000
1839.689000
1842.176000
1843.402000
1844.646000
1845.889000
1847.133000
1848.376000
1850.846000
1852.090000
1853.333000
1857.047000
1859.534000
1863.248000
1864.491000
1865.734000
1868.205000
1869.448000
1870.692000
1871.935000
1874.405000
1886.044000
1887.287000
1888.531000
1892.245000
1893.488000
1894.731000
1895.975000
1897.202000
1898.445000
1899.689000
1903.402000
1904.646000
1908.359000
1909.603000
1910.846000
1913.333000
1914.560000
1915.804000
1917.047000
1918.290000
1919.534000
1920.761000
1923.248000
1924.491000
1926.961000
1928.205000
1929.448000
1931.918000
1933.162000
1946.044000
1947.287000
1951.001000
1952.245000
1953.488000
1954.731000
1957.202000
1958.445000
1960.932000
1963.402000
1964.646000
1965.889000
1967.133000
1968.359000
1969.603000
1972.090000
1975.804000
1977.047000
1978.290000
1979.534000
1980.761000
1982.004000
1984.491000
1985.734000
1989.448000
1990.692000
2006.044000
2008.531000
2009.774000
2013.488000
2014.731000
2017.202000
2018.445000
2019.689000
2020.932000
2022.159000
2023.402000
2027.133000
2029.603000
2032.090000
2033.333000
2034.560000
2037.047000
2039.534000
2040.761000
2042.004000
2043.248000
2044.491000
2048.205000
2049.448000
2050.692000
2051.919000
2053.162000
2067.287000
2068.531000
2069.774000
2071.001000
2072.245000
2075.975000
2077.202000
2078.445000
2079.689000
2080.932000
2083.402000
2084.646000
2085.889000
2087.133000
2089.603000
2090.846000
2092.090000
2095.804000
2097.047000
2098.290000
2100.761000
2103.248000
2106.961000
2108.205000
2109.448000
2113.162000
2127.287000
2128.531000
2129.774000
2131.001000
2133.488000
2135.975000
2137.202000
2139.689000
2140.932000
2142.159000
2143.402000
2144.646000
2145.889000
2147.133000
2148.360000
2149.603000
2150.846000
2152.090000
2153.333000
2154.560000
2157.047000
2158.291000
2159.534000
2160.761000
2162.004000
2163.248000
2165.735000
2168.205000
2169.448000
2170.692000
2171.919000
2173.162000
2174.405000
2186.044000
2187.271000
2188.514000
2189.758000
2194.715000
2200.916000
2203.402000
2204.646000
2205.873000
2208.360000
2209.603000
2210.846000
2212.073000
2213.317000
2214.560000
2215.804000
2217.031000
2222.004000
2224.475000
2229.432000
2230.675000
2231.919000
2233.162000
2234.405000
2246.044000
2247.271000
2248.514000
2251.001000
2252.245000
2253.472000
2255.958000
2259.672000
2260.916000
2262.159000
2263.402000
2264.646000
2265.873000
2267.116000
2268.360000
2269.603000
2272.073000
2273.317000
2274.560000
2280.761000
2282.004000
2283.231000
2284.475000
2288.205000
2289.432000
2290.675000
2307.271000
2308.514000
2314.715000
2315.958000
2317.202000
2318.445000
2319.672000
2322.159000
2327.116000
2328.360000
2330.847000
2333.317000
2334.560000
2337.031000
2338.274000
2339.517000
2340.761000
2345.718000
2346.961000
2348.205000
2349.432000
2368.514000
2369.758000
2372.245000
2373.472000
2374.715000
2377.202000
2378.445000
2380.916000
2382.159000
2383.402000
2384.646000
2385.873000
2389.603000
2390.847000
2392.073000
2393.317000
2394.560000
2395.804000
2398.274000
2399.517000
2402.004000
2404.475000
2406.962000
2408.205000
2409.432000
2410.675000
2411.919000
2413.162000
2426.044000
2427.271000
2429.758000
2431.001000
2432.245000
2433.472000
2434.715000
2435.958000
2438.445000
2439.672000
2440.916000
2442.159000
2443.403000
2444.646000
2445.873000
2447.116000
2448.360000
2450.847000
2453.317000
2454.560000
2457.031000
2458.274000
2460.761000
2463.231000
2464.475000
2465.718000
2469.432000
2470.675000
2471.919000
2473.162000
