1767.287000
1767.901000
1768.531000
1769.144000
1769.774000
1770.388000
1771.001000
1771.631000
1772.244000
1772.874000
1773.488000
1774.101000
1774.731000
1775.345000
1775.975000
1776.588000
1777.202000
1777.832000
1779.075000
1779.689000
1780.302000
1781.545000
1782.175000
1782.789000
1783.402000
1784.032000
1784.646000
1785.276000
1785.889000
1786.503000
1787.133000
1787.746000
1788.376000
1788.989000
1789.603000
1790.233000
1790.846000
1791.460000
1792.090000
1792.703000
1793.333000
1793.947000
1794.560000
1796.433000
1797.047000
1797.660000
1798.290000
1798.904000
1799.534000
1800.147000
1800.761000
1801.391000
1802.004000
1802.634000
1803.248000
1803.861000
1804.491000
1805.104000
1805.734000
1806.348000
1806.961000
1808.205000
1808.835000
1809.448000
1810.062000
1810.692000
1811.305000
1811.935000
1812.548000
1813.162000
1813.792000
1814.405000
1825.430000
1826.044000
1826.674000
1827.287000
1827.901000
1828.531000
1829.144000
1829.774000
1830.388000
1831.001000
1831.631000
1832.244000
1833.488000
1834.101000
1834.731000
1835.345000
1835.975000
1836.588000
1837.202000
1838.445000
1839.075000
1839.689000
1840.302000
1840.932000
1841.545000
1842.176000
1842.789000
1843.402000
1844.032000
1844.646000
1845.276000
1845.889000
1846.503000
1847.133000
1847.746000
1848.376000
1848.989000
1849.603000
1850.846000
1851.460000
1852.090000
1852.703000
1853.333000
1853.947000
1854.560000
1855.190000
1855.804000
1856.434000
1857.047000
1857.660000
1858.290000
1858.904000
1859.534000
1860.147000
1860.761000
1861.391000
1862.004000
1862.634000
1863.248000
1863.861000
1864.491000
1865.104000
1865.734000
1866.348000
1866.961000
1867.591000
1868.205000
1868.835000
1869.448000
1870.062000
1870.692000
1871.305000
1871.935000
1873.162000
1873.792000
1874.405000
1885.430000
1886.044000
1886.674000
1887.287000
1887.901000
1888.531000
1889.144000
1889.774000
1890.388000
1891.001000
1891.631000
1892.245000
1892.875000
1893.488000
1894.101000
1894.731000
1895.345000
1895.975000
1896.588000
1897.202000
1897.832000
1898.445000
1899.059000
1899.689000
1900.302000
1901.545000
1902.159000
1902.789000
1903.402000
1904.032000
1904.646000
1905.259000
1905.889000
1906.503000
1907.133000
1907.746000
1908.359000
1908.989000
1909.603000
1910.233000
1910.846000
1911.460000
1912.090000
1912.703000
1913.333000
1913.947000
1914.560000
1915.190000
1915.804000
1916.434000
1917.047000
1917.660000
1918.290000
1918.904000
1919.534000
1920.147000
1920.761000
1921.391000
1922.004000
1922.634000
1923.248000
1923.861000
1924.491000
1925.104000
1925.734000
1926.961000
1927.591000
1928.205000
1928.835000
1929.448000
1930.062000
1931.918000
1932.548000
1933.162000
1933.792000
1934.405000
1945.430000
1946.044000
1946.674000
1947.287000
1947.901000
1949.144000
1949.774000
1950.388000
1951.001000
1951.631000
1952.245000
1952.875000
1953.488000
1954.101000
1954.731000
1955.345000
1955.975000
1956.588000
1957.202000
1957.832000
1958.445000
1959.059000
1960.302000
1960.932000
1961.545000
1962.159000
1962.789000
1963.402000
1964.032000
1964.646000
1965.259000
1965.889000
1966.503000
1967.133000
1967.746000
1968.359000
1968.990000
1969.603000
1970.233000
1971.460000
1972.090000
1972.703000
1973.333000
1973.947000
1974.560000
1975.190000
1975.804000
1976.434000
1977.047000
1977.660000
1978.290000
1978.904000
1979.534000
1980.147000
1980.761000
1981.391000
1982.004000
1982.634000
1983.248000
1983.861000
1984.491000
1985.104000
1985.734000
1986.348000
1986.961000
1989.448000
1990.062000
1990.692000
1991.305000
1993.792000
1994.405000
2005.431000
2006.044000
2006.674000
2007.287000
2007.901000
2008.531000
2009.144000
2009.774000
2010.388000
2011.001000
2011.631000
2012.245000
2012.875000
2013.488000
2014.101000
2014.731000
2015.345000
2016.588000
2017.202000
2017.832000
2018.445000
2019.059000
2019.689000
2020.302000
2020.932000
2021.545000
2022.159000
2022.789000
2023.402000
2024.032000
2025.889000
2026.503000
2027.133000
2027.746000
2028.990000
2029.603000
2030.233000
2030.846000
2031.460000
2032.090000
2032.703000
2033.333000
2033.947000
2034.560000
2035.190000
2036.434000
2037.047000
2037.660000
2038.290000
2038.904000
2039.534000
2040.147000
2040.761000
2042.004000
2042.634000
2043.248000
2044.491000
2045.104000
2047.591000
2048.205000
2048.835000
2049.448000
2050.062000
2050.692000
2051.305000
2051.919000
2052.549000
2053.162000
2053.792000
2054.405000
2065.431000
2066.044000
2066.674000
2067.287000
2067.901000
2068.531000
2069.144000
2069.774000
2070.388000
2071.001000
2071.631000
2072.245000
2072.875000
2074.101000
2074.731000
2075.345000
2075.975000
2076.588000
2077.202000
2077.832000
2078.445000
2079.059000
2079.689000
2080.302000
2080.932000
2081.546000
2082.789000
2083.402000
2084.032000
2084.646000
2085.259000
2085.889000
2087.133000
2087.746000
2088.360000
2088.990000
2089.603000
2090.233000
2090.846000
2091.460000
2092.090000
2092.703000
2093.333000
2093.947000
2094.560000
2095.190000
2095.804000
2096.434000
2097.047000
2097.660000
2098.290000
2098.904000
2099.534000
2100.147000
2100.761000
2101.391000
2102.004000
2102.634000
2103.248000
2105.105000
2106.348000
2106.961000
2107.591000
2108.205000
2108.835000
2109.448000
2110.062000
2112.549000
2113.162000
2113.792000
2114.405000
2125.431000
2126.044000
2126.674000
2127.287000
2127.901000
2128.531000
2129.144000
2129.774000
2130.388000
2131.001000
2131.631000
2132.245000
2133.488000
2134.101000
2134.731000
2135.345000
2135.975000
2136.588000
2137.202000
2137.832000
2138.445000
2139.059000
2139.689000
2140.302000
2140.932000
2141.546000
2142.159000
2143.402000
2144.032000
2144.646000
2145.259000
2145.889000
2146.503000
2147.133000
2147.746000
2148.360000
2148.990000
2149.603000
2150.233000
2150.846000
2151.460000
2152.090000
2152.703000
2153.333000
2153.947000
2154.560000
2155.190000
2155.804000
2156.434000
2157.047000
2157.660000
2158.291000
2159.534000
2160.147000
2160.761000
2161.391000
2162.004000
2162.634000
2163.248000
2163.861000
2164.491000
2165.105000
2165.735000
2166.348000
2166.961000
2167.591000
2168.205000
2168.835000
2169.448000
2170.062000
2170.692000
2171.305000
2171.919000
2172.549000
2173.162000
2173.792000
2174.405000
2185.414000
2186.044000
2186.657000
2187.271000
2187.901000
2188.514000
2189.144000
2189.758000
2190.371000
2191.001000
2191.615000
2192.245000
2192.858000
2193.472000
2194.102000
2194.715000
2195.345000
2198.445000
2199.059000
2199.672000
2200.302000
2200.916000
2201.546000
2203.402000
2204.016000
2204.646000
2205.873000
2207.746000
2208.360000
2208.973000
2209.603000
2210.216000
2210.846000
2211.460000
2212.073000
2212.703000
2213.317000
2213.947000
2214.560000
2215.174000
2215.804000
2216.417000
2217.031000
2217.661000
2218.274000
2218.904000
2219.517000
2220.131000
2221.374000
2222.004000
2222.618000
2223.231000
2223.861000
2224.475000
2225.105000
2225.718000
2226.331000
2227.575000
2228.818000
2229.432000
2230.062000
2230.675000
2231.305000
2231.919000
2232.532000
2233.162000
2233.775000
2234.405000
2245.414000
2246.044000
2246.657000
2247.271000
2247.901000
2248.514000
2249.144000
2249.758000
2250.371000
2251.001000
2251.615000
2252.245000
2252.858000
2253.472000
2254.102000
2254.715000
2255.345000
2255.958000
2256.572000
2257.815000
2258.445000
2259.059000
2259.672000
2260.302000
2260.916000
2261.546000
2262.159000
2262.772000
2263.402000
2264.016000
2264.646000
2265.259000
2265.873000
2266.503000
2267.116000
2267.746000
2268.360000
2268.973000
2269.603000
2270.216000
2271.460000
2272.073000
2272.703000
2273.317000
2273.947000
2274.560000
2275.174000
2275.804000
2278.904000
2279.517000
2280.131000
2280.761000
2281.374000
2282.004000
2282.618000
2283.231000
2283.861000
2284.475000
2285.105000
2286.331000
2288.205000
2288.818000
2289.432000
2290.062000
2290.675000
2291.305000
2293.162000
2293.776000
2294.406000
2305.414000
2306.044000
2306.658000
2307.271000
2307.901000
2308.514000
2309.144000
2309.758000
2310.371000
2311.615000
2312.245000
2312.858000
2313.472000
2314.102000
2314.715000
2315.345000
2315.958000
2316.572000
2317.202000
2317.815000
2318.445000
2319.059000
2319.672000
2320.302000
2320.916000
2321.546000
2322.159000
2323.402000
2324.016000
2325.259000
2326.503000
2327.116000
2328.360000
2328.973000
2329.603000
2330.217000
2330.847000
2331.460000
2332.073000
2332.703000
2333.317000
2333.947000
2334.560000
2335.174000
2336.417000
2337.031000
2338.274000
2338.904000
2339.517000
2340.131000
2340.761000
2341.374000
2342.004000
2343.861000
2345.105000
2345.718000
2346.331000
2346.961000
2347.575000
2348.205000
2348.818000
2349.432000
2350.062000
2351.305000
2351.919000
2354.406000
2365.414000
2366.044000
2366.658000
2367.901000
2368.514000
2369.144000
2369.758000
2370.371000
2371.001000
2371.615000
2372.245000
2372.858000
2373.472000
2374.102000
2374.715000
2375.345000
2375.958000
2376.572000
2377.202000
2377.815000
2378.445000
2379.059000
2379.672000
2380.302000
2380.916000
2381.546000
2382.159000
2382.772000
2383.402000
2384.016000
2384.646000
2385.259000
2385.873000
2386.503000
2387.116000
2389.603000
2390.217000
2390.847000
2391.460000
2392.073000
2392.703000
2393.317000
2393.947000
2394.560000
2395.174000
2395.804000
2396.417000
2397.031000
2397.661000
2398.274000
2398.904000
2399.517000
2400.131000
2402.004000
2402.618000
2404.475000
2405.105000
2405.718000
2406.331000
2406.962000
2407.575000
2408.205000
2408.818000
2409.432000
2410.062000
2410.675000
2411.919000
2412.532000
2413.162000
2413.776000
2414.406000
2425.414000
2426.044000
2426.658000
2427.271000
2427.901000
2428.514000
2429.144000
2429.758000
2430.371000
2431.001000
2431.615000
2432.245000
2432.858000
2433.472000
2434.102000
2434.715000
2435.345000
2435.958000
2436.572000
2437.202000
2437.815000
2438.445000
2439.059000
2439.672000
2440.302000
2440.916000
2441.546000
2442.159000
2442.773000
2443.403000
2444.016000
2444.646000
2445.259000
2445.873000
2446.503000
2447.116000
2447.746000
2448.360000
2448.973000
2449.603000
2450.217000
2450.847000
2452.703000
2453.317000
2453.947000
2454.560000
2455.174000
2457.031000
2458.274000
2460.761000
2461.374000
2462.004000
2462.618000
2463.231000
2463.861000
2464.475000
2465.105000
2465.718000
2466.332000
2466.962000
2467.575000
2468.205000
2468.818000
2469.432000
2470.062000
2470.675000
2471.305000
2471.919000
2472.532000
2473.162000
