310.662000
311.275000
311.905000
312.519000
313.132000
313.762000
314.376000
315.006000
315.619000
316.232000
316.863000
317.476000
318.106000
318.719000
319.333000
319.963000
320.576000
321.206000
321.820000
322.433000
323.063000
323.677000
324.307000
325.533000
326.777000
327.407000
328.020000
328.634000
329.264000
329.877000
330.507000
331.121000
331.734000
332.364000
332.977000
333.607000
334.221000
334.834000
335.464000
336.078000
336.708000
337.321000
337.935000
338.565000
339.178000
339.791000
340.422000
341.035000
341.665000
342.278000
342.892000
343.522000
344.135000
344.765000
345.379000
345.992000
346.622000
347.236000
347.866000
348.479000
349.092000
349.722000
350.336000
351.579000
352.193000
352.823000
353.436000
354.066000
354.680000
355.293000
355.923000
356.536000
357.166000
357.780000
358.393000
369.418000
370.032000
370.662000
371.275000
372.519000
373.132000
373.762000
374.376000
375.006000
375.619000
376.233000
376.863000
378.106000
378.719000
379.333000
379.963000
380.576000
381.206000
381.820000
382.433000
383.063000
383.677000
384.307000
384.920000
385.533000
386.163000
386.777000
388.020000
388.634000
389.264000
389.877000
390.507000
391.121000
391.734000
392.364000
392.977000
393.607000
394.221000
395.464000
396.078000
396.708000
397.321000
397.935000
398.565000
399.178000
399.792000
400.422000
401.035000
401.665000
402.278000
402.892000
403.522000
404.135000
404.765000
405.379000
405.992000
406.622000
407.236000
407.866000
408.479000
409.092000
409.722000
410.336000
411.579000
412.193000
412.823000
413.436000
414.066000
414.680000
415.293000
417.166000
417.780000
418.393000
429.418000
430.032000
430.662000
431.275000
431.905000
432.519000
433.132000
433.762000
434.376000
435.006000
436.863000
437.476000
438.719000
439.333000
439.963000
440.576000
441.206000
442.433000
443.063000
443.677000
444.307000
444.920000
445.533000
446.163000
446.777000
447.407000
448.020000
448.634000
449.264000
449.877000
451.121000
451.734000
452.364000
452.978000
453.591000
454.221000
454.834000
455.464000
456.078000
456.708000
457.321000
457.935000
458.565000
459.178000
459.792000
460.422000
461.035000
462.278000
462.892000
463.522000
464.135000
464.765000
465.379000
465.992000
466.622000
467.236000
467.866000
468.479000
469.092000
469.722000
470.336000
471.579000
472.193000
472.823000
473.436000
474.066000
474.680000
475.293000
475.923000
476.537000
477.166000
477.780000
478.393000
489.419000
490.032000
490.662000
491.275000
491.905000
492.519000
493.132000
493.762000
494.376000
495.006000
495.619000
496.233000
496.863000
497.476000
498.106000
498.719000
499.333000
499.963000
500.576000
501.206000
501.820000
502.433000
503.063000
503.677000
504.307000
504.920000
505.533000
506.163000
506.777000
507.407000
508.020000
508.634000
509.264000
511.121000
511.734000
512.978000
513.591000
514.221000
516.078000
517.935000
518.565000
519.178000
520.422000
521.035000
521.665000
522.278000
522.892000
523.522000
524.135000
524.765000
525.379000
525.992000
526.622000
527.236000
527.866000
528.479000
529.092000
529.722000
530.336000
530.966000
531.579000
532.193000
532.823000
533.436000
534.066000
534.680000
535.293000
535.923000
536.537000
537.167000
537.780000
538.393000
549.419000
550.032000
550.662000
551.275000
551.905000
552.519000
553.132000
553.762000
554.376000
555.006000
555.619000
556.233000
557.476000
558.106000
558.719000
559.333000
559.963000
560.576000
561.206000
561.820000
562.433000
563.063000
563.677000
564.307000
564.920000
566.777000
567.407000
568.020000
568.634000
569.264000
569.877000
570.491000
571.121000
571.734000
572.364000
572.978000
573.591000
574.221000
574.834000
575.464000
577.321000
577.935000
578.565000
579.178000
580.422000
581.035000
582.278000
582.892000
583.522000
584.135000
584.765000
585.379000
585.992000
586.622000
587.236000
587.866000
588.479000
589.093000
589.723000
590.336000
591.579000
592.193000
592.823000
593.436000
594.066000
594.680000
595.293000
595.923000
596.537000
597.780000
598.393000
609.419000
610.032000
610.662000
611.275000
611.905000
612.519000
613.132000
613.762000
614.376000
615.006000
615.619000
616.233000
616.863000
617.476000
618.106000
618.719000
619.333000
619.963000
620.576000
621.206000
622.433000
623.063000
623.677000
624.307000
624.920000
625.534000
626.164000
626.777000
627.407000
628.020000
628.634000
629.264000
629.877000
630.491000
631.121000
631.734000
632.364000
632.978000
633.591000
634.221000
634.834000
635.464000
636.691000
637.321000
637.935000
638.565000
639.178000
639.792000
640.422000
642.278000
642.892000
643.522000
644.135000
644.765000
645.379000
645.992000
646.622000
647.236000
647.866000
648.479000
649.093000
649.723000
650.336000
650.966000
651.579000
652.193000
652.823000
653.436000
654.066000
654.680000
655.293000
655.923000
656.537000
657.167000
658.393000
669.419000
670.032000
670.645000
671.275000
671.889000
672.519000
673.132000
673.746000
674.376000
674.989000
675.603000
676.233000
676.846000
677.476000
678.090000
678.703000
679.333000
679.946000
680.576000
681.190000
681.803000
682.433000
683.047000
683.677000
684.290000
684.904000
686.147000
686.777000
687.390000
688.004000
688.634000
689.247000
689.877000
690.491000
691.104000
691.734000
692.348000
692.978000
693.591000
694.834000
695.448000
696.691000
697.305000
697.935000
698.548000
699.178000
699.792000
700.405000
701.035000
701.648000
702.279000
702.892000
703.505000
704.135000
704.749000
705.379000
705.992000
706.606000
707.236000
707.849000
708.463000
709.093000
709.706000
710.336000
710.949000
711.563000
712.193000
712.806000
713.436000
714.050000
714.663000
715.293000
715.907000
716.537000
717.150000
717.763000
729.419000
730.032000
730.662000
731.275000
731.905000
732.519000
733.132000
733.762000
734.376000
735.006000
736.863000
737.476000
738.106000
738.720000
739.333000
740.576000
741.206000
741.820000
742.433000
743.063000
744.307000
744.920000
745.534000
746.164000
746.777000
747.407000
748.634000
749.264000
749.877000
750.491000
751.121000
751.734000
752.364000
752.978000
753.591000
754.221000
754.834000
755.464000
756.078000
756.691000
757.321000
757.935000
758.565000
759.178000
759.792000
760.422000
761.035000
761.665000
762.279000
762.892000
763.522000
764.135000
764.765000
765.379000
765.992000
766.622000
767.236000
767.866000
768.479000
769.093000
772.193000
772.823000
773.436000
774.680000
776.537000
777.167000
789.419000
790.032000
790.662000
791.275000
791.906000
792.519000
793.132000
793.762000
794.376000
795.006000
795.619000
796.233000
797.476000
798.106000
798.720000
799.333000
799.963000
800.576000
801.206000
801.820000
802.433000
803.063000
803.677000
804.920000
805.534000
806.164000
806.777000
807.407000
808.020000
808.634000
809.264000
809.877000
810.491000
811.121000
811.734000
812.364000
812.978000
813.591000
814.221000
814.835000
815.465000
817.321000
817.935000
818.565000
819.792000
820.422000
821.035000
821.665000
822.279000
822.892000
823.522000
824.135000
824.765000
825.379000
825.992000
826.622000
827.236000
828.479000
829.093000
829.723000
830.336000
833.436000
834.066000
834.680000
835.293000
835.923000
836.537000
837.167000
837.780000
838.394000
849.419000
850.032000
850.646000
851.276000
851.889000
852.519000
853.132000
853.746000
854.376000
854.989000
855.603000
856.233000
856.846000
857.476000
858.090000
858.703000
859.333000
860.576000
861.190000
861.803000
862.433000
863.047000
863.677000
864.290000
864.904000
865.534000
866.147000
866.777000
867.390000
868.004000
868.634000
869.247000
869.877000
870.491000
871.104000
871.734000
872.348000
872.978000
873.591000
874.205000
874.835000
875.448000
876.078000
876.691000
877.305000
877.935000
878.548000
879.178000
879.792000
881.035000
881.649000
882.279000
882.892000
883.505000
884.135000
884.749000
885.379000
887.849000
888.463000
889.093000
889.706000
890.336000
890.949000
891.563000
892.193000
892.806000
893.436000
894.050000
894.663000
895.293000
895.907000
896.537000
897.150000
897.764000
898.394000
909.419000
910.032000
910.646000
911.276000
911.889000
912.519000
913.132000
913.746000
914.989000
915.603000
916.233000
916.846000
917.476000
918.090000
918.703000
919.333000
919.946000
920.576000
921.190000
921.803000
922.433000
923.047000
923.677000
924.290000
924.904000
925.534000
926.147000
926.777000
927.391000
928.004000
928.634000
929.247000
929.877000
930.491000
931.104000
931.734000
932.348000
932.978000
933.591000
934.205000
934.835000
935.448000
936.078000
936.691000
937.305000
937.935000
938.548000
939.178000
939.792000
940.405000
941.649000
942.279000
942.892000
943.505000
944.135000
944.749000
945.379000
945.992000
946.606000
947.236000
947.849000
948.463000
950.336000
950.950000
951.563000
952.193000
952.806000
953.436000
954.050000
955.293000
955.907000
956.537000
957.150000
957.764000
958.394000
969.419000
970.032000
970.646000
971.276000
971.889000
972.519000
973.132000
973.746000
974.376000
975.603000
976.233000
976.846000
977.476000
978.090000
978.703000
979.333000
979.946000
980.576000
981.190000
981.804000
982.433000
983.047000
984.904000
985.534000
986.147000
986.777000
987.391000
988.004000
988.634000
989.247000
990.491000
991.734000
992.348000
992.978000
993.591000
994.205000
995.448000
996.078000
996.691000
997.305000
997.935000
998.548000
999.178000
999.792000
1000.405000
1001.035000
1001.649000
1002.279000
1002.892000
1003.505000
1004.135000
1004.749000
1005.379000
1005.992000
1006.606000
1007.236000
1007.849000
1008.463000
1009.093000
1009.706000
1010.336000
1010.950000
1011.563000
1012.193000
1012.806000
1013.436000
1015.293000
1015.907000
1016.537000
1017.150000
1017.764000
1018.394000
