1038.656000
1039.899000
1041.142000
1042.386000
1043.613000
1044.856000
1046.100000
1047.343000
1048.587000
1049.813000
1051.057000
1052.300000
1053.544000
1054.787000
1056.014000
1057.257000
1058.501000
1059.744000
1060.988000
1062.215000
1063.458000
1064.702000
1065.945000
1067.172000
1068.415000
1069.659000
1070.902000
1072.146000
1073.372000
1074.616000
1075.859000
1077.103000
1078.346000
1079.573000
1080.816000
1082.060000
1083.303000
1084.547000
1085.774000
1097.412000
1098.656000
1099.899000
1101.143000
1102.386000
1103.613000
1104.856000
1107.343000
1108.587000
1109.813000
1111.057000
1112.300000
1113.544000
1114.787000
1116.014000
1117.257000
1118.501000
1119.744000
1120.988000
1122.215000
1123.458000
1124.702000
1125.945000
1127.172000
1128.415000
1129.659000
1130.902000
1132.146000
1133.372000
1134.616000
1135.859000
1137.103000
1138.346000
1139.573000
1140.816000
1142.060000
1144.547000
1145.774000
1157.412000
1158.656000
1159.899000
1161.143000
1162.386000
1163.613000
1166.100000
1167.343000
1168.587000
1169.813000
1171.057000
1172.300000
1173.544000
1174.771000
1176.014000
1177.257000
1178.501000
1179.744000
1180.971000
1182.215000
1183.458000
1184.702000
1185.945000
1187.172000
1188.415000
1189.659000
1190.902000
1192.146000
1193.372000
1194.616000
1195.859000
1197.103000
1198.346000
1199.573000
1200.817000
1202.060000
1203.303000
1205.774000
1217.412000
1218.656000
1219.899000
1221.143000
1222.386000
1223.613000
1224.856000
1227.343000
1228.587000
1229.814000
1231.057000
1232.300000
1233.544000
1234.771000
1236.014000
1237.258000
1238.501000
1239.744000
1240.971000
1242.215000
1243.458000
1244.702000
1245.945000
1247.172000
1248.415000
1249.659000
1250.902000
1252.146000
1253.372000
1254.616000
1255.859000
1257.103000
1258.346000
1259.573000
1260.817000
1262.060000
1263.303000
1264.547000
1265.774000
1277.412000
1278.656000
1279.899000
1281.143000
1282.386000
1283.613000
1284.856000
1286.100000
1287.343000
1288.587000
1289.814000
1291.057000
1292.300000
1293.544000
1294.771000
1296.014000
1297.258000
1298.501000
1299.744000
1300.971000
1302.215000
1303.458000
1304.702000
1305.945000
1307.172000
1308.415000
1309.659000
1310.902000
1312.146000
1313.373000
1314.616000
1315.859000
1317.103000
1318.346000
1319.573000
1320.817000
1322.060000
1323.303000
1324.547000
1337.412000
1338.656000
1339.899000
1341.143000
1342.386000
1343.613000
1344.856000
1346.100000
1347.343000
1348.587000
1349.814000
1351.057000
1352.300000
1353.544000
1354.771000
1356.014000
1357.258000
1358.501000
1359.744000
1360.971000
1362.215000
1363.458000
1365.945000
1367.172000
1368.415000
1369.659000
1370.902000
1372.146000
1373.373000
1374.616000
1375.859000
1377.103000
1378.346000
1379.573000
1380.817000
1382.060000
1384.547000
1385.774000
1397.412000
1398.656000
1399.899000
1401.143000
1402.386000
1403.613000
1404.856000
1406.100000
1407.343000
1408.587000
1409.814000
1411.057000
1412.300000
1413.544000
1414.771000
1416.014000
1417.258000
1418.501000
1419.744000
1420.971000
1422.215000
1423.458000
1425.945000
1428.415000
1430.902000
1433.373000
1434.616000
1435.859000
1437.103000
1438.346000
1439.573000
1440.817000
1442.060000
1443.303000
1444.530000
1445.774000
1457.412000
1458.656000
1459.899000
1461.143000
1462.386000
1463.613000
1464.856000
1466.100000
1467.343000
1468.587000
1469.814000
1471.057000
1472.300000
1473.544000
1474.771000
1477.258000
1478.501000
1479.745000
1480.971000
1482.215000
1483.458000
1484.702000
1487.172000
1488.415000
1489.659000
1490.902000
1492.146000
1493.373000
1494.616000
1495.859000
1497.103000
1499.573000
1500.817000
1503.303000
1505.774000
1517.412000
1518.656000
1519.883000
1521.126000
1522.370000
1523.613000
1524.856000
1526.083000
1527.327000
1528.570000
1529.814000
1531.057000
1532.284000
1533.527000
1534.771000
1536.014000
1537.258000
1538.485000
1539.728000
1540.971000
1542.215000
1543.458000
1544.685000
1545.929000
1547.172000
1548.415000
1549.659000
1550.886000
1552.129000
1553.373000
1554.616000
1555.843000
1557.086000
1558.330000
1559.573000
1560.817000
1562.044000
1563.287000
1564.530000
1565.774000
1577.412000
1578.656000
1579.883000
1581.126000
1582.370000
1583.613000
1584.856000
1586.083000
1587.327000
1588.570000
1589.814000
1591.057000
1592.284000
1593.527000
1594.771000
1596.014000
1597.258000
1598.485000
1599.728000
1600.971000
1602.215000
1603.458000
1605.929000
1607.172000
1608.415000
1610.886000
1612.129000
1613.373000
1614.616000
1615.843000
1617.086000
1618.330000
1619.573000
1620.817000
1622.044000
1623.287000
1624.530000
1625.774000
1637.412000
1638.656000
1639.883000
1641.126000
1642.370000
1644.856000
1646.083000
1647.327000
1648.570000
1649.814000
1651.057000
1652.284000
1653.527000
1654.771000
1656.014000
1657.258000
1658.485000
1659.728000
1660.971000
1662.215000
1663.458000
1664.685000
1665.929000
1667.172000
1668.415000
1669.659000
1670.886000
1672.129000
1674.616000
1675.843000
1677.086000
1678.330000
1680.817000
1682.044000
1683.287000
1684.530000
1685.774000
1697.412000
1698.656000
1699.883000
1701.126000
1702.370000
1703.613000
1704.857000
1706.083000
1708.570000
1709.814000
1711.057000
1712.284000
1713.527000
1714.771000
1716.014000
1719.728000
1722.215000
1723.458000
1724.685000
1725.929000
1727.172000
1728.416000
1729.659000
1730.886000
1732.129000
1733.373000
1734.616000
1735.843000
1739.573000
1742.044000
1743.287000
1744.530000
