9.435000
10.048000
10.662000
11.292000
12.535000
13.149000
13.762000
14.392000
15.006000
15.636000
16.249000
17.492000
18.106000
18.736000
19.349000
19.963000
20.593000
21.206000
21.820000
22.450000
23.063000
23.693000
24.306000
24.920000
25.550000
26.163000
26.793000
27.407000
28.020000
28.650000
29.264000
29.894000
30.507000
31.120000
31.750000
32.364000
32.994000
33.607000
34.221000
34.851000
35.464000
36.094000
36.708000
37.321000
39.195000
39.808000
40.421000
41.051000
41.665000
42.295000
42.908000
43.522000
44.152000
44.765000
45.395000
46.009000
46.622000
47.252000
47.865000
48.495000
49.109000
49.722000
50.352000
50.966000
51.579000
52.209000
52.823000
53.453000
54.066000
54.696000
55.309000
55.923000
56.553000
57.166000
57.780000
58.410000
69.418000
70.032000
71.275000
71.905000
72.519000
73.132000
73.762000
74.376000
75.006000
75.619000
76.232000
76.862000
77.476000
78.106000
78.719000
79.333000
79.963000
80.576000
81.206000
81.820000
82.433000
83.063000
83.676000
84.306000
84.920000
85.533000
86.163000
86.777000
87.407000
88.020000
88.634000
89.264000
89.877000
90.507000
91.121000
91.734000
92.364000
92.977000
94.221000
94.834000
95.464000
96.078000
96.708000
97.321000
97.935000
98.565000
99.178000
99.808000
100.421000
101.035000
101.665000
102.278000
104.135000
105.379000
105.992000
106.622000
107.235000
107.865000
108.479000
109.092000
109.722000
110.336000
110.966000
111.579000
112.193000
112.823000
113.436000
114.066000
114.680000
115.923000
116.536000
117.166000
117.780000
118.393000
129.435000
130.048000
130.662000
131.292000
131.905000
132.535000
133.149000
133.762000
134.392000
135.006000
135.636000
136.249000
136.862000
137.492000
138.736000
139.349000
139.963000
140.593000
141.206000
141.820000
142.450000
143.063000
143.693000
144.306000
145.550000
146.163000
146.793000
147.407000
148.020000
148.650000
149.264000
149.894000
150.507000
151.121000
151.751000
152.364000
152.994000
153.607000
154.221000
154.851000
155.464000
156.094000
157.321000
157.951000
158.565000
159.195000
159.808000
160.421000
161.051000
161.665000
162.295000
162.908000
163.522000
164.152000
164.765000
165.395000
166.009000
166.622000
167.252000
167.865000
168.495000
169.109000
169.722000
170.352000
170.966000
171.596000
172.209000
172.823000
173.453000
174.066000
174.680000
175.310000
175.923000
176.553000
177.166000
177.780000
178.410000
189.418000
190.032000
190.662000
191.275000
191.905000
192.519000
193.132000
193.762000
194.376000
195.006000
195.619000
196.232000
196.862000
197.476000
198.106000
198.719000
199.333000
199.963000
200.576000
201.206000
201.820000
202.433000
203.063000
203.676000
204.306000
204.920000
205.533000
206.163000
207.407000
208.020000
208.634000
209.264000
209.877000
211.121000
211.734000
212.364000
212.977000
213.607000
214.221000
214.834000
215.464000
216.078000
216.708000
217.321000
217.935000
218.565000
219.178000
219.808000
220.421000
221.035000
221.665000
222.278000
222.892000
223.522000
224.135000
224.765000
225.379000
225.992000
226.622000
227.235000
227.866000
228.479000
229.092000
229.722000
230.336000
230.966000
231.579000
232.193000
232.823000
233.436000
234.066000
234.680000
235.293000
235.923000
236.536000
237.166000
237.780000
238.393000
249.435000
250.662000
251.292000
251.905000
252.535000
253.149000
253.762000
254.392000
255.006000
255.636000
256.249000
256.862000
258.106000
258.736000
259.349000
259.963000
260.593000
261.206000
261.820000
262.450000
263.063000
263.693000
264.307000
264.920000
265.550000
266.163000
266.793000
267.407000
268.020000
268.650000
269.264000
269.894000
270.507000
271.121000
271.751000
272.994000
273.607000
274.221000
274.851000
275.464000
276.094000
276.708000
277.321000
277.951000
278.565000
279.195000
279.808000
280.421000
281.051000
281.665000
282.295000
282.908000
283.522000
284.152000
284.765000
285.395000
286.009000
286.622000
287.252000
287.866000
288.496000
289.109000
289.722000
290.966000
291.596000
292.209000
292.823000
293.453000
294.066000
294.680000
295.310000
295.923000
296.553000
297.166000
297.780000
298.410000
