1039.286000
1040.513000
1041.756000
1042.999000
1044.243000
1045.486000
1046.713000
1047.957000
1051.687000
1054.157000
1055.401000
1056.644000
1059.114000
1061.601000
1062.845000
1065.315000
1066.558000
1069.045000
1070.272000
1072.759000
1074.002000
1075.246000
1076.473000
1077.716000
1078.960000
1080.203000
1081.446000
1083.917000
1085.160000
1086.404000
1098.042000
1099.286000
1100.513000
1104.243000
1105.486000
1106.713000
1112.914000
1114.157000
1116.644000
1120.358000
1121.601000
1122.845000
1124.072000
1126.558000
1129.045000
1131.516000
1132.759000
1134.002000
1136.473000
1138.960000
1140.203000
1141.447000
1142.673000
1143.917000
1146.404000
1160.513000
1161.756000
1164.243000
1165.486000
1166.713000
1167.957000
1169.200000
1171.687000
1174.157000
1179.114000
1180.358000
1181.601000
1182.845000
1184.072000
1185.315000
1186.558000
1187.802000
1189.045000
1190.272000
1191.516000
1192.759000
1195.246000
1196.473000
1197.716000
1198.960000
1202.673000
1203.917000
1205.160000
1206.404000
1218.042000
1220.513000
1221.756000
1222.999000
1225.486000
1226.713000
1229.200000
1230.443000
1231.687000
1232.914000
1234.157000
1235.401000
1237.871000
1239.114000
1241.601000
1244.072000
1245.315000
1246.558000
1247.802000
1249.045000
1250.272000
1251.516000
1252.759000
1254.002000
1255.246000
1260.203000
1262.673000
1263.917000
1265.160000
1278.042000
1279.286000
1280.513000
1281.756000
1282.999000
1284.243000
1285.486000
1286.713000
1287.957000
1289.200000
1290.444000
1291.687000
1292.914000
1294.157000
1295.401000
1296.644000
1297.871000
1299.114000
1301.601000
1302.845000
1304.072000
1306.558000
1307.802000
1311.516000
1314.003000
1315.246000
1316.473000
1317.716000
1318.960000
1321.447000
1322.673000
1323.917000
1325.160000
1338.042000
1339.286000
1340.513000
1341.756000
1342.999000
1344.243000
1345.486000
1346.713000
1347.957000
1354.157000
1355.401000
1356.644000
1359.114000
1360.358000
1361.601000
1362.845000
1364.072000
1369.045000
1370.272000
1371.516000
1372.759000
1374.003000
1375.246000
1376.473000
1377.716000
1381.447000
1382.673000
1386.404000
1399.286000
1400.513000
1401.756000
1403.000000
1404.243000
1405.486000
1406.713000
1409.200000
1410.444000
1411.687000
1415.401000
1417.871000
1419.114000
1420.358000
1421.601000
1422.845000
1424.072000
1425.315000
1427.802000
1429.045000
1432.759000
1434.003000
1436.473000
1440.203000
1441.447000
1445.160000
1446.404000
1458.042000
1459.286000
1460.513000
1463.000000
1465.486000
1467.957000
1469.200000
1470.444000
1471.687000
1472.914000
1474.157000
1475.401000
1476.644000
1477.871000
1480.358000
1481.601000
1482.845000
1484.072000
1485.315000
1487.802000
1490.272000
1491.516000
1494.003000
1496.473000
1498.960000
1500.203000
1501.447000
1503.917000
1518.026000
1520.513000
1521.756000
1522.983000
1524.226000
1525.470000
1526.713000
1527.957000
1530.427000
1532.914000
1534.157000
1535.384000
1536.628000
1537.871000
1539.115000
1540.358000
1542.828000
1544.072000
1546.559000
1547.785000
1549.029000
1550.272000
1551.516000
1553.986000
1556.473000
1557.716000
1558.943000
1560.187000
1561.430000
1562.674000
1563.917000
1566.387000
1578.026000
1579.269000
1580.513000
1582.983000
1584.226000
1585.470000
1587.957000
1589.184000
1590.427000
1594.157000
1595.384000
1596.628000
1599.115000
1600.358000
1601.585000
1604.072000
1609.029000
1610.272000
1612.743000
1613.986000
1615.230000
1616.473000
1618.943000
1621.430000
1622.674000
1623.917000
1626.387000
1638.026000
1639.269000
1640.513000
1641.756000
1642.983000
1644.226000
1645.470000
1647.957000
1650.427000
1651.671000
1652.914000
1656.628000
1657.871000
1660.358000
1662.828000
1664.072000
1665.315000
1666.559000
1669.029000
1671.516000
1673.986000
1676.473000
1677.716000
1680.187000
1681.430000
1682.674000
1683.917000
1686.387000
1698.026000
1699.269000
1700.513000
1701.756000
1705.470000
1706.713000
1711.671000
1712.914000
1714.157000
1715.384000
1716.628000
1722.828000
1724.072000
1725.315000
1730.272000
1731.516000
1732.743000
1738.943000
1740.187000
1741.430000
1742.674000
1743.917000
