310.662000
311.905000
313.132000
314.376000
315.619000
316.863000
318.106000
319.333000
320.576000
321.820000
323.063000
324.307000
325.533000
326.777000
328.020000
329.264000
330.507000
331.734000
332.977000
334.221000
335.464000
336.708000
337.935000
339.178000
340.422000
341.665000
342.892000
344.135000
345.379000
346.622000
347.866000
349.092000
350.336000
351.579000
352.823000
354.066000
355.293000
356.536000
357.780000
369.418000
370.662000
373.132000
374.376000
375.619000
376.863000
378.106000
379.333000
380.576000
381.820000
383.063000
384.307000
385.533000
386.777000
388.020000
389.264000
390.507000
391.734000
392.977000
394.221000
395.464000
396.708000
397.935000
399.178000
400.422000
401.665000
402.892000
404.135000
405.379000
406.622000
407.866000
409.092000
410.336000
411.579000
412.823000
414.066000
415.293000
417.780000
429.418000
430.662000
431.905000
433.132000
434.376000
436.863000
439.333000
440.576000
443.063000
444.307000
445.533000
446.777000
448.020000
449.264000
451.734000
452.978000
454.221000
455.464000
456.708000
457.935000
459.178000
460.422000
462.892000
464.135000
465.379000
466.622000
467.866000
469.092000
470.336000
471.579000
472.823000
474.066000
475.293000
476.537000
477.780000
489.419000
490.662000
491.905000
493.132000
494.376000
495.619000
496.863000
498.106000
499.333000
500.576000
501.820000
503.063000
504.307000
505.533000
506.777000
508.020000
509.264000
511.734000
512.978000
514.221000
517.935000
519.178000
520.422000
521.665000
522.892000
524.135000
525.379000
526.622000
527.866000
529.092000
530.336000
531.579000
532.823000
534.066000
535.293000
536.537000
537.780000
549.419000
550.662000
551.905000
553.132000
554.376000
555.619000
558.106000
559.333000
560.576000
561.820000
563.063000
564.307000
566.777000
568.020000
569.264000
570.491000
571.734000
572.978000
574.221000
575.464000
577.935000
579.178000
580.422000
582.892000
584.135000
585.379000
586.622000
587.866000
589.093000
590.336000
591.579000
592.823000
594.066000
595.293000
596.537000
597.780000
609.419000
610.662000
611.905000
613.132000
614.376000
615.619000
616.863000
618.106000
619.333000
620.576000
623.063000
624.307000
625.534000
626.777000
628.020000
629.264000
630.491000
631.734000
632.978000
634.221000
635.464000
636.691000
637.935000
639.178000
640.422000
642.892000
644.135000
645.379000
646.622000
647.866000
649.093000
650.336000
651.579000
652.823000
654.066000
655.293000
656.537000
669.419000
670.645000
671.889000
673.132000
674.376000
675.603000
676.846000
678.090000
679.333000
680.576000
681.803000
683.047000
684.290000
686.777000
688.004000
689.247000
690.491000
691.734000
692.978000
695.448000
696.691000
697.935000
699.178000
700.405000
701.648000
702.892000
704.135000
705.379000
706.606000
707.849000
709.093000
710.336000
711.563000
712.806000
714.050000
715.293000
716.537000
717.763000
729.419000
730.662000
731.905000
733.132000
734.376000
736.863000
738.106000
739.333000
740.576000
741.820000
743.063000
744.307000
745.534000
746.777000
749.264000
750.491000
751.734000
752.978000
754.221000
755.464000
756.691000
757.935000
759.178000
760.422000
761.665000
762.892000
764.135000
765.379000
766.622000
767.866000
769.093000
772.823000
776.537000
789.419000
790.662000
791.906000
793.132000
794.376000
795.619000
798.106000
799.333000
800.576000
801.820000
803.063000
805.534000
806.777000
808.020000
809.264000
810.491000
811.734000
812.978000
814.221000
815.465000
817.935000
820.422000
821.665000
822.892000
824.135000
825.379000
826.622000
829.093000
830.336000
834.066000
835.293000
836.537000
837.780000
849.419000
850.646000
851.889000
853.132000
854.376000
855.603000
856.846000
858.090000
859.333000
860.576000
861.803000
863.047000
864.290000
865.534000
866.777000
868.004000
869.247000
870.491000
871.734000
872.978000
874.205000
875.448000
876.691000
877.935000
879.178000
881.649000
882.892000
884.135000
885.379000
887.849000
889.093000
890.336000
891.563000
892.806000
894.050000
895.293000
896.537000
897.764000
909.419000
910.646000
911.889000
913.132000
915.603000
916.846000
918.090000
919.333000
920.576000
921.803000
923.047000
924.290000
925.534000
926.777000
928.004000
929.247000
930.491000
931.734000
932.978000
934.205000
935.448000
936.691000
937.935000
939.178000
940.405000
941.649000
942.892000
944.135000
945.379000
946.606000
947.849000
950.336000
951.563000
952.806000
954.050000
955.293000
956.537000
957.764000
969.419000
970.646000
971.889000
973.132000
974.376000
975.603000
976.846000
978.090000
979.333000
980.576000
981.804000
983.047000
985.534000
986.777000
988.004000
989.247000
990.491000
991.734000
992.978000
994.205000
995.448000
996.691000
997.935000
999.178000
1000.405000
1001.649000
1002.892000
1004.135000
1005.379000
1006.606000
1007.849000
1009.093000
1010.336000
1011.563000
1012.806000
1015.293000
1016.537000
1017.764000
