1767.287000
1768.531000
1772.244000
1774.731000
1775.975000
1779.689000
1788.376000
1805.734000
1810.692000
1827.287000
1832.244000
1834.731000
1837.202000
1840.932000
1849.603000
1854.560000
1855.804000
1858.290000
1860.761000
1862.004000
1866.961000
1873.162000
1889.774000
1891.001000
1902.159000
1905.889000
1907.133000
1912.090000
1922.004000
1925.734000
1934.405000
1949.774000
1955.975000
1962.159000
1973.333000
1974.560000
1983.248000
1986.961000
1994.405000
2007.287000
2011.001000
2012.245000
2025.889000
2030.846000
2038.290000
2054.405000
2066.044000
2074.731000
2088.360000
2093.333000
2094.560000
2099.534000
2102.004000
2114.405000
2126.044000
2132.245000
2134.731000
2138.445000
2155.804000
2164.491000
2166.961000
2191.001000
2192.245000
2193.472000
2198.445000
2199.672000
2218.274000
2219.517000
2223.231000
2225.718000
2249.758000
2254.715000
2258.445000
2275.804000
2279.517000
2293.162000
2294.406000
2306.044000
2309.758000
2312.245000
2313.472000
2320.916000
2323.402000
2329.603000
2332.073000
2342.004000
2351.919000
2354.406000
2366.044000
2371.001000
2375.958000
2379.672000
2387.116000
2397.031000
2405.718000
2414.406000
2428.514000
2437.202000
2449.603000
2462.004000
2466.962000
2468.205000
