316.247000
318.734000
319.961000
323.691000
326.161000
327.405000
349.720000
350.964000
353.450000
355.921000
357.164000
358.408000
377.474000
379.961000
381.204000
384.918000
388.648000
389.875000
398.562000
406.006000
407.233000
408.477000
412.207000
442.447000
448.648000
453.605000
459.806000
462.293000
467.250000
474.694000
490.046000
492.517000
497.474000
499.961000
501.204000
502.431000
504.918000
511.118000
518.562000
523.520000
529.720000
530.964000
556.247000
558.717000
559.961000
563.674000
567.405000
574.832000
576.076000
577.319000
582.276000
586.007000
588.477000
592.191000
610.046000
617.474000
622.431000
623.674000
628.632000
642.276000
643.520000
650.964000
655.921000
673.760000
676.247000
688.632000
692.362000
706.007000
707.233000
708.477000
717.164000
733.760000
749.875000
763.520000
767.233000
768.477000
772.191000
792.517000
795.004000
797.474000
799.961000
812.362000
824.763000
832.191000
837.164000
853.760000
861.204000
866.161000
867.405000
878.563000
888.477000
889.720000
890.964000
895.921000
897.164000
919.961000
921.204000
926.161000
927.405000
931.119000
933.605000
938.563000
939.806000
947.234000
954.678000
955.921000
981.204000
986.161000
996.076000
998.563000
1002.276000
1008.477000
