6.332000
6.946000
7.576000
8.189000
8.803000
9.433000
10.046000
10.660000
11.290000
11.903000
12.533000
13.146000
13.760000
14.390000
15.003000
15.633000
16.247000
16.860000
17.490000
18.104000
18.734000
19.347000
19.960000
20.590000
21.204000
21.834000
22.447000
23.061000
23.691000
24.304000
24.934000
25.548000
26.161000
26.791000
27.404000
28.034000
28.648000
29.261000
29.891000
30.505000
31.135000
31.748000
32.362000
32.992000
33.605000
34.235000
34.849000
35.462000
36.092000
36.705000
37.335000
37.949000
38.562000
39.192000
39.806000
40.436000
41.049000
41.663000
42.293000
42.906000
43.536000
44.149000
44.763000
45.393000
46.006000
46.620000
47.250000
47.863000
48.493000
49.107000
49.720000
50.350000
50.963000
51.593000
52.207000
52.820000
53.450000
54.064000
54.694000
55.307000
55.921000
56.551000
57.164000
57.794000
58.408000
66.332000
66.946000
67.576000
68.189000
68.803000
69.433000
70.046000
70.660000
71.290000
71.903000
72.533000
73.146000
73.760000
74.390000
75.003000
75.633000
76.247000
76.860000
77.490000
78.104000
78.734000
79.347000
79.960000
80.590000
81.204000
81.834000
82.447000
83.061000
83.691000
84.304000
84.934000
85.548000
86.161000
86.791000
87.404000
88.034000
88.648000
89.261000
89.891000
90.505000
91.135000
91.748000
92.362000
92.992000
93.605000
94.235000
94.849000
95.462000
96.092000
96.705000
97.335000
97.949000
98.562000
99.192000
99.806000
100.436000
101.049000
101.663000
102.293000
102.906000
103.536000
104.149000
104.763000
105.393000
106.006000
106.620000
107.250000
107.863000
108.493000
109.107000
109.720000
110.350000
110.963000
111.594000
112.207000
112.820000
113.450000
114.064000
114.694000
115.307000
115.921000
116.551000
117.164000
117.794000
118.408000
126.332000
126.946000
127.576000
128.189000
128.803000
129.433000
130.046000
130.660000
131.290000
131.903000
132.533000
133.146000
133.760000
134.390000
135.003000
135.633000
136.247000
136.860000
137.490000
138.104000
138.734000
139.347000
139.960000
140.590000
141.204000
141.834000
142.447000
143.061000
143.691000
144.304000
144.934000
145.548000
146.161000
146.791000
147.405000
148.035000
148.648000
149.261000
149.891000
150.505000
151.135000
151.748000
152.362000
152.992000
153.605000
154.235000
154.849000
155.462000
156.092000
156.705000
157.335000
157.949000
158.562000
159.192000
159.806000
160.436000
161.049000
161.663000
162.293000
162.906000
163.536000
164.149000
164.763000
165.393000
166.006000
166.620000
167.250000
167.863000
168.493000
169.107000
169.720000
170.350000
170.964000
171.594000
172.207000
172.820000
173.450000
174.064000
174.694000
175.307000
175.921000
176.551000
177.164000
177.794000
178.408000
186.332000
186.946000
187.576000
188.189000
188.803000
189.433000
190.046000
190.660000
191.290000
191.903000
192.533000
193.146000
193.760000
194.390000
195.003000
195.633000
196.247000
196.860000
197.490000
198.104000
198.734000
199.347000
199.960000
200.590000
201.204000
201.834000
202.447000
203.061000
203.691000
204.304000
204.934000
205.548000
206.161000
206.791000
207.405000
208.035000
208.648000
209.261000
209.891000
210.505000
211.135000
211.748000
212.362000
212.992000
213.605000
214.235000
214.849000
215.462000
216.092000
216.705000
217.335000
217.949000
218.562000
219.192000
219.806000
220.436000
221.049000
221.663000
222.293000
222.906000
223.519000
224.150000
224.763000
225.393000
226.006000
226.620000
227.250000
227.863000
228.493000
229.107000
229.720000
230.350000
230.964000
231.594000
232.207000
232.820000
233.450000
234.064000
234.694000
235.307000
235.921000
236.551000
237.164000
237.794000
238.408000
246.332000
246.946000
247.576000
248.189000
248.803000
249.433000
250.046000
250.660000
251.290000
251.903000
252.533000
253.146000
253.760000
254.390000
255.003000
255.633000
256.247000
256.860000
257.490000
258.104000
258.734000
259.347000
259.961000
260.591000
261.204000
261.834000
262.447000
263.061000
263.691000
264.304000
264.934000
265.548000
266.161000
266.791000
267.405000
268.035000
268.648000
269.261000
269.891000
270.505000
271.135000
271.748000
272.362000
272.992000
273.605000
274.235000
274.849000
275.462000
276.092000
276.705000
277.336000
277.949000
278.562000
279.192000
279.806000
280.436000
281.049000
281.663000
282.293000
282.906000
283.520000
284.150000
284.763000
285.393000
286.006000
286.620000
287.250000
287.863000
288.493000
289.107000
289.720000
290.350000
290.964000
291.594000
292.207000
292.820000
293.450000
294.064000
294.694000
295.307000
295.921000
296.551000
297.164000
297.794000
298.408000
306.332000
306.946000
307.576000
308.189000
308.803000
309.433000
310.046000
310.660000
311.290000
311.903000
312.533000
313.146000
313.760000
314.390000
315.003000
315.633000
316.247000
316.860000
317.490000
318.104000
318.734000
319.347000
319.961000
320.591000
321.204000
321.834000
322.447000
323.061000
323.691000
324.304000
324.934000
325.548000
326.161000
326.791000
327.405000
328.035000
328.648000
329.261000
329.891000
330.505000
331.135000
331.748000
332.362000
332.992000
333.605000
334.235000
334.849000
335.462000
336.092000
336.705000
337.335000
337.949000
338.562000
339.192000
339.806000
340.436000
341.049000
341.663000
342.293000
342.906000
343.520000
344.150000
344.763000
345.393000
346.006000
346.620000
347.250000
347.863000
348.493000
349.107000
349.720000
350.350000
350.964000
351.594000
352.207000
352.820000
353.450000
354.064000
354.694000
355.307000
355.921000
356.551000
357.164000
357.794000
358.408000
366.316000
366.946000
367.559000
368.173000
368.803000
369.416000
370.046000
370.660000
371.273000
371.903000
372.517000
373.147000
373.760000
374.373000
375.003000
375.617000
376.247000
376.860000
377.474000
378.104000
378.717000
379.347000
379.961000
380.574000
381.204000
381.817000
382.447000
383.061000
383.674000
384.304000
384.918000
385.548000
386.161000
386.775000
387.405000
388.018000
388.648000
389.261000
389.875000
390.505000
391.118000
391.732000
392.362000
392.975000
393.605000
394.219000
394.832000
395.462000
396.076000
396.706000
397.319000
397.932000
398.562000
399.176000
399.806000
400.419000
401.033000
401.663000
402.276000
402.906000
403.520000
404.133000
404.763000
405.376000
406.006000
406.620000
407.233000
407.863000
408.477000
409.107000
409.720000
410.334000
410.964000
411.577000
412.207000
412.820000
413.434000
414.064000
414.677000
415.307000
415.921000
416.534000
417.164000
417.778000
418.408000
426.333000
426.946000
427.576000
428.189000
428.803000
429.433000
430.046000
430.660000
431.290000
431.903000
432.533000
433.147000
433.760000
434.390000
435.003000
435.633000
436.247000
436.860000
437.490000
438.104000
438.734000
439.347000
439.961000
440.591000
441.204000
441.834000
442.447000
443.061000
443.691000
444.304000
444.934000
445.548000
446.161000
446.791000
447.405000
448.035000
448.648000
449.261000
449.891000
450.505000
451.135000
451.748000
452.362000
452.992000
453.605000
454.235000
454.849000
455.462000
456.092000
456.706000
457.336000
457.949000
458.562000
459.192000
459.806000
460.436000
461.049000
461.663000
462.293000
462.906000
463.520000
464.150000
464.763000
465.393000
466.006000
466.620000
467.250000
467.863000
468.493000
469.107000
469.720000
470.350000
470.964000
471.594000
472.207000
472.820000
473.451000
474.064000
474.694000
475.307000
475.921000
476.551000
477.164000
477.794000
478.408000
486.316000
486.946000
487.559000
488.173000
488.803000
489.416000
490.046000
490.660000
491.273000
491.903000
492.517000
493.147000
493.760000
494.373000
495.003000
495.617000
496.247000
496.860000
497.474000
498.104000
498.717000
499.331000
499.961000
500.574000
501.204000
501.817000
502.431000
503.061000
503.674000
504.304000
504.918000
505.531000
506.161000
506.775000
507.405000
508.018000
508.632000
509.262000
509.875000
510.505000
511.118000
511.732000
512.362000
512.975000
513.605000
514.219000
514.832000
515.462000
516.076000
516.706000
517.319000
517.932000
518.562000
519.176000
519.806000
520.419000
521.033000
521.663000
522.276000
522.906000
523.520000
524.133000
524.763000
525.376000
526.006000
526.620000
527.233000
527.863000
528.477000
529.107000
529.720000
530.334000
530.964000
531.577000
532.191000
532.821000
533.434000
534.064000
534.677000
535.291000
535.921000
536.534000
537.164000
537.778000
538.391000
546.316000
546.946000
547.559000
548.173000
548.803000
549.416000
550.046000
550.660000
551.273000
551.903000
552.517000
553.147000
553.760000
554.373000
555.003000
555.617000
556.247000
556.860000
557.474000
558.104000
558.717000
559.331000
559.961000
560.574000
561.204000
561.818000
562.431000
563.061000
563.674000
564.304000
564.918000
565.531000
566.161000
566.775000
567.405000
568.018000
568.632000
569.262000
569.875000
570.505000
571.118000
571.732000
572.362000
572.975000
573.605000
574.219000
574.832000
575.462000
576.076000
576.706000
577.319000
577.932000
578.562000
579.176000
579.806000
580.419000
581.033000
581.663000
582.276000
582.906000
583.520000
584.133000
584.763000
585.377000
586.007000
586.620000
587.233000
587.863000
588.477000
589.107000
589.720000
590.334000
590.964000
591.577000
592.191000
592.821000
593.434000
594.064000
594.677000
595.291000
595.921000
596.534000
597.164000
597.778000
598.391000
606.316000
606.946000
607.560000
608.173000
608.803000
609.416000
610.046000
610.660000
611.273000
611.903000
612.517000
613.147000
613.760000
614.373000
615.003000
615.617000
616.247000
616.860000
617.474000
618.104000
618.717000
619.331000
619.961000
620.574000
621.204000
621.818000
622.431000
623.061000
623.674000
624.304000
624.918000
625.531000
626.161000
626.775000
627.405000
628.018000
628.632000
629.262000
629.875000
630.505000
631.118000
631.732000
632.362000
632.975000
633.605000
634.219000
634.832000
635.462000
636.076000
636.706000
637.319000
637.932000
638.562000
639.176000
639.806000
640.419000
641.033000
641.663000
642.276000
642.906000
643.520000
644.133000
644.763000
645.377000
646.007000
646.620000
647.233000
647.863000
648.477000
649.107000
649.720000
650.334000
650.964000
651.577000
652.191000
652.821000
653.434000
654.064000
654.677000
655.291000
655.921000
656.534000
657.164000
657.778000
658.391000
666.316000
666.946000
667.559000
668.173000
668.803000
669.416000
670.046000
670.660000
671.273000
671.903000
672.517000
673.147000
673.760000
674.373000
675.003000
675.617000
676.247000
676.860000
677.474000
678.104000
678.717000
679.331000
679.961000
680.574000
681.204000
681.818000
682.431000
683.061000
683.674000
684.304000
684.918000
685.531000
686.161000
686.775000
687.405000
688.018000
688.632000
689.262000
689.875000
690.505000
691.118000
691.732000
692.362000
692.975000
693.605000
694.219000
694.832000
695.462000
696.076000
696.706000
697.319000
697.933000
698.563000
699.176000
699.806000
700.419000
701.033000
701.663000
702.276000
702.906000
703.520000
704.133000
704.763000
705.377000
706.007000
706.620000
707.233000
707.863000
708.477000
709.107000
709.720000
710.334000
710.964000
711.577000
712.191000
712.821000
713.434000
714.064000
714.677000
715.291000
715.921000
716.534000
717.164000
717.778000
718.391000
726.316000
726.946000
727.560000
728.173000
728.803000
729.416000
730.046000
730.660000
731.273000
731.903000
732.517000
733.147000
733.760000
734.374000
735.004000
735.617000
736.247000
736.860000
737.474000
738.104000
738.717000
739.331000
739.961000
740.574000
741.204000
741.818000
742.431000
743.061000
743.674000
744.304000
744.918000
745.531000
746.161000
746.775000
747.405000
748.018000
748.632000
749.262000
749.875000
750.505000
751.118000
751.732000
752.362000
752.975000
753.605000
754.219000
754.832000
755.462000
756.076000
756.706000
757.319000
757.933000
758.563000
759.176000
759.806000
760.419000
761.033000
761.663000
762.276000
762.906000
763.520000
764.133000
764.763000
765.377000
766.007000
766.620000
767.233000
767.863000
768.477000
769.107000
769.720000
770.334000
770.964000
771.577000
772.191000
772.821000
773.434000
774.064000
774.677000
775.291000
775.921000
776.534000
777.164000
777.778000
778.391000
786.316000
786.946000
787.560000
788.173000
788.803000
789.416000
790.046000
790.660000
791.273000
791.903000
792.517000
793.147000
793.760000
794.374000
795.004000
795.617000
796.247000
796.860000
797.474000
798.104000
798.717000
799.331000
799.961000
800.574000
801.204000
801.818000
802.431000
803.061000
803.674000
804.304000
804.918000
805.531000
806.161000
806.775000
807.405000
808.018000
808.632000
809.262000
809.875000
810.505000
811.119000
811.732000
812.362000
812.975000
813.605000
814.219000
814.832000
815.462000
816.076000
816.706000
817.319000
817.933000
818.563000
819.176000
819.806000
820.419000
821.033000
821.663000
822.276000
822.906000
823.520000
824.133000
824.763000
825.377000
826.007000
826.620000
827.233000
827.863000
828.477000
829.107000
829.720000
830.334000
830.964000
831.577000
832.191000
832.821000
833.434000
834.064000
834.677000
835.291000
835.921000
836.534000
837.164000
837.778000
838.391000
846.316000
846.946000
847.560000
848.173000
848.803000
849.416000
850.046000
850.660000
851.273000
851.903000
852.517000
853.147000
853.760000
854.374000
855.004000
855.617000
856.247000
856.860000
857.474000
858.104000
858.717000
859.331000
859.961000
860.574000
861.204000
861.818000
862.431000
863.061000
863.674000
864.304000
864.918000
865.531000
866.161000
866.775000
867.405000
868.018000
868.632000
869.262000
869.875000
870.505000
871.119000
871.732000
872.362000
872.975000
873.605000
874.219000
874.832000
875.462000
876.076000
876.706000
877.319000
877.933000
878.563000
879.176000
879.806000
880.419000
881.033000
881.663000
882.276000
882.906000
883.520000
884.133000
884.763000
885.377000
886.007000
886.620000
887.234000
887.863000
888.477000
889.107000
889.720000
890.334000
890.964000
891.577000
892.191000
892.821000
893.434000
894.064000
894.678000
895.291000
895.921000
896.534000
897.164000
897.778000
898.391000
906.316000
906.946000
907.560000
908.173000
908.803000
909.416000
910.046000
910.660000
911.273000
911.903000
912.517000
913.147000
913.760000
914.374000
915.004000
915.617000
916.247000
916.860000
917.474000
918.104000
918.717000
919.331000
919.961000
920.574000
921.204000
921.818000
922.431000
923.061000
923.675000
924.305000
924.918000
925.531000
926.161000
926.775000
927.405000
928.018000
928.632000
929.262000
929.875000
930.505000
931.119000
931.732000
932.362000
932.975000
933.605000
934.219000
934.832000
935.462000
936.076000
936.706000
937.319000
937.933000
938.563000
939.176000
939.806000
940.419000
941.033000
941.663000
942.276000
942.906000
943.520000
944.133000
944.763000
945.377000
946.007000
946.620000
947.234000
947.864000
948.477000
949.107000
949.720000
950.334000
950.964000
951.577000
952.191000
952.821000
953.434000
954.064000
954.678000
955.291000
955.921000
956.534000
957.164000
957.778000
958.391000
966.316000
966.946000
967.560000
968.173000
968.803000
969.416000
970.046000
970.660000
971.273000
971.903000
972.517000
973.147000
973.760000
974.374000
975.004000
975.617000
976.230000
976.860000
977.474000
978.104000
978.717000
979.331000
979.961000
980.574000
981.204000
981.818000
982.431000
983.061000
983.675000
984.305000
984.918000
985.531000
986.161000
986.775000
987.405000
988.018000
988.632000
989.262000
989.875000
990.505000
991.119000
991.732000
992.362000
992.975000
993.605000
994.219000
994.832000
995.462000
996.076000
996.706000
997.319000
997.933000
998.563000
999.176000
999.806000
1000.419000
1001.033000
1001.663000
1002.276000
1002.906000
1003.520000
1004.133000
1004.763000
1005.377000
1006.007000
1006.620000
1007.234000
1007.864000
1008.477000
1009.090000
1009.720000
1010.334000
1010.964000
1011.577000
1012.191000
1012.821000
1013.434000
1014.064000
1014.678000
1015.291000
1015.921000
1016.534000
1017.164000
1017.778000
1018.391000
