1766.667000
1767.910000
1769.153000
1770.380000
1771.624000
1772.867000
1774.111000
1775.354000
1776.581000
1777.824000
1779.068000
1780.311000
1781.555000
1782.781000
1784.025000
1785.268000
1786.512000
1787.755000
1788.982000
1790.226000
1791.469000
1792.712000
1795.183000
1796.426000
1797.670000
1798.913000
1800.140000
1801.383000
1802.627000
1803.870000
1805.114000
1806.340000
1807.584000
1808.827000
1810.071000
1811.314000
1812.541000
1813.785000
1827.910000
1829.153000
1830.380000
1831.624000
1832.867000
1834.111000
1835.354000
1836.581000
1837.824000
1839.068000
1841.555000
1842.781000
1844.025000
1845.268000
1846.512000
1847.755000
1848.982000
1850.226000
1851.469000
1852.712000
1853.956000
1855.183000
1856.426000
1857.670000
1858.913000
1860.140000
1861.383000
1862.627000
1863.870000
1865.114000
1866.340000
1867.584000
1868.827000
1870.071000
1872.541000
1885.423000
1886.667000
1889.153000
1890.380000
1891.624000
1892.867000
1894.111000
1895.354000
1896.581000
1897.824000
1899.068000
1900.311000
1901.555000
1902.782000
1904.025000
1905.268000
1906.512000
1907.755000
1910.226000
1912.712000
1913.956000
1915.183000
1917.670000
1918.913000
1920.140000
1922.627000
1923.870000
1925.114000
1926.341000
1927.584000
1928.827000
1930.071000
1931.314000
1932.541000
1933.785000
1950.380000
1951.624000
1952.867000
1954.111000
1956.581000
1957.824000
1959.068000
1960.311000
1961.555000
1962.782000
1964.025000
1965.268000
1966.512000
1967.755000
1968.982000
1971.469000
1972.712000
1973.956000
1975.183000
1976.426000
1977.670000
1980.140000
1981.383000
1983.870000
1985.114000
1987.584000
1990.071000
1991.314000
1993.785000
2005.423000
2007.910000
2009.153000
2010.380000
2011.624000
2012.867000
2014.111000
2015.354000
2016.581000
2017.824000
2019.068000
2020.311000
2021.555000
2024.025000
2025.268000
2027.755000
2030.226000
2031.469000
2032.712000
2033.956000
2035.183000
2038.913000
2040.140000
2041.383000
2042.627000
2043.870000
2045.114000
2046.341000
2047.584000
2048.827000
2050.071000
2051.314000
2052.541000
2066.667000
2067.910000
2069.154000
2070.380000
2071.624000
2072.867000
2074.111000
2075.354000
2076.581000
2077.824000
2079.068000
2080.311000
2081.555000
2082.782000
2084.025000
2085.268000
2086.512000
2087.739000
2088.982000
2090.226000
2092.713000
2093.939000
2095.183000
2096.426000
2097.670000
2098.913000
2101.383000
2102.627000
2103.870000
2105.114000
2106.341000
2108.827000
2110.071000
2111.314000
2112.541000
2113.785000
2125.423000
2126.667000
2127.910000
2130.380000
2131.624000
2132.867000
2134.111000
2135.354000
2136.581000
2137.824000
2139.068000
2140.311000
2142.782000
2144.025000
2145.268000
2146.512000
2147.739000
2148.982000
2150.226000
2151.469000
2152.713000
2153.939000
2155.183000
2156.426000
2158.913000
2161.383000
2162.627000
2163.870000
2165.114000
2166.341000
2167.584000
2168.827000
2172.541000
2173.785000
2185.423000
2186.667000
2187.894000
2189.137000
2190.380000
2191.624000
2192.851000
2194.094000
2195.338000
2196.581000
2197.824000
2199.051000
2201.538000
2205.252000
2206.495000
2207.739000
2208.982000
2210.226000
2211.453000
2215.183000
2216.426000
2217.653000
2218.897000
2220.140000
2221.383000
2222.627000
2223.854000
2225.097000
2226.341000
2227.584000
2230.054000
2231.298000
2232.541000
2245.423000
2246.667000
2247.910000
2249.154000
2250.380000
2252.867000
2254.111000
2255.354000
2256.581000
2257.824000
2259.068000
2260.311000
2261.555000
2265.269000
2266.512000
2267.739000
2268.982000
2270.226000
2271.469000
2272.713000
2273.939000
2275.183000
2276.426000
2280.140000
2281.384000
2282.627000
2283.870000
2285.114000
2286.341000
2287.584000
2288.828000
2290.071000
2291.314000
2292.541000
2293.785000
2305.423000
2306.667000
2307.894000
2309.137000
2310.380000
2311.624000
2312.851000
2314.094000
2315.338000
2316.581000
2317.825000
2319.051000
2320.295000
2322.782000
2325.252000
2326.495000
2327.739000
2330.226000
2331.453000
2332.696000
2333.939000
2335.183000
2336.426000
2337.653000
2338.897000
2341.384000
2345.097000
2346.341000
2347.584000
2348.811000
2350.054000
2351.298000
2352.541000
2353.785000
2365.423000
2366.667000
2367.894000
2369.137000
2370.380000
2371.624000
2372.851000
2374.094000
2375.338000
2376.581000
2377.825000
2379.051000
2380.295000
2381.538000
2382.782000
2384.025000
2385.252000
2386.495000
2390.226000
2391.453000
2392.696000
2393.940000
2395.183000
2396.426000
2397.653000
2398.897000
2400.140000
2401.384000
2403.854000
2405.097000
2407.584000
2408.811000
2410.054000
2411.298000
2412.541000
2413.785000
2425.423000
2427.894000
2429.137000
2430.381000
2431.624000
2432.851000
2434.094000
2435.338000
2436.581000
2437.825000
2439.051000
2440.295000
2441.538000
2442.782000
2444.025000
2445.252000
2446.495000
2447.739000
2448.982000
2450.226000
2451.453000
2452.696000
2453.940000
2455.183000
2456.426000
2457.653000
2458.897000
2460.140000
2461.384000
2462.627000
2463.854000
2466.341000
2467.584000
2468.811000
2470.054000
2471.298000
2472.541000
