1762.323000
1762.953000
1763.566000
1764.180000
1764.810000
1765.423000
1766.053000
1766.667000
1767.280000
1767.910000
1768.523000
1769.153000
1769.767000
1770.380000
1771.010000
1771.624000
1772.254000
1772.867000
1773.481000
1774.111000
1774.724000
1775.354000
1775.967000
1776.581000
1777.211000
1777.824000
1778.454000
1779.068000
1779.681000
1780.311000
1780.925000
1781.555000
1782.168000
1782.781000
1783.411000
1784.025000
1784.655000
1785.268000
1785.882000
1786.512000
1787.125000
1787.755000
1788.369000
1788.982000
1789.612000
1790.226000
1790.856000
1791.469000
1792.082000
1792.712000
1793.326000
1793.956000
1794.569000
1795.183000
1795.813000
1796.426000
1797.040000
1797.670000
1798.283000
1798.913000
1799.526000
1800.140000
1800.770000
1801.383000
1802.013000
1802.627000
1803.240000
1803.870000
1804.484000
1805.114000
1805.727000
1806.340000
1806.970000
1807.584000
1808.214000
1808.827000
1809.441000
1810.071000
1810.684000
1811.314000
1811.928000
1812.541000
1813.171000
1813.785000
1814.415000
1822.323000
1822.953000
1823.566000
1824.180000
1824.810000
1825.423000
1826.053000
1826.667000
1827.280000
1827.910000
1828.523000
1829.153000
1829.767000
1830.380000
1831.010000
1831.624000
1832.254000
1832.867000
1833.481000
1834.111000
1834.724000
1835.354000
1835.967000
1836.581000
1837.211000
1837.824000
1838.454000
1839.068000
1839.681000
1840.311000
1840.925000
1841.555000
1842.168000
1842.781000
1843.412000
1844.025000
1844.655000
1845.268000
1845.882000
1846.512000
1847.125000
1847.755000
1848.369000
1848.982000
1849.612000
1850.226000
1850.856000
1851.469000
1852.082000
1852.712000
1853.326000
1853.956000
1854.569000
1855.183000
1855.813000
1856.426000
1857.040000
1857.670000
1858.283000
1858.913000
1859.526000
1860.140000
1860.770000
1861.383000
1862.013000
1862.627000
1863.240000
1863.870000
1864.484000
1865.114000
1865.727000
1866.340000
1866.971000
1867.584000
1868.214000
1868.827000
1869.441000
1870.071000
1870.684000
1871.314000
1871.928000
1872.541000
1873.171000
1873.785000
1874.415000
1882.323000
1882.953000
1883.566000
1884.180000
1884.810000
1885.423000
1886.053000
1886.667000
1887.280000
1887.910000
1888.523000
1889.153000
1889.767000
1890.380000
1891.010000
1891.624000
1892.254000
1892.867000
1893.481000
1894.111000
1894.724000
1895.354000
1895.967000
1896.581000
1897.211000
1897.824000
1898.454000
1899.068000
1899.681000
1900.311000
1900.925000
1901.555000
1902.168000
1902.782000
1903.412000
1904.025000
1904.655000
1905.268000
1905.882000
1906.512000
1907.125000
1907.755000
1908.369000
1908.982000
1909.612000
1910.226000
1910.856000
1911.469000
1912.082000
1912.712000
1913.326000
1913.956000
1914.569000
1915.183000
1915.813000
1916.426000
1917.040000
1917.670000
1918.283000
1918.913000
1919.526000
1920.140000
1920.770000
1921.383000
1922.013000
1922.627000
1923.240000
1923.870000
1924.484000
1925.114000
1925.727000
1926.341000
1926.971000
1927.584000
1928.214000
1928.827000
1929.441000
1930.071000
1930.684000
1931.314000
1931.928000
1932.541000
1933.171000
1933.785000
1934.415000
1942.323000
1942.953000
1943.566000
1944.180000
1944.810000
1945.423000
1946.053000
1946.667000
1947.280000
1947.910000
1948.523000
1949.153000
1949.767000
1950.380000
1951.010000
1951.624000
1952.254000
1952.867000
1953.481000
1954.111000
1954.724000
1955.354000
1955.968000
1956.581000
1957.211000
1957.824000
1958.454000
1959.068000
1959.681000
1960.311000
1960.925000
1961.555000
1962.168000
1962.782000
1963.412000
1964.025000
1964.655000
1965.268000
1965.882000
1966.512000
1967.125000
1967.755000
1968.369000
1968.982000
1969.612000
1970.226000
1970.856000
1971.469000
1972.082000
1972.712000
1973.326000
1973.956000
1974.569000
1975.183000
1975.813000
1976.426000
1977.040000
1977.670000
1978.283000
1978.913000
1979.527000
1980.140000
1980.770000
1981.383000
1982.013000
1982.627000
1983.240000
1983.870000
1984.484000
1985.114000
1985.727000
1986.341000
1986.971000
1987.584000
1988.214000
1988.827000
1989.441000
1990.071000
1990.684000
1991.314000
1991.928000
1992.541000
1993.171000
1993.785000
1994.415000
2002.323000
2002.953000
2003.566000
2004.180000
2004.810000
2005.423000
2006.053000
2006.667000
2007.280000
2007.910000
2008.523000
2009.153000
2009.767000
2010.380000
2011.010000
2011.624000
2012.254000
2012.867000
2013.481000
2014.111000
2014.724000
2015.354000
2015.968000
2016.581000
2017.211000
2017.824000
2018.454000
2019.068000
2019.681000
2020.311000
2020.925000
2021.555000
2022.168000
2022.782000
2023.412000
2024.025000
2024.655000
2025.268000
2025.882000
2026.512000
2027.125000
2027.755000
2028.369000
2028.982000
2029.612000
2030.226000
2030.856000
2031.469000
2032.082000
2032.712000
2033.326000
2033.956000
2034.569000
2035.183000
2035.813000
2036.426000
2037.040000
2037.670000
2038.283000
2038.913000
2039.527000
2040.140000
2040.770000
2041.383000
2042.013000
2042.627000
2043.240000
2043.870000
2044.484000
2045.114000
2045.727000
2046.341000
2046.971000
2047.584000
2048.214000
2048.827000
2049.441000
2050.071000
2050.684000
2051.314000
2051.928000
2052.541000
2053.171000
2053.785000
2054.415000
2062.323000
2062.953000
2063.566000
2064.180000
2064.810000
2065.423000
2066.053000
2066.667000
2067.280000
2067.910000
2068.524000
2069.154000
2069.767000
2070.380000
2071.010000
2071.624000
2072.254000
2072.867000
2073.481000
2074.111000
2074.724000
2075.354000
2075.968000
2076.581000
2077.211000
2077.824000
2078.454000
2079.068000
2079.681000
2080.311000
2080.925000
2081.555000
2082.168000
2082.782000
2083.412000
2084.025000
2084.655000
2085.268000
2085.882000
2086.512000
2087.125000
2087.739000
2088.369000
2088.982000
2089.612000
2090.226000
2090.839000
2091.469000
2092.083000
2092.713000
2093.326000
2093.939000
2094.569000
2095.183000
2095.813000
2096.426000
2097.040000
2097.670000
2098.283000
2098.913000
2099.527000
2100.140000
2100.770000
2101.383000
2102.013000
2102.627000
2103.240000
2103.870000
2104.484000
2105.114000
2105.727000
2106.341000
2106.971000
2107.584000
2108.214000
2108.827000
2109.441000
2110.071000
2110.684000
2111.314000
2111.928000
2112.541000
2113.171000
2113.785000
2114.415000
2122.323000
2122.953000
2123.566000
2124.180000
2124.810000
2125.423000
2126.053000
2126.667000
2127.280000
2127.910000
2128.524000
2129.154000
2129.767000
2130.380000
2131.010000
2131.624000
2132.254000
2132.867000
2133.481000
2134.111000
2134.724000
2135.354000
2135.968000
2136.581000
2137.211000
2137.824000
2138.454000
2139.068000
2139.681000
2140.311000
2140.925000
2141.555000
2142.168000
2142.782000
2143.412000
2144.025000
2144.638000
2145.268000
2145.882000
2146.512000
2147.125000
2147.739000
2148.369000
2148.982000
2149.612000
2150.226000
2150.839000
2151.469000
2152.083000
2152.713000
2153.326000
2153.939000
2154.569000
2155.183000
2155.813000
2156.426000
2157.040000
2157.670000
2158.283000
2158.913000
2159.527000
2160.140000
2160.770000
2161.383000
2162.013000
2162.627000
2163.240000
2163.870000
2164.484000
2165.114000
2165.727000
2166.341000
2166.971000
2167.584000
2168.214000
2168.827000
2169.441000
2170.071000
2170.684000
2171.314000
2171.928000
2172.541000
2173.171000
2173.785000
2174.415000
2182.323000
2182.936000
2183.566000
2184.180000
2184.793000
2185.423000
2186.037000
2186.667000
2187.280000
2187.894000
2188.524000
2189.137000
2189.767000
2190.380000
2190.994000
2191.624000
2192.237000
2192.851000
2193.481000
2194.094000
2194.724000
2195.338000
2195.951000
2196.581000
2197.194000
2197.824000
2198.438000
2199.051000
2199.681000
2200.295000
2200.925000
2201.538000
2202.152000
2202.782000
2203.395000
2204.025000
2204.639000
2205.252000
2205.882000
2206.495000
2207.125000
2207.739000
2208.352000
2208.982000
2209.596000
2210.226000
2210.839000
2211.453000
2212.083000
2212.696000
2213.326000
2213.939000
2214.553000
2215.183000
2215.796000
2216.426000
2217.040000
2217.653000
2218.283000
2218.897000
2219.527000
2220.140000
2220.753000
2221.383000
2221.997000
2222.627000
2223.240000
2223.854000
2224.484000
2225.097000
2225.711000
2226.341000
2226.954000
2227.584000
2228.198000
2228.811000
2229.441000
2230.054000
2230.684000
2231.298000
2231.911000
2232.541000
2233.155000
2233.785000
2234.398000
2242.323000
2242.953000
2243.566000
2244.180000
2244.810000
2245.423000
2246.053000
2246.667000
2247.280000
2247.910000
2248.524000
2249.154000
2249.767000
2250.380000
2251.010000
2251.624000
2252.254000
2252.867000
2253.481000
2254.111000
2254.724000
2255.354000
2255.968000
2256.581000
2257.211000
2257.824000
2258.454000
2259.068000
2259.681000
2260.311000
2260.925000
2261.555000
2262.168000
2262.782000
2263.412000
2264.025000
2264.639000
2265.269000
2265.882000
2266.512000
2267.125000
2267.739000
2268.369000
2268.982000
2269.612000
2270.226000
2270.839000
2271.469000
2272.083000
2272.713000
2273.326000
2273.939000
2274.569000
2275.183000
2275.813000
2276.426000
2277.040000
2277.670000
2278.283000
2278.913000
2279.527000
2280.140000
2280.770000
2281.384000
2282.014000
2282.627000
2283.240000
2283.870000
2284.484000
2285.114000
2285.727000
2286.341000
2286.971000
2287.584000
2288.214000
2288.828000
2289.441000
2290.071000
2290.684000
2291.314000
2291.928000
2292.541000
2293.171000
2293.785000
2294.415000
2302.323000
2302.936000
2303.566000
2304.180000
2304.793000
2305.423000
2306.037000
2306.667000
2307.280000
2307.894000
2308.524000
2309.137000
2309.767000
2310.380000
2310.994000
2311.624000
2312.237000
2312.851000
2313.481000
2314.094000
2314.724000
2315.338000
2315.951000
2316.581000
2317.195000
2317.825000
2318.438000
2319.051000
2319.681000
2320.295000
2320.925000
2321.538000
2322.152000
2322.782000
2323.395000
2324.025000
2324.639000
2325.252000
2325.882000
2326.495000
2327.125000
2327.739000
2328.352000
2328.982000
2329.596000
2330.226000
2330.839000
2331.453000
2332.083000
2332.696000
2333.326000
2333.939000
2334.553000
2335.183000
2335.796000
2336.426000
2337.040000
2337.653000
2338.283000
2338.897000
2339.527000
2340.140000
2340.754000
2341.384000
2341.997000
2342.627000
2343.240000
2343.854000
2344.484000
2345.097000
2345.711000
2346.341000
2346.954000
2347.584000
2348.198000
2348.811000
2349.441000
2350.054000
2350.684000
2351.298000
2351.911000
2352.541000
2353.155000
2353.785000
2354.398000
2362.323000
2362.936000
2363.566000
2364.180000
2364.793000
2365.423000
2366.037000
2366.667000
2367.280000
2367.894000
2368.524000
2369.137000
2369.767000
2370.380000
2370.994000
2371.624000
2372.237000
2372.851000
2373.481000
2374.094000
2374.724000
2375.338000
2375.951000
2376.581000
2377.195000
2377.825000
2378.438000
2379.051000
2379.681000
2380.295000
2380.925000
2381.538000
2382.152000
2382.782000
2383.395000
2384.025000
2384.639000
2385.252000
2385.882000
2386.495000
2387.125000
2387.739000
2388.352000
2388.982000
2389.596000
2390.226000
2390.839000
2391.453000
2392.083000
2392.696000
2393.326000
2393.940000
2394.553000
2395.183000
2395.796000
2396.426000
2397.040000
2397.653000
2398.283000
2398.897000
2399.527000
2400.140000
2400.754000
2401.384000
2401.997000
2402.627000
2403.240000
2403.854000
2404.484000
2405.097000
2405.711000
2406.341000
2406.954000
2407.584000
2408.198000
2408.811000
2409.441000
2410.054000
2410.684000
2411.298000
2411.911000
2412.541000
2413.155000
2413.785000
2414.398000
2422.323000
2422.936000
2423.566000
2424.180000
2424.793000
2425.423000
2426.037000
2426.667000
2427.280000
2427.894000
2428.524000
2429.137000
2429.751000
2430.381000
2430.994000
2431.624000
2432.237000
2432.851000
2433.481000
2434.094000
2434.724000
2435.338000
2435.951000
2436.581000
2437.195000
2437.825000
2438.438000
2439.051000
2439.681000
2440.295000
2440.925000
2441.538000
2442.152000
2442.782000
2443.395000
2444.025000
2444.639000
2445.252000
2445.882000
2446.495000
2447.125000
2447.739000
2448.352000
2448.982000
2449.596000
2450.226000
2450.839000
2451.453000
2452.083000
2452.696000
2453.326000
2453.940000
2454.553000
2455.183000
2455.796000
2456.426000
2457.040000
2457.653000
2458.283000
2458.897000
2459.527000
2460.140000
2460.754000
2461.384000
2461.997000
2462.627000
2463.240000
2463.854000
2464.484000
2465.097000
2465.711000
2466.341000
2466.954000
2467.584000
2468.198000
2468.811000
2469.441000
2470.054000
2470.685000
2471.298000
2471.911000
2472.541000
2473.155000
2473.785000
2474.398000
