1769.767000
1774.724000
1775.967000
1782.168000
1783.411000
1784.655000
1794.569000
1799.526000
1806.970000
1810.684000
1827.280000
1835.967000
1842.168000
1843.412000
1848.369000
1857.040000
1862.013000
1864.484000
1865.727000
1895.967000
1903.412000
1928.214000
1947.280000
1949.767000
1962.168000
1965.882000
1967.125000
1970.856000
1978.283000
1984.484000
2022.168000
2025.882000
2032.082000
2038.283000
2042.013000
2045.727000
2073.481000
2074.724000
2077.211000
2080.925000
2093.326000
2099.527000
2128.524000
2131.010000
2135.968000
2145.882000
2147.125000
2148.369000
2173.171000
2188.524000
2193.481000
2219.527000
2220.753000
2221.997000
2224.484000
2225.711000
2246.053000
2247.280000
2252.254000
2258.454000
2260.925000
2280.770000
2283.240000
2290.684000
2291.928000
2313.481000
2317.195000
2320.925000
2323.395000
2330.839000
2353.155000
2354.398000
2366.037000
2367.280000
2369.767000
2379.681000
2385.882000
2395.796000
2399.527000
2404.484000
2410.684000
2426.037000
2427.280000
2429.751000
2432.237000
2444.639000
2447.125000
2452.083000
2459.527000
2470.685000
