310.660000
313.146000
314.390000
315.633000
316.860000
318.104000
319.347000
320.591000
321.834000
323.061000
325.548000
326.791000
328.035000
329.261000
330.505000
331.748000
332.992000
334.235000
335.462000
336.705000
337.949000
339.192000
340.436000
341.663000
342.906000
344.150000
345.393000
346.620000
347.863000
349.107000
350.350000
351.594000
352.820000
354.064000
355.307000
356.551000
357.794000
369.416000
370.660000
373.147000
374.373000
375.617000
376.860000
378.104000
379.347000
380.574000
381.817000
383.061000
384.304000
385.548000
386.775000
389.261000
390.505000
391.732000
392.975000
394.219000
395.462000
396.706000
397.932000
399.176000
400.419000
401.663000
402.906000
404.133000
405.376000
406.620000
407.863000
409.107000
410.334000
411.577000
412.820000
414.064000
415.307000
416.534000
417.778000
429.433000
430.660000
431.903000
433.147000
434.390000
435.633000
436.860000
438.104000
439.347000
441.834000
443.061000
444.304000
445.548000
446.791000
448.035000
449.261000
450.505000
451.748000
452.992000
454.235000
455.462000
456.706000
459.192000
460.436000
461.663000
462.906000
464.150000
465.393000
466.620000
467.863000
469.107000
470.350000
471.594000
472.820000
474.064000
475.307000
477.794000
489.416000
490.660000
491.903000
493.147000
494.373000
495.617000
496.860000
498.104000
499.331000
500.574000
501.817000
503.061000
504.304000
505.531000
506.775000
508.018000
509.262000
510.505000
511.732000
512.975000
514.219000
515.462000
516.706000
517.932000
519.176000
520.419000
521.663000
522.906000
524.133000
525.376000
526.620000
527.863000
529.107000
530.334000
531.577000
532.821000
534.064000
535.291000
536.534000
537.778000
549.416000
551.903000
553.147000
554.373000
555.617000
556.860000
559.331000
560.574000
561.818000
563.061000
564.304000
565.531000
566.775000
568.018000
569.262000
570.505000
571.732000
572.975000
574.219000
575.462000
576.706000
579.176000
580.419000
581.663000
582.906000
584.133000
585.377000
586.620000
587.863000
589.107000
590.334000
591.577000
592.821000
594.064000
595.291000
596.534000
597.778000
609.416000
610.660000
611.903000
613.147000
614.373000
615.617000
616.860000
618.104000
619.331000
620.574000
621.818000
623.061000
624.304000
625.531000
626.775000
628.018000
629.262000
631.732000
632.975000
634.219000
635.462000
636.706000
637.932000
639.176000
640.419000
641.663000
642.906000
644.133000
645.377000
646.620000
647.863000
649.107000
650.334000
651.577000
652.821000
654.064000
655.291000
656.534000
657.778000
669.416000
671.903000
673.147000
674.373000
675.617000
676.860000
678.104000
679.331000
680.574000
681.818000
683.061000
684.304000
685.531000
686.775000
688.018000
689.262000
690.505000
692.975000
694.219000
696.706000
697.933000
699.176000
700.419000
701.663000
702.906000
704.133000
705.377000
706.620000
707.863000
709.107000
710.334000
712.821000
714.064000
715.291000
717.778000
729.416000
730.660000
731.903000
733.147000
734.374000
735.617000
736.860000
739.331000
740.574000
741.818000
743.061000
744.304000
745.531000
746.775000
748.018000
749.262000
750.505000
751.732000
752.975000
754.219000
755.462000
756.706000
757.933000
759.176000
760.419000
761.663000
764.133000
765.377000
766.620000
767.863000
769.107000
770.334000
771.577000
772.821000
774.064000
776.534000
777.778000
789.416000
790.660000
791.903000
793.147000
794.374000
795.617000
796.860000
798.104000
799.331000
800.574000
801.818000
803.061000
804.304000
805.531000
806.775000
808.018000
809.262000
810.505000
811.732000
812.975000
814.219000
815.462000
816.706000
817.933000
819.176000
821.663000
822.906000
824.133000
825.377000
827.863000
829.107000
830.334000
831.577000
834.064000
835.291000
836.534000
837.778000
849.416000
850.660000
851.903000
853.147000
854.374000
855.617000
856.860000
859.331000
860.574000
861.818000
863.061000
864.304000
865.531000
866.775000
868.018000
869.262000
870.505000
871.732000
872.975000
874.219000
875.462000
877.933000
879.176000
880.419000
881.663000
884.133000
886.620000
887.863000
889.107000
890.334000
891.577000
892.821000
894.064000
895.291000
896.534000
897.778000
909.416000
910.660000
911.903000
913.147000
914.374000
915.617000
916.860000
918.104000
919.331000
920.574000
921.818000
923.061000
924.305000
925.531000
926.775000
928.018000
929.262000
930.505000
931.732000
932.975000
934.219000
935.462000
936.706000
937.933000
939.176000
940.419000
941.663000
944.133000
945.377000
946.620000
947.864000
949.107000
950.334000
951.577000
952.821000
954.064000
955.291000
956.534000
957.778000
969.416000
970.660000
971.903000
973.147000
974.374000
975.617000
976.860000
978.104000
980.574000
981.818000
983.061000
984.305000
985.531000
986.775000
988.018000
989.262000
990.505000
991.732000
992.975000
994.219000
995.462000
996.706000
997.933000
999.176000
1001.663000
1002.906000
1004.133000
1007.864000
1009.090000
1010.334000
1011.577000
1012.821000
1014.064000
1015.291000
1016.534000
1017.778000
