1046.723000
1052.924000
1055.411000
1056.654000
1069.055000
1072.769000
1074.012000
1076.483000
1078.970000
1086.414000
1099.296000
1101.766000
1103.009000
1106.723000
1125.325000
1126.568000
1136.483000
1143.927000
1146.414000
1160.522000
1164.253000
1175.411000
1187.812000
1189.055000
1194.012000
1202.683000
1227.967000
1229.210000
1230.453000
1232.924000
1239.124000
1240.368000
1249.055000
1252.769000
1262.683000
1263.927000
1278.052000
1290.453000
1299.124000
1300.368000
1304.082000
1322.683000
1326.414000
1338.052000
1341.766000
1352.924000
1355.411000
1374.012000
1386.414000
1398.036000
1404.236000
1414.167000
1416.638000
1425.325000
1430.282000
1431.526000
1435.239000
1441.440000
1445.154000
1446.397000
1458.052000
1472.924000
1476.654000
1481.611000
1495.239000
1506.414000
1518.036000
1534.151000
1536.638000
1542.838000
1545.325000
1547.795000
1549.039000
1562.683000
1565.154000
1566.397000
1580.523000
1583.010000
1591.680000
1600.368000
1617.726000
1620.213000
1656.638000
1662.838000
1666.552000
1669.039000
1670.282000
1672.753000
1681.440000
1701.766000
1702.993000
1714.151000
1721.595000
1727.795000
1736.483000
