1767.280000
1768.523000
1771.010000
1773.481000
1777.211000
1778.454000
1779.681000
1780.925000
1785.882000
1787.125000
1788.369000
1789.612000
1790.856000
1792.082000
1793.326000
1795.813000
1797.040000
1798.283000
1802.013000
1803.240000
1804.484000
1805.727000
1808.214000
1809.441000
1811.928000
1813.171000
1814.415000
1826.053000
1828.523000
1829.767000
1831.010000
1832.254000
1833.481000
1834.724000
1837.211000
1838.454000
1839.681000
1840.925000
1844.655000
1845.882000
1849.612000
1850.856000
1852.082000
1853.326000
1854.569000
1855.813000
1858.283000
1859.526000
1860.770000
1863.240000
1868.214000
1869.441000
1870.684000
1871.928000
1873.171000
1886.053000
1887.280000
1888.523000
1889.767000
1891.010000
1892.254000
1893.481000
1894.724000
1897.211000
1898.454000
1899.681000
1900.925000
1902.168000
1904.655000
1905.882000
1908.369000
1909.612000
1910.856000
1912.082000
1913.326000
1914.569000
1917.040000
1918.283000
1920.770000
1922.013000
1926.971000
1929.441000
1930.684000
1931.928000
1933.171000
1934.415000
1946.053000
1948.523000
1951.010000
1952.254000
1953.481000
1954.724000
1955.968000
1957.211000
1959.681000
1960.925000
1963.412000
1964.655000
1968.369000
1972.082000
1973.326000
1974.569000
1975.813000
1977.040000
1979.527000
1980.770000
1982.013000
1983.240000
1985.727000
1986.971000
1988.214000
1989.441000
1990.684000
1991.928000
1993.171000
1994.415000
2006.053000
2007.280000
2008.523000
2012.254000
2013.481000
2014.724000
2015.968000
2017.211000
2018.454000
2019.681000
2020.925000
2023.412000
2024.655000
2027.125000
2029.612000
2030.856000
2033.326000
2037.040000
2040.770000
2043.240000
2044.484000
2046.971000
2048.214000
2050.684000
2053.171000
2054.415000
2066.053000
2067.280000
2068.524000
2069.767000
2072.254000
2075.968000
2078.454000
2082.168000
2083.412000
2085.882000
2087.125000
2088.369000
2089.612000
2090.839000
2092.083000
2095.813000
2098.283000
2102.013000
2103.240000
2105.727000
2109.441000
2110.684000
2111.928000
2114.415000
2127.280000
2132.254000
2133.481000
2134.724000
2137.211000
2138.454000
2139.681000
2142.168000
2143.412000
2144.638000
2149.612000
2150.839000
2153.326000
2155.813000
2157.040000
2158.283000
2159.527000
2162.013000
2163.240000
2164.484000
2165.727000
2166.971000
2168.214000
2169.441000
2170.684000
2171.928000
2174.415000
2186.037000
2187.280000
2189.767000
2190.994000
2192.237000
2194.724000
2195.951000
2197.194000
2198.438000
2200.925000
2202.152000
2203.395000
2204.639000
2205.882000
2207.125000
2208.352000
2209.596000
2210.839000
2212.083000
2215.796000
2217.040000
2223.240000
2226.954000
2228.198000
2230.684000
2248.524000
2249.767000
2251.010000
2253.481000
2254.724000
2255.968000
2257.211000
2262.168000
2264.639000
2265.882000
2268.369000
2269.612000
2270.839000
2272.083000
2274.569000
2275.813000
2278.283000
2279.527000
2282.014000
2284.484000
2285.727000
2286.971000
2288.214000
2293.171000
2306.037000
2307.280000
2308.524000
2309.767000
2310.994000
2312.237000
2314.724000
2318.438000
2319.681000
2322.152000
2324.639000
2325.882000
2328.352000
2332.083000
2333.326000
2334.553000
2337.040000
2338.283000
2339.527000
2340.754000
2344.484000
2346.954000
2348.198000
2350.684000
2351.911000
2368.524000
2370.994000
2372.237000
2373.481000
2374.724000
2375.951000
2377.195000
2378.438000
2380.925000
2382.152000
2383.395000
2384.639000
2389.596000
2390.839000
2397.040000
2398.283000
2400.754000
2403.240000
2405.711000
2408.198000
2409.441000
2414.398000
2428.524000
2430.994000
2433.481000
2434.724000
2435.951000
2437.195000
2439.681000
2440.925000
2442.152000
2443.395000
2445.882000
2448.352000
2449.596000
2453.326000
2454.553000
2455.796000
2457.040000
2458.283000
2461.997000
2463.240000
2464.484000
2466.954000
2468.198000
2469.441000
2471.911000
2473.155000
2474.398000
