1038.666000
1039.909000
1041.153000
1042.396000
1043.623000
1044.866000
1046.110000
1047.353000
1048.580000
1049.823000
1051.067000
1052.310000
1053.554000
1054.781000
1056.024000
1057.267000
1059.754000
1060.981000
1062.225000
1063.468000
1064.711000
1065.955000
1067.182000
1068.425000
1069.669000
1070.912000
1072.156000
1073.382000
1074.626000
1075.869000
1077.113000
1078.340000
1079.583000
1080.826000
1082.070000
1083.313000
1084.540000
1085.784000
1097.422000
1098.666000
1099.909000
1101.153000
1102.396000
1103.623000
1104.866000
1106.110000
1107.353000
1108.580000
1109.823000
1111.067000
1112.310000
1113.554000
1117.267000
1119.754000
1120.981000
1122.225000
1124.711000
1125.955000
1127.182000
1128.425000
1129.669000
1130.912000
1132.156000
1133.382000
1134.626000
1135.869000
1137.113000
1138.340000
1139.583000
1140.826000
1142.070000
1143.313000
1144.540000
1157.422000
1158.666000
1159.909000
1161.153000
1162.396000
1163.623000
1164.866000
1166.110000
1167.353000
1168.580000
1169.823000
1171.067000
1172.310000
1173.554000
1174.781000
1176.024000
1177.267000
1178.511000
1179.754000
1180.981000
1182.225000
1183.468000
1184.712000
1185.955000
1187.182000
1188.425000
1189.669000
1190.912000
1192.156000
1193.382000
1194.626000
1195.869000
1197.113000
1198.340000
1199.583000
1200.826000
1202.070000
1203.313000
1204.540000
1205.784000
1217.422000
1218.666000
1219.909000
1221.153000
1222.396000
1223.623000
1224.866000
1227.353000
1228.580000
1229.823000
1231.067000
1232.310000
1233.554000
1234.781000
1236.024000
1237.267000
1238.511000
1239.754000
1240.981000
1242.225000
1243.468000
1244.712000
1245.955000
1247.182000
1248.425000
1249.669000
1252.156000
1253.382000
1254.626000
1257.113000
1258.340000
1259.583000
1260.826000
1262.070000
1263.313000
1264.540000
1265.784000
1277.422000
1278.666000
1279.909000
1281.153000
1282.396000
1283.623000
1284.866000
1286.110000
1289.823000
1291.067000
1292.310000
1293.554000
1296.024000
1297.268000
1299.754000
1300.981000
1302.225000
1303.468000
1304.712000
1305.955000
1307.182000
1308.425000
1309.669000
1312.156000
1313.382000
1314.626000
1315.869000
1317.113000
1318.340000
1319.583000
1320.827000
1322.070000
1323.313000
1324.540000
1325.784000
1337.422000
1338.666000
1339.909000
1341.153000
1343.623000
1344.866000
1346.110000
1347.353000
1348.580000
1349.823000
1351.067000
1352.310000
1353.554000
1354.781000
1356.024000
1357.268000
1358.511000
1359.754000
1362.225000
1363.468000
1364.712000
1365.955000
1367.182000
1368.425000
1369.669000
1370.912000
1372.156000
1373.382000
1374.626000
1375.869000
1377.113000
1378.340000
1379.583000
1380.827000
1382.070000
1383.313000
1384.540000
1385.784000
1397.422000
1398.666000
1399.893000
1401.136000
1402.379000
1403.623000
1404.866000
1409.824000
1411.067000
1412.294000
1414.781000
1417.268000
1418.494000
1419.738000
1420.981000
1422.225000
1423.452000
1424.695000
1425.938000
1428.425000
1429.652000
1430.896000
1432.139000
1434.626000
1435.853000
1437.096000
1438.340000
1439.583000
1440.827000
1443.297000
1444.540000
1457.422000
1459.909000
1461.153000
1462.380000
1463.623000
1464.866000
1466.110000
1468.580000
1469.824000
1471.067000
1472.310000
1474.781000
1476.024000
1477.268000
1478.511000
1479.754000
1480.981000
1482.225000
1483.468000
1484.712000
1485.955000
1487.182000
1489.669000
1492.139000
1493.383000
1494.626000
1497.113000
1498.340000
1499.583000
1500.827000
1502.070000
1503.313000
1504.540000
1505.784000
1517.422000
1518.666000
1519.893000
1521.136000
1522.380000
1523.623000
1524.866000
1526.093000
1528.580000
1529.824000
1531.067000
1532.294000
1533.537000
1534.781000
1536.024000
1537.251000
1539.738000
1540.981000
1543.452000
1544.695000
1545.939000
1547.182000
1548.425000
1549.652000
1552.139000
1554.626000
1555.853000
1557.096000
1558.340000
1559.583000
1560.827000
1562.053000
1563.297000
1565.784000
1577.422000
1578.666000
1579.909000
1581.153000
1582.380000
1583.623000
1584.866000
1586.110000
1587.353000
1588.580000
1589.824000
1591.067000
1592.310000
1594.781000
1596.024000
1598.511000
1599.754000
1600.981000
1602.225000
1603.468000
1604.712000
1605.939000
1607.182000
1608.425000
1609.669000
1610.912000
1612.139000
1613.383000
1617.113000
1619.583000
1620.827000
1622.070000
1623.313000
1624.540000
1625.784000
1637.422000
1638.666000
1639.893000
1641.136000
1642.380000
1643.623000
1644.866000
1646.093000
1647.337000
1648.580000
1649.824000
1651.067000
1652.294000
1653.537000
1654.781000
1656.024000
1657.251000
1659.738000
1660.981000
1662.225000
1663.452000
1664.695000
1665.939000
1667.182000
1668.425000
1669.652000
1670.896000
1673.383000
1674.626000
1675.853000
1677.096000
1678.340000
1679.583000
1680.827000
1682.054000
1683.297000
1684.540000
1685.784000
1697.422000
1698.666000
1699.893000
1701.136000
1702.380000
1703.623000
1704.866000
1706.093000
1707.337000
1708.580000
1709.824000
1711.067000
1712.294000
1714.781000
1716.024000
1717.251000
1718.495000
1722.225000
1724.695000
1725.939000
1727.182000
1729.652000
1730.896000
1732.139000
1733.383000
1735.853000
1737.096000
1738.340000
1739.583000
1740.827000
1742.054000
1744.540000
1745.784000
