311.290000
312.533000
313.760000
315.003000
317.490000
321.204000
322.447000
328.648000
329.891000
332.362000
333.605000
334.849000
336.092000
337.335000
338.562000
341.049000
342.293000
343.520000
344.763000
346.006000
348.493000
352.207000
354.694000
370.046000
373.760000
375.003000
376.247000
378.717000
382.447000
383.674000
386.161000
387.405000
391.118000
392.362000
393.605000
394.832000
396.076000
397.319000
399.806000
401.033000
402.276000
403.520000
409.720000
413.434000
414.677000
415.921000
417.164000
418.408000
430.046000
431.290000
432.533000
433.760000
435.003000
436.247000
437.490000
438.734000
439.961000
441.204000
443.691000
444.934000
446.161000
447.405000
449.891000
451.135000
452.362000
454.849000
456.092000
457.336000
458.562000
461.049000
463.520000
464.763000
466.006000
468.493000
469.720000
470.964000
472.207000
473.451000
477.164000
478.408000
491.273000
493.760000
496.247000
503.674000
506.161000
507.405000
508.632000
509.875000
512.362000
513.605000
514.832000
516.076000
517.319000
519.806000
521.033000
522.276000
524.763000
526.006000
527.233000
528.477000
532.191000
533.434000
534.677000
535.921000
537.164000
538.391000
550.046000
551.273000
552.517000
553.760000
555.003000
557.474000
561.204000
562.431000
564.918000
566.161000
568.632000
569.875000
571.118000
572.362000
573.605000
578.562000
579.806000
581.033000
583.520000
584.763000
587.233000
589.720000
593.434000
594.677000
595.921000
597.164000
611.273000
612.517000
613.760000
615.003000
616.247000
618.717000
619.961000
621.204000
624.918000
626.161000
627.405000
629.875000
631.118000
633.605000
634.832000
636.076000
638.562000
639.806000
646.007000
647.233000
648.477000
649.720000
652.191000
653.434000
654.677000
657.164000
658.391000
670.046000
672.517000
677.474000
678.717000
679.961000
682.431000
683.674000
684.918000
686.161000
687.405000
689.875000
693.605000
694.832000
696.076000
697.319000
698.563000
699.806000
701.033000
703.520000
704.763000
709.720000
710.964000
712.191000
713.434000
714.677000
730.046000
731.273000
732.517000
735.004000
736.247000
737.474000
738.717000
739.961000
741.204000
742.431000
743.674000
744.918000
746.161000
747.405000
748.632000
751.118000
752.362000
753.605000
754.832000
756.076000
757.319000
758.563000
761.033000
762.276000
764.763000
766.007000
769.720000
770.964000
773.434000
774.677000
775.921000
777.164000
778.391000
790.046000
793.760000
796.247000
798.717000
801.204000
802.431000
804.918000
806.161000
807.405000
808.632000
811.119000
813.605000
814.832000
816.076000
817.319000
818.563000
819.806000
821.033000
822.276000
823.520000
826.007000
828.477000
829.720000
830.964000
834.677000
835.921000
838.391000
850.046000
851.273000
852.517000
855.004000
856.247000
857.474000
859.961000
862.431000
863.674000
864.918000
868.632000
869.875000
871.119000
872.362000
873.605000
874.832000
877.319000
879.806000
881.033000
882.276000
883.520000
884.763000
886.007000
887.234000
893.434000
894.678000
898.391000
910.046000
911.273000
912.517000
913.760000
915.004000
916.247000
917.474000
918.717000
922.431000
923.675000
928.632000
929.875000
932.362000
934.832000
936.076000
937.319000
941.033000
943.520000
944.763000
946.007000
948.477000
949.720000
950.964000
953.434000
971.273000
972.517000
973.760000
975.004000
976.230000
977.474000
978.717000
982.431000
983.675000
984.918000
987.405000
988.632000
989.875000
991.119000
992.362000
993.605000
997.319000
1001.033000
1003.520000
1004.763000
1006.007000
1009.720000
1010.964000
1012.191000
1013.434000
1014.678000
1015.921000
1017.164000
1018.391000
