1039.296000
1040.522000
1041.766000
1043.009000
1044.253000
1045.480000
1047.966000
1049.210000
1050.453000
1051.680000
1054.167000
1057.881000
1059.124000
1060.368000
1061.611000
1062.855000
1065.325000
1066.568000
1067.812000
1070.282000
1071.526000
1075.256000
1077.726000
1081.440000
1082.683000
1083.927000
1098.052000
1100.522000
1104.253000
1105.480000
1107.967000
1109.210000
1110.453000
1111.680000
1112.924000
1114.167000
1115.411000
1116.654000
1117.881000
1119.124000
1120.368000
1121.611000
1122.855000
1127.812000
1129.055000
1130.282000
1132.769000
1134.012000
1135.256000
1137.726000
1138.970000
1140.213000
1141.440000
1158.052000
1159.296000
1161.766000
1163.009000
1165.480000
1169.210000
1171.680000
1172.924000
1174.167000
1176.654000
1177.881000
1179.124000
1180.368000
1181.611000
1182.855000
1185.325000
1186.568000
1191.526000
1192.769000
1195.256000
1196.483000
1198.970000
1200.213000
1201.440000
1203.927000
1205.170000
1218.052000
1219.296000
1220.523000
1221.766000
1223.009000
1224.253000
1225.480000
1231.680000
1235.411000
1236.654000
1237.881000
1241.611000
1242.855000
1244.082000
1245.325000
1246.568000
1250.282000
1251.526000
1255.256000
1256.483000
1257.726000
1258.970000
1265.170000
1266.414000
1279.296000
1280.523000
1283.009000
1284.253000
1285.480000
1286.723000
1287.967000
1291.680000
1292.924000
1294.167000
1295.411000
1297.881000
1301.611000
1306.568000
1307.812000
1309.055000
1310.282000
1311.526000
1312.769000
1314.012000
1315.256000
1316.483000
1317.726000
1321.440000
1323.927000
1325.170000
1339.296000
1343.009000
1344.253000
1345.480000
1346.723000
1347.967000
1349.210000
1350.453000
1351.680000
1356.654000
1357.881000
1359.124000
1360.368000
1361.611000
1364.082000
1365.325000
1366.568000
1369.055000
1370.282000
1371.526000
1372.769000
1375.256000
1376.483000
1377.726000
1380.213000
1382.683000
1383.927000
1385.170000
1399.279000
1400.523000
1405.480000
1407.967000
1409.193000
1410.437000
1411.680000
1415.394000
1417.881000
1419.124000
1420.368000
1421.595000
1424.082000
1427.795000
1429.039000
1436.483000
1437.726000
1438.953000
1440.197000
1443.927000
1459.279000
1460.523000
1461.766000
1463.009000
1465.480000
1467.967000
1469.210000
1471.680000
1475.411000
1477.881000
1479.124000
1480.368000
1482.855000
1484.082000
1485.325000
1486.568000
1490.282000
1491.526000
1492.769000
1494.013000
1496.483000
1497.726000
1500.213000
1501.440000
1502.683000
1503.927000
1519.279000
1520.523000
1521.766000
1522.993000
1524.236000
1525.480000
1526.723000
1527.967000
1529.194000
1530.437000
1532.924000
1537.881000
1540.351000
1541.595000
1544.082000
1546.552000
1550.282000
1551.526000
1553.996000
1556.483000
1557.726000
1558.953000
1560.197000
1561.440000
1563.927000
1578.052000
1579.279000
1581.766000
1584.253000
1585.480000
1586.723000
1587.967000
1589.210000
1590.454000
1592.924000
1594.167000
1596.654000
1597.881000
1599.124000
1601.611000
1604.082000
1605.325000
1607.812000
1610.282000
1611.526000
1614.013000
1615.239000
1618.970000
1621.440000
1623.927000
1625.170000
1638.036000
1639.279000
1640.523000
1641.766000
1642.993000
1644.236000
1645.480000
1646.723000
1647.967000
1649.194000
1651.680000
1652.924000
1654.151000
1655.394000
1657.881000
1661.595000
1667.795000
1673.996000
1675.239000
1676.483000
1677.726000
1678.953000
1682.683000
1683.927000
1685.154000
1686.397000
1698.036000
1699.279000
1700.523000
1704.236000
1705.480000
1707.967000
1709.194000
1710.437000
1716.638000
1717.881000
1719.125000
1722.838000
1724.082000
1725.325000
1726.552000
1729.039000
1730.282000
1731.526000
1732.753000
1733.996000
1738.953000
1740.197000
1741.440000
1742.684000
1743.927000
1745.154000
