9.433000
10.046000
10.660000
11.290000
11.903000
12.533000
13.146000
13.760000
14.390000
15.003000
15.633000
16.247000
16.860000
17.490000
18.104000
18.734000
19.347000
19.960000
20.590000
21.204000
21.834000
22.447000
23.061000
23.691000
24.304000
24.934000
25.548000
26.161000
26.791000
27.404000
28.034000
28.648000
29.261000
29.891000
30.505000
31.135000
31.748000
32.362000
32.992000
33.605000
34.235000
34.849000
35.462000
36.092000
36.705000
37.335000
37.949000
38.562000
39.192000
39.806000
40.436000
41.049000
41.663000
42.906000
43.536000
44.149000
45.393000
46.006000
46.620000
47.250000
47.863000
48.493000
49.107000
49.720000
50.350000
50.963000
51.593000
52.207000
52.820000
53.450000
54.064000
54.694000
55.307000
55.921000
56.551000
57.164000
58.408000
69.433000
70.660000
71.290000
71.903000
72.533000
73.146000
73.760000
74.390000
75.003000
76.247000
76.860000
77.490000
78.104000
78.734000
79.347000
79.960000
80.590000
81.204000
81.834000
82.447000
83.061000
83.691000
84.304000
84.934000
85.548000
86.161000
86.791000
87.404000
88.034000
88.648000
89.261000
89.891000
90.505000
91.135000
91.748000
92.362000
92.992000
93.605000
94.235000
94.849000
95.462000
96.092000
96.705000
97.335000
97.949000
98.562000
99.192000
99.806000
100.436000
101.049000
101.663000
102.293000
102.906000
103.536000
104.149000
104.763000
105.393000
106.006000
106.620000
107.250000
107.863000
108.493000
109.107000
109.720000
110.350000
110.963000
111.594000
112.207000
112.820000
113.450000
114.064000
114.694000
115.307000
115.921000
116.551000
117.164000
117.794000
118.408000
129.433000
130.046000
130.660000
131.290000
131.903000
132.533000
133.146000
133.760000
134.390000
135.003000
135.633000
136.247000
136.860000
137.490000
138.104000
138.734000
139.347000
139.960000
140.590000
141.204000
141.834000
142.447000
143.061000
143.691000
144.304000
144.934000
145.548000
146.161000
146.791000
147.405000
148.035000
148.648000
149.261000
149.891000
150.505000
151.135000
151.748000
152.362000
152.992000
154.235000
154.849000
155.462000
156.092000
156.705000
157.335000
157.949000
158.562000
159.192000
160.436000
161.049000
161.663000
162.293000
162.906000
163.536000
164.149000
164.763000
165.393000
166.006000
166.620000
167.250000
167.863000
168.493000
169.107000
169.720000
170.350000
170.964000
171.594000
172.207000
172.820000
173.450000
174.064000
174.694000
175.307000
175.921000
176.551000
177.164000
177.794000
178.408000
189.433000
190.046000
190.660000
191.290000
191.903000
192.533000
193.146000
193.760000
194.390000
195.003000
195.633000
196.247000
196.860000
197.490000
198.104000
198.734000
199.347000
199.960000
200.590000
201.204000
201.834000
202.447000
203.061000
203.691000
204.934000
205.548000
206.161000
206.791000
207.405000
209.261000
209.891000
210.505000
211.135000
211.748000
212.362000
212.992000
213.605000
214.235000
214.849000
215.462000
216.092000
216.705000
217.335000
217.949000
218.562000
219.192000
219.806000
220.436000
221.049000
221.663000
222.293000
222.906000
224.150000
224.763000
225.393000
226.006000
226.620000
227.250000
227.863000
228.493000
229.107000
229.720000
230.350000
230.964000
231.594000
232.207000
232.820000
233.450000
234.064000
234.694000
235.307000
235.921000
237.164000
237.794000
238.408000
249.433000
250.046000
250.660000
251.290000
251.903000
253.146000
253.760000
254.390000
255.003000
255.633000
256.247000
256.860000
257.490000
258.104000
258.734000
259.347000
259.961000
260.591000
261.204000
261.834000
262.447000
263.061000
263.691000
264.304000
264.934000
266.161000
266.791000
267.405000
268.648000
269.261000
269.891000
270.505000
271.135000
271.748000
272.362000
272.992000
273.605000
274.235000
274.849000
275.462000
276.092000
276.705000
277.336000
277.949000
278.562000
279.192000
279.806000
280.436000
281.049000
281.663000
282.293000
282.906000
283.520000
284.150000
284.763000
285.393000
286.006000
286.620000
287.250000
287.863000
288.493000
289.107000
289.720000
290.350000
290.964000
291.594000
292.207000
292.820000
293.450000
294.064000
294.694000
295.307000
295.921000
296.551000
297.164000
297.794000
298.408000
