310.660000
311.290000
312.533000
313.146000
313.760000
314.390000
315.003000
315.633000
316.247000
316.860000
317.490000
318.104000
318.734000
319.347000
319.961000
320.591000
321.204000
321.834000
322.447000
323.061000
323.691000
325.548000
326.161000
326.791000
327.405000
328.035000
328.648000
329.261000
329.891000
330.505000
331.748000
332.362000
332.992000
333.605000
334.235000
334.849000
335.462000
336.092000
336.705000
337.335000
337.949000
338.562000
339.192000
340.436000
341.049000
341.663000
342.293000
342.906000
343.520000
344.150000
344.763000
345.393000
346.006000
346.620000
347.863000
348.493000
349.107000
349.720000
350.350000
350.964000
351.594000
352.207000
352.820000
353.450000
354.064000
354.694000
355.307000
355.921000
356.551000
357.164000
357.794000
358.408000
369.416000
370.046000
370.660000
373.147000
373.760000
374.373000
375.003000
375.617000
376.247000
376.860000
377.474000
378.104000
378.717000
379.347000
379.961000
380.574000
381.204000
381.817000
382.447000
383.061000
383.674000
384.304000
384.918000
385.548000
386.161000
386.775000
387.405000
388.648000
389.261000
389.875000
390.505000
391.118000
391.732000
392.362000
392.975000
393.605000
394.219000
394.832000
395.462000
396.076000
396.706000
397.319000
397.932000
398.562000
399.176000
399.806000
400.419000
401.033000
401.663000
402.276000
402.906000
403.520000
404.133000
405.376000
406.006000
406.620000
407.233000
407.863000
408.477000
409.107000
409.720000
410.334000
411.577000
412.207000
412.820000
413.434000
414.064000
414.677000
415.307000
415.921000
416.534000
417.164000
417.778000
418.408000
429.433000
430.046000
430.660000
431.290000
431.903000
432.533000
433.147000
433.760000
434.390000
435.003000
435.633000
436.247000
436.860000
437.490000
438.104000
438.734000
439.347000
439.961000
441.204000
441.834000
442.447000
443.061000
443.691000
444.304000
444.934000
445.548000
446.161000
446.791000
447.405000
448.035000
448.648000
449.261000
449.891000
450.505000
451.135000
451.748000
452.362000
452.992000
453.605000
454.235000
454.849000
455.462000
456.092000
456.706000
457.336000
458.562000
459.192000
459.806000
460.436000
461.049000
461.663000
462.293000
462.906000
463.520000
464.150000
464.763000
465.393000
466.006000
466.620000
467.250000
467.863000
468.493000
469.107000
469.720000
470.350000
470.964000
471.594000
472.207000
472.820000
473.451000
474.064000
474.694000
475.307000
477.164000
477.794000
478.408000
489.416000
490.046000
490.660000
491.273000
491.903000
492.517000
493.147000
493.760000
494.373000
495.617000
496.247000
496.860000
497.474000
498.104000
499.331000
499.961000
500.574000
501.204000
501.817000
502.431000
503.061000
503.674000
504.304000
504.918000
505.531000
506.161000
506.775000
507.405000
508.018000
508.632000
509.262000
509.875000
510.505000
511.118000
511.732000
512.362000
512.975000
513.605000
514.219000
514.832000
515.462000
516.076000
516.706000
517.319000
517.932000
518.562000
519.176000
519.806000
520.419000
521.033000
521.663000
522.276000
522.906000
523.520000
524.133000
524.763000
525.376000
526.006000
526.620000
527.233000
527.863000
528.477000
529.107000
529.720000
530.334000
530.964000
531.577000
532.191000
532.821000
533.434000
534.064000
534.677000
535.291000
535.921000
536.534000
537.164000
537.778000
538.391000
549.416000
550.046000
551.273000
551.903000
552.517000
553.147000
553.760000
554.373000
555.003000
555.617000
556.247000
556.860000
557.474000
558.717000
559.331000
559.961000
560.574000
561.204000
561.818000
562.431000
563.061000
563.674000
564.304000
564.918000
565.531000
566.161000
566.775000
567.405000
568.018000
568.632000
569.262000
569.875000
570.505000
571.118000
571.732000
572.362000
572.975000
573.605000
574.219000
574.832000
575.462000
576.076000
576.706000
577.319000
578.562000
579.176000
579.806000
580.419000
581.033000
581.663000
582.276000
582.906000
583.520000
584.133000
584.763000
585.377000
586.007000
586.620000
587.233000
587.863000
588.477000
589.107000
589.720000
590.334000
591.577000
592.191000
592.821000
593.434000
594.064000
594.677000
595.291000
595.921000
596.534000
597.164000
597.778000
609.416000
610.046000
610.660000
611.273000
611.903000
612.517000
613.147000
613.760000
614.373000
615.003000
615.617000
616.247000
616.860000
617.474000
618.104000
618.717000
619.331000
619.961000
620.574000
621.204000
621.818000
622.431000
623.061000
623.674000
624.304000
624.918000
625.531000
626.161000
626.775000
627.405000
628.018000
628.632000
629.262000
629.875000
631.118000
631.732000
632.975000
633.605000
634.219000
634.832000
635.462000
636.076000
636.706000
637.932000
638.562000
639.176000
639.806000
640.419000
641.663000
642.276000
642.906000
643.520000
644.133000
645.377000
646.007000
646.620000
647.233000
647.863000
648.477000
649.107000
649.720000
650.334000
650.964000
651.577000
652.191000
652.821000
653.434000
654.064000
654.677000
655.291000
655.921000
656.534000
657.164000
657.778000
658.391000
669.416000
670.046000
671.903000
672.517000
673.147000
673.760000
674.373000
675.617000
676.247000
676.860000
677.474000
678.104000
678.717000
679.331000
679.961000
680.574000
681.818000
682.431000
683.061000
683.674000
684.304000
684.918000
685.531000
686.161000
686.775000
687.405000
688.018000
688.632000
689.262000
689.875000
690.505000
692.362000
692.975000
693.605000
694.219000
694.832000
696.076000
696.706000
697.319000
697.933000
698.563000
699.176000
699.806000
700.419000
701.033000
701.663000
702.906000
703.520000
704.133000
704.763000
705.377000
706.007000
706.620000
707.233000
707.863000
708.477000
709.107000
709.720000
710.334000
710.964000
712.191000
712.821000
713.434000
714.064000
714.677000
715.291000
717.164000
717.778000
729.416000
730.046000
730.660000
731.273000
731.903000
732.517000
733.147000
733.760000
734.374000
735.004000
735.617000
736.247000
736.860000
737.474000
738.717000
739.331000
739.961000
740.574000
741.204000
741.818000
742.431000
743.061000
743.674000
744.304000
744.918000
745.531000
746.161000
746.775000
747.405000
748.018000
748.632000
749.262000
749.875000
750.505000
751.118000
751.732000
752.362000
752.975000
753.605000
754.219000
754.832000
755.462000
756.076000
756.706000
757.319000
757.933000
758.563000
759.176000
760.419000
761.033000
761.663000
762.276000
763.520000
764.133000
764.763000
765.377000
766.007000
766.620000
767.233000
767.863000
768.477000
769.107000
769.720000
770.334000
770.964000
771.577000
772.191000
772.821000
773.434000
774.064000
774.677000
775.921000
776.534000
777.164000
777.778000
778.391000
789.416000
790.046000
790.660000
791.903000
792.517000
793.147000
793.760000
794.374000
795.004000
795.617000
796.247000
796.860000
797.474000
798.104000
798.717000
799.331000
799.961000
800.574000
801.204000
801.818000
802.431000
803.061000
804.304000
804.918000
805.531000
806.161000
806.775000
807.405000
808.018000
808.632000
809.262000
810.505000
811.119000
811.732000
812.362000
812.975000
813.605000
814.219000
814.832000
815.462000
816.076000
816.706000
817.319000
817.933000
818.563000
819.176000
819.806000
821.033000
821.663000
822.276000
822.906000
823.520000
824.133000
824.763000
825.377000
826.007000
827.863000
828.477000
829.107000
829.720000
830.334000
830.964000
831.577000
832.191000
834.064000
834.677000
835.291000
835.921000
836.534000
837.164000
837.778000
838.391000
849.416000
850.046000
850.660000
851.273000
851.903000
852.517000
853.147000
853.760000
854.374000
855.004000
855.617000
856.247000
856.860000
857.474000
859.331000
859.961000
860.574000
861.204000
861.818000
862.431000
863.061000
863.674000
864.304000
864.918000
865.531000
866.161000
866.775000
867.405000
868.018000
868.632000
869.262000
869.875000
870.505000
871.119000
871.732000
872.362000
872.975000
873.605000
874.219000
874.832000
875.462000
877.319000
877.933000
878.563000
879.176000
879.806000
880.419000
881.033000
881.663000
882.276000
883.520000
884.133000
884.763000
886.007000
886.620000
887.234000
887.863000
888.477000
889.107000
889.720000
890.334000
890.964000
891.577000
892.821000
893.434000
894.064000
894.678000
895.291000
895.921000
896.534000
897.164000
897.778000
898.391000
909.416000
910.046000
910.660000
911.273000
911.903000
912.517000
913.147000
913.760000
914.374000
915.004000
915.617000
916.247000
916.860000
917.474000
918.104000
918.717000
919.331000
919.961000
920.574000
921.204000
921.818000
922.431000
923.061000
923.675000
924.305000
925.531000
926.161000
926.775000
927.405000
928.018000
928.632000
929.262000
929.875000
930.505000
931.119000
931.732000
932.362000
932.975000
933.605000
934.219000
934.832000
935.462000
936.076000
936.706000
937.319000
937.933000
938.563000
939.176000
939.806000
940.419000
941.033000
941.663000
943.520000
944.133000
944.763000
945.377000
946.007000
946.620000
947.234000
947.864000
948.477000
949.107000
949.720000
950.334000
950.964000
951.577000
952.821000
953.434000
954.064000
954.678000
955.291000
955.921000
956.534000
957.778000
969.416000
970.660000
971.273000
971.903000
972.517000
973.147000
973.760000
974.374000
975.004000
975.617000
976.230000
976.860000
977.474000
978.104000
978.717000
980.574000
981.204000
981.818000
982.431000
983.061000
983.675000
984.305000
984.918000
985.531000
986.161000
986.775000
987.405000
988.018000
988.632000
989.262000
989.875000
990.505000
991.119000
991.732000
992.362000
992.975000
993.605000
994.219000
995.462000
996.076000
996.706000
997.319000
997.933000
998.563000
999.176000
1001.033000
1001.663000
1002.276000
1002.906000
1003.520000
1004.133000
1004.763000
1006.007000
1007.864000
1008.477000
1009.090000
1009.720000
1010.334000
1010.964000
1011.577000
1012.191000
1012.821000
1013.434000
1014.064000
1014.678000
1015.291000
1015.921000
1016.534000
1017.164000
1017.778000
1018.391000
