1044.242000
1046.728000
1051.686000
1054.173000
1056.643000
1057.886000
1070.288000
1072.774000
1098.041000
1101.771000
1110.442000
1111.686000
1114.173000
1116.643000
1117.886000
1127.801000
1131.531000
1134.001000
1137.732000
1138.975000
1142.689000
1143.932000
1145.176000
1161.772000
1163.015000
1166.729000
1170.443000
1172.929000
1177.887000
1180.373000
1189.044000
1226.712000
1227.956000
1229.199000
1237.887000
1246.558000
1251.515000
1252.758000
1265.160000
1279.285000
1285.486000
1290.443000
1309.045000
1312.775000
1349.200000
1351.686000
1354.157000
1355.400000
1357.887000
1359.114000
1360.357000
1367.801000
1370.272000
1371.515000
1378.959000
1385.160000
1386.403000
1404.243000
1406.713000
1410.443000
1416.644000
1422.844000
1432.759000
1436.473000
1438.959000
1442.673000
1443.917000
1476.644000
1477.887000
1481.601000
1484.088000
1485.331000
1487.802000
1519.286000
1521.756000
1522.999000
1525.486000
1542.845000
1550.289000
1560.203000
1586.713000
1587.957000
1591.687000
1595.401000
1599.115000
1610.272000
1643.000000
1651.687000
1652.914000
1660.358000
1665.315000
1672.759000
1678.960000
1704.243000
1705.487000
1712.914000
1726.559000
1727.802000
1734.003000
1735.246000
1737.717000
1741.447000
