6.324000
6.954000
7.567000
8.181000
8.811000
9.424000
10.054000
10.668000
11.281000
11.911000
12.524000
13.154000
13.768000
14.381000
15.011000
15.625000
16.255000
16.868000
17.482000
18.112000
18.725000
19.355000
19.969000
20.582000
21.212000
21.825000
22.455000
23.069000
23.682000
24.312000
24.926000
25.556000
26.169000
26.783000
27.413000
28.026000
28.656000
29.269000
29.883000
30.513000
31.126000
31.740000
32.370000
32.983000
33.613000
34.227000
34.840000
35.470000
36.083000
36.713000
37.327000
37.940000
38.570000
39.184000
39.814000
40.427000
41.041000
41.671000
42.284000
42.914000
43.528000
44.141000
44.771000
45.384000
46.014000
46.628000
47.241000
47.871000
48.485000
49.115000
49.728000
50.342000
50.972000
51.585000
52.215000
52.828000
53.442000
54.072000
54.685000
55.315000
55.929000
56.542000
57.172000
57.786000
58.416000
66.324000
66.954000
67.567000
68.181000
68.811000
69.424000
70.054000
70.668000
71.281000
71.911000
72.525000
73.155000
73.768000
74.381000
75.011000
75.625000
76.255000
76.868000
77.482000
78.112000
78.725000
79.355000
79.969000
80.582000
81.212000
81.825000
82.456000
83.069000
83.682000
84.312000
84.926000
85.556000
86.169000
86.783000
87.413000
88.026000
88.656000
89.270000
89.883000
90.513000
91.126000
91.756000
92.370000
92.983000
93.613000
94.227000
94.857000
95.470000
96.084000
96.714000
97.327000
97.940000
98.571000
99.184000
99.814000
100.427000
101.041000
101.671000
102.284000
102.914000
103.528000
104.141000
104.771000
105.385000
106.015000
106.628000
107.241000
107.871000
108.485000
109.115000
109.728000
110.342000
110.972000
111.585000
112.215000
112.829000
113.442000
114.072000
114.685000
115.316000
115.929000
116.542000
117.172000
117.786000
118.416000
126.324000
126.954000
127.568000
128.181000
128.811000
129.424000
130.054000
130.668000
131.281000
131.911000
132.525000
133.155000
133.768000
134.382000
135.012000
135.625000
136.255000
136.868000
137.482000
138.112000
138.725000
139.355000
139.969000
140.582000
141.212000
141.826000
142.456000
143.069000
143.683000
144.313000
144.926000
145.556000
146.169000
146.783000
147.413000
148.026000
148.656000
149.270000
149.883000
150.513000
151.127000
151.757000
152.370000
152.983000
153.613000
154.227000
154.857000
155.470000
156.084000
156.714000
157.327000
157.941000
158.571000
159.184000
159.814000
160.428000
161.041000
161.671000
162.284000
162.914000
163.528000
164.141000
164.771000
165.385000
166.015000
166.628000
167.242000
167.872000
168.485000
169.115000
169.728000
170.342000
170.972000
171.585000
172.215000
172.829000
173.442000
174.072000
174.686000
175.316000
175.929000
176.543000
177.173000
177.786000
178.416000
186.324000
186.954000
187.568000
188.181000
188.811000
189.425000
190.055000
190.668000
191.281000
191.911000
192.525000
193.155000
193.768000
194.382000
195.012000
195.625000
196.255000
196.869000
197.482000
198.112000
198.726000
199.356000
199.969000
200.582000
201.212000
201.826000
202.456000
203.069000
203.683000
204.313000
204.926000
205.556000
206.170000
206.783000
207.413000
208.026000
208.656000
209.270000
209.883000
210.513000
211.127000
211.757000
212.370000
212.984000
213.614000
214.227000
214.840000
215.471000
216.084000
216.714000
217.327000
217.941000
218.571000
219.184000
219.814000
220.428000
221.041000
221.671000
222.285000
222.915000
223.528000
224.141000
224.771000
225.385000
226.015000
226.628000
227.242000
227.872000
228.485000
229.115000
229.729000
230.342000
230.972000
231.586000
232.216000
232.829000
233.442000
234.072000
234.686000
235.316000
235.929000
236.543000
237.173000
237.786000
238.416000
246.324000
246.954000
247.568000
248.181000
248.811000
249.425000
250.055000
250.668000
251.282000
251.912000
252.525000
253.155000
253.768000
254.382000
255.012000
255.625000
256.255000
256.869000
257.482000
258.112000
258.726000
259.356000
259.969000
260.583000
261.213000
261.826000
262.456000
263.069000
263.683000
264.313000
264.926000
265.556000
266.170000
266.783000
267.413000
268.027000
268.657000
269.270000
269.883000
270.513000
271.127000
271.757000
272.370000
272.984000
273.614000
274.227000
274.841000
275.471000
276.084000
276.714000
277.328000
277.941000
278.571000
279.184000
279.814000
280.428000
281.041000
281.671000
282.285000
282.915000
283.528000
284.142000
284.772000
285.385000
286.015000
286.628000
287.242000
287.872000
288.485000
289.115000
289.729000
290.342000
290.972000
291.586000
292.216000
292.829000
293.443000
294.073000
294.686000
295.316000
295.929000
296.543000
297.173000
297.786000
298.416000
306.325000
306.955000
307.568000
308.181000
308.811000
309.425000
310.055000
310.668000
311.282000
311.912000
312.525000
313.155000
313.769000
314.382000
315.012000
315.626000
316.256000
316.869000
317.482000
318.112000
318.726000
319.356000
319.969000
320.583000
321.213000
321.826000
322.456000
323.070000
323.683000
324.313000
324.926000
325.556000
326.170000
326.783000
327.413000
328.027000
328.657000
329.270000
329.884000
330.514000
331.127000
331.741000
332.371000
332.984000
333.614000
334.227000
334.841000
335.471000
336.084000
336.714000
337.328000
337.941000
338.571000
339.185000
339.815000
340.428000
341.041000
341.671000
342.285000
342.915000
343.528000
344.142000
344.772000
345.385000
346.015000
346.629000
347.242000
347.872000
348.486000
349.116000
349.729000
350.342000
350.972000
351.586000
352.216000
352.829000
353.443000
354.073000
354.686000
355.316000
355.930000
356.543000
357.173000
357.786000
358.416000
366.325000
366.938000
367.568000
368.182000
368.795000
369.425000
370.039000
370.669000
371.282000
371.895000
372.525000
373.139000
373.769000
374.382000
374.996000
375.626000
376.239000
376.853000
377.483000
378.096000
378.726000
379.339000
379.953000
380.583000
381.196000
381.826000
382.440000
383.053000
383.683000
384.297000
384.927000
385.540000
386.153000
386.783000
387.397000
388.027000
388.640000
389.254000
389.884000
390.497000
391.127000
391.741000
392.354000
392.984000
393.598000
394.228000
394.841000
395.454000
396.084000
396.698000
397.328000
397.941000
398.555000
399.185000
399.798000
400.428000
401.042000
401.655000
402.285000
402.898000
403.529000
404.142000
404.755000
405.385000
405.999000
406.629000
407.242000
407.856000
408.486000
409.099000
409.713000
410.343000
410.956000
411.586000
412.199000
412.813000
413.443000
414.056000
414.686000
415.300000
415.913000
416.543000
417.157000
417.787000
418.400000
426.325000
426.955000
427.568000
428.182000
428.812000
429.425000
430.055000
430.669000
431.282000
431.912000
432.526000
433.156000
433.769000
434.382000
435.012000
435.626000
436.256000
436.869000
437.483000
438.113000
438.726000
439.356000
439.970000
440.583000
441.213000
441.826000
442.456000
443.070000
443.683000
444.313000
444.927000
445.557000
446.170000
446.784000
447.414000
448.027000
448.641000
449.271000
449.884000
450.514000
451.127000
451.741000
452.371000
452.984000
453.614000
454.228000
454.841000
455.471000
456.085000
456.715000
457.328000
457.941000
458.571000
459.185000
459.815000
460.428000
461.042000
461.672000
462.285000
462.915000
463.529000
464.142000
464.772000
465.386000
466.016000
466.629000
467.242000
467.872000
468.486000
469.116000
469.729000
470.343000
470.973000
471.586000
472.216000
472.830000
473.443000
474.073000
474.686000
475.316000
475.930000
476.543000
477.173000
477.787000
478.417000
486.325000
486.939000
487.569000
488.182000
488.795000
489.425000
490.039000
490.669000
491.282000
491.896000
492.526000
493.139000
493.753000
494.383000
494.996000
495.626000
496.239000
496.853000
497.483000
498.096000
498.726000
499.340000
499.953000
500.583000
501.197000
501.827000
502.440000
503.053000
503.684000
504.297000
504.927000
505.540000
506.154000
506.784000
507.397000
508.027000
508.641000
509.254000
509.884000
510.498000
511.128000
511.741000
512.354000
512.984000
513.598000
514.228000
514.841000
515.455000
516.085000
516.698000
517.328000
517.942000
518.555000
519.185000
519.799000
520.429000
521.042000
521.655000
522.285000
522.899000
523.529000
524.142000
524.756000
525.386000
525.999000
526.613000
527.243000
527.856000
528.486000
529.099000
529.713000
530.343000
530.956000
531.586000
532.200000
532.813000
533.443000
534.057000
534.687000
535.300000
535.914000
536.544000
537.157000
537.787000
538.400000
546.325000
546.939000
547.569000
548.182000
548.796000
549.426000
550.039000
550.669000
551.282000
551.896000
552.526000
553.139000
553.753000
554.383000
554.996000
555.626000
556.240000
556.853000
557.483000
558.096000
558.726000
559.340000
559.953000
560.583000
561.197000
561.827000
562.440000
563.054000
563.684000
564.297000
564.927000
565.541000
566.154000
566.784000
567.397000
568.027000
568.641000
569.254000
569.884000
570.498000
571.128000
571.741000
572.355000
572.985000
573.598000
574.228000
574.841000
575.455000
576.085000
576.698000
577.328000
577.942000
578.555000
579.185000
579.799000
580.429000
581.042000
581.656000
582.286000
582.899000
583.529000
584.142000
584.756000
585.386000
585.999000
586.613000
587.243000
587.856000
588.486000
589.100000
589.713000
590.343000
590.957000
591.586000
592.200000
592.813000
593.443000
594.057000
594.687000
595.300000
595.914000
596.544000
597.157000
597.787000
598.401000
606.325000
606.939000
607.569000
608.182000
608.796000
609.426000
610.039000
610.653000
611.283000
611.896000
612.526000
613.139000
613.753000
614.383000
614.996000
615.626000
616.240000
616.853000
617.483000
618.097000
618.727000
619.340000
619.954000
620.584000
621.197000
621.827000
622.440000
623.054000
623.684000
624.297000
624.927000
625.541000
626.154000
626.784000
627.398000
628.028000
628.641000
629.254000
629.884000
630.498000
631.128000
631.741000
632.355000
632.985000
633.598000
634.228000
634.842000
635.455000
636.085000
636.699000
637.329000
637.942000
638.555000
639.185000
639.799000
640.429000
641.042000
641.656000
642.286000
642.899000
643.513000
644.143000
644.756000
645.386000
645.999000
646.613000
647.243000
647.856000
648.486000
649.100000
649.713000
650.343000
650.957000
651.587000
652.200000
652.814000
653.444000
654.057000
654.687000
655.300000
655.914000
656.544000
657.157000
657.787000
658.401000
666.326000
666.939000
667.569000
668.182000
668.796000
669.426000
670.039000
670.653000
671.283000
671.896000
672.526000
673.140000
673.753000
674.383000
674.996000
675.627000
676.240000
676.853000
677.483000
678.097000
678.727000
679.340000
679.954000
680.584000
681.197000
681.827000
682.441000
683.054000
683.684000
684.297000
684.927000
685.541000
686.154000
686.784000
687.398000
688.028000
688.641000
689.255000
689.885000
690.498000
691.128000
691.742000
692.355000
692.985000
693.598000
694.228000
694.842000
695.455000
696.085000
696.699000
697.329000
697.942000
698.556000
699.186000
699.799000
700.429000
701.042000
701.656000
702.286000
702.899000
703.513000
704.143000
704.756000
705.386000
706.000000
706.613000
707.243000
707.856000
708.486000
709.100000
709.713000
710.343000
710.957000
711.587000
712.200000
712.814000
713.444000
714.057000
714.687000
715.301000
715.914000
716.544000
717.157000
717.787000
718.401000
726.326000
726.939000
727.553000
728.183000
728.796000
729.426000
730.039000
730.653000
731.283000
731.896000
732.526000
733.140000
733.753000
734.383000
734.997000
735.627000
736.240000
736.854000
737.484000
738.097000
738.727000
739.340000
739.954000
740.584000
741.197000
741.827000
742.441000
743.054000
743.684000
744.298000
744.928000
745.541000
746.154000
746.784000
747.398000
748.028000
748.641000
749.255000
749.885000
750.498000
751.128000
751.742000
752.355000
752.985000
753.599000
754.229000
754.842000
755.455000
756.085000
756.699000
757.329000
757.942000
758.556000
759.186000
759.799000
760.413000
761.043000
761.656000
762.286000
762.899000
763.513000
764.143000
764.756000
765.386000
766.000000
766.613000
767.243000
767.857000
768.487000
769.100000
769.714000
770.344000
770.957000
771.587000
772.200000
772.814000
773.444000
774.057000
774.687000
775.301000
775.914000
776.544000
777.158000
777.788000
778.401000
786.326000
786.939000
787.553000
788.183000
788.796000
789.426000
790.040000
790.653000
791.283000
791.897000
792.527000
793.140000
793.753000
794.383000
794.997000
795.627000
796.240000
796.854000
797.484000
798.097000
798.727000
799.341000
799.954000
800.584000
801.197000
801.827000
802.441000
803.054000
803.684000
804.298000
804.928000
805.541000
806.155000
806.785000
807.398000
808.028000
808.642000
809.255000
809.885000
810.498000
811.128000
811.742000
812.355000
812.985000
813.599000
814.229000
814.842000
815.456000
816.086000
816.699000
817.329000
817.942000
818.556000
819.186000
819.799000
820.413000
821.043000
821.656000
822.286000
822.900000
823.513000
824.143000
824.757000
825.387000
826.000000
826.613000
827.243000
827.857000
828.487000
829.100000
829.714000
830.344000
830.957000
831.587000
832.201000
832.814000
833.444000
834.057000
834.687000
835.301000
835.914000
836.544000
837.158000
837.788000
838.401000
846.326000
846.939000
847.553000
848.183000
848.796000
849.426000
850.040000
850.653000
851.283000
851.897000
852.527000
853.140000
853.754000
854.384000
854.997000
855.627000
856.240000
856.854000
857.484000
858.097000
858.727000
859.341000
859.954000
860.584000
861.198000
861.828000
862.441000
863.054000
863.684000
864.298000
864.928000
865.541000
866.155000
866.785000
867.398000
868.028000
868.642000
869.255000
869.885000
870.499000
871.129000
871.742000
872.355000
872.985000
873.599000
874.229000
874.842000
875.456000
876.086000
876.699000
877.313000
877.943000
878.556000
879.186000
879.800000
880.413000
881.043000
881.656000
882.286000
882.900000
883.513000
884.143000
884.757000
885.387000
886.000000
886.614000
887.244000
887.857000
888.487000
889.100000
889.714000
890.344000
890.957000
891.587000
892.201000
892.814000
893.444000
894.058000
894.688000
895.301000
895.914000
896.544000
897.158000
897.788000
898.401000
906.326000
906.940000
907.553000
908.183000
908.797000
909.427000
910.040000
910.653000
911.283000
911.897000
912.527000
913.140000
913.754000
914.384000
914.997000
915.627000
916.241000
916.854000
917.484000
918.097000
918.727000
919.341000
919.954000
920.584000
921.198000
921.828000
922.441000
923.055000
923.685000
924.298000
924.928000
925.542000
926.155000
926.785000
927.398000
928.028000
928.642000
929.255000
929.885000
930.499000
931.129000
931.742000
932.356000
932.986000
933.599000
934.229000
934.842000
935.456000
936.086000
936.699000
937.313000
937.943000
938.556000
939.186000
939.800000
940.413000
941.043000
941.657000
942.287000
942.900000
943.513000
944.143000
944.757000
945.387000
946.000000
946.614000
947.244000
947.857000
948.487000
949.101000
949.714000
950.344000
950.957000
951.587000
952.201000
952.814000
953.444000
954.058000
954.688000
955.301000
955.915000
956.545000
957.158000
957.788000
958.402000
966.310000
966.940000
967.553000
968.167000
968.797000
969.410000
970.040000
970.654000
971.267000
971.897000
972.510000
973.140000
973.754000
974.367000
974.997000
975.611000
976.241000
976.854000
977.468000
978.098000
978.711000
979.324000
979.955000
980.568000
981.198000
981.811000
982.425000
983.055000
983.668000
984.298000
984.912000
985.525000
986.155000
986.769000
987.399000
988.012000
988.625000
989.255000
989.869000
990.499000
991.112000
991.726000
992.356000
992.969000
993.599000
994.213000
994.826000
995.456000
996.069000
996.700000
997.313000
997.926000
998.556000
999.170000
999.800000
1000.413000
1001.027000
1001.657000
1002.270000
1002.900000
1003.514000
1004.127000
1004.757000
1005.370000
1006.000000
1006.614000
1007.227000
1007.857000
1008.471000
1009.101000
1009.714000
1010.328000
1010.958000
1011.571000
1012.184000
1012.814000
1013.428000
1014.058000
1014.671000
1015.285000
1015.915000
1016.528000
1017.158000
1017.772000
1018.385000
