311.282000
312.525000
313.769000
315.012000
321.213000
322.456000
333.614000
334.841000
341.041000
342.285000
344.772000
350.972000
378.726000
381.196000
391.127000
392.354000
402.285000
404.755000
412.199000
415.913000
438.726000
441.213000
449.884000
451.127000
452.371000
453.614000
459.815000
462.285000
466.016000
470.973000
473.443000
497.483000
498.726000
506.154000
507.397000
512.354000
513.598000
517.328000
522.285000
523.529000
538.400000
561.197000
562.440000
564.927000
572.355000
577.328000
584.756000
597.157000
610.039000
623.684000
631.128000
641.042000
643.513000
655.914000
670.039000
672.526000
673.753000
678.727000
684.927000
691.128000
706.000000
707.243000
714.687000
717.157000
733.753000
734.997000
743.684000
744.928000
753.599000
757.329000
758.556000
773.444000
777.158000
778.401000
793.753000
796.240000
812.355000
829.714000
853.754000
867.398000
868.642000
876.086000
881.043000
887.244000
888.487000
892.201000
911.283000
912.527000
931.129000
938.556000
953.444000
955.915000
970.040000
976.241000
978.711000
982.425000
984.912000
988.625000
993.599000
994.826000
996.069000
998.556000
1002.270000
1004.757000
