1039.284000
1040.528000
1041.771000
1043.015000
1045.485000
1047.972000
1049.215000
1050.442000
1052.929000
1059.130000
1060.373000
1061.600000
1062.843000
1064.087000
1065.330000
1066.574000
1067.801000
1069.044000
1074.001000
1075.245000
1076.488000
1077.732000
1078.975000
1080.202000
1083.932000
1085.176000
1086.403000
1099.285000
1100.528000
1103.015000
1104.242000
1105.485000
1106.729000
1107.972000
1109.216000
1112.929000
1115.400000
1119.130000
1120.373000
1121.600000
1122.844000
1124.087000
1125.330000
1126.574000
1129.044000
1130.288000
1132.775000
1135.245000
1140.202000
1141.445000
1146.403000
1158.041000
1159.285000
1160.528000
1164.242000
1167.972000
1169.216000
1171.686000
1174.173000
1175.400000
1179.130000
1181.600000
1182.844000
1184.087000
1185.331000
1186.574000
1187.801000
1190.288000
1191.531000
1192.775000
1194.002000
1195.245000
1196.488000
1197.732000
1198.975000
1201.446000
1202.689000
1203.933000
1205.176000
1218.041000
1219.285000
1220.512000
1221.755000
1222.999000
1224.242000
1225.486000
1230.443000
1231.686000
1232.913000
1234.156000
1235.400000
1236.643000
1239.114000
1240.357000
1241.601000
1242.844000
1244.087000
1245.314000
1249.045000
1250.288000
1254.002000
1255.245000
1256.472000
1257.715000
1258.959000
1260.202000
1261.446000
1262.673000
1263.916000
1278.042000
1280.528000
1281.772000
1283.015000
1284.242000
1286.729000
1287.973000
1289.216000
1291.686000
1292.930000
1294.173000
1295.400000
1296.643000
1297.887000
1299.130000
1301.601000
1302.844000
1304.088000
1305.331000
1306.574000
1307.801000
1310.288000
1311.532000
1314.002000
1315.245000
1316.489000
1318.959000
1320.203000
1321.446000
1322.689000
1325.160000
1326.403000
1338.042000
1339.285000
1340.512000
1342.999000
1344.242000
1346.713000
1350.443000
1352.913000
1356.644000
1361.601000
1362.844000
1364.088000
1365.315000
1366.558000
1369.045000
1374.002000
1376.472000
1377.716000
1380.203000
1383.916000
1398.042000
1399.285000
1400.512000
1401.756000
1402.999000
1405.486000
1407.956000
1409.200000
1411.687000
1412.913000
1415.400000
1419.114000
1420.358000
1421.601000
1424.088000
1425.315000
1426.558000
1427.802000
1429.045000
1431.515000
1434.002000
1435.246000
1437.716000
1440.203000
1441.446000
1445.160000
1446.403000
1458.042000
1459.286000
1460.529000
1461.772000
1463.016000
1465.486000
1466.730000
1467.973000
1469.200000
1470.443000
1471.687000
1472.930000
1474.174000
1475.401000
1479.131000
1480.374000
1482.845000
1486.575000
1489.045000
1490.289000
1491.532000
1492.776000
1494.002000
1495.246000
1496.489000
1497.733000
1500.203000
1501.446000
1502.690000
1503.933000
1505.160000
1518.042000
1520.513000
1524.243000
1526.713000
1527.957000
1529.200000
1530.444000
1531.687000
1532.914000
1534.157000
1537.888000
1539.114000
1541.601000
1544.088000
1545.315000
1546.559000
1547.802000
1549.045000
1552.759000
1554.003000
1555.246000
1556.473000
1558.960000
1561.447000
1562.673000
1563.917000
1565.160000
1566.404000
1578.042000
1579.286000
1580.513000
1581.756000
1583.000000
1584.243000
1585.486000
1589.200000
1590.444000
1592.914000
1594.157000
1596.644000
1597.888000
1600.358000
1601.601000
1604.072000
1605.315000
1606.559000
1607.802000
1609.046000
1614.003000
1615.246000
1616.473000
1617.716000
1618.960000
1620.203000
1621.447000
1622.674000
1623.917000
1625.161000
1626.404000
1638.043000
1639.286000
1640.513000
1641.756000
1644.243000
1645.487000
1646.713000
1649.200000
1650.444000
1654.158000
1655.401000
1656.644000
1657.888000
1659.115000
1662.845000
1664.089000
1666.559000
1667.802000
1669.046000
1671.516000
1674.003000
1675.246000
1676.473000
1677.717000
1680.204000
1681.447000
1682.674000
1683.917000
1685.161000
1698.043000
1699.286000
1700.513000
1701.756000
1703.000000
1706.714000
1707.957000
1709.201000
1710.444000
1711.687000
1714.158000
1716.645000
1717.888000
1720.358000
1721.602000
1722.845000
1724.089000
1725.316000
1729.046000
1730.273000
1731.516000
1732.760000
1736.473000
1740.204000
1742.674000
1746.404000
