1767.288000
1767.901000
1768.531000
1769.145000
1769.775000
1770.388000
1771.001000
1771.631000
1772.245000
1772.875000
1773.488000
1774.102000
1774.732000
1775.345000
1775.975000
1776.589000
1777.832000
1778.445000
1779.075000
1779.689000
1780.302000
1780.932000
1781.546000
1782.176000
1782.789000
1783.403000
1784.033000
1784.646000
1785.260000
1785.890000
1786.503000
1787.133000
1787.746000
1788.360000
1788.990000
1789.603000
1790.233000
1790.847000
1792.090000
1792.704000
1793.334000
1793.947000
1794.560000
1795.190000
1795.804000
1796.434000
1797.047000
1797.661000
1798.291000
1798.904000
1799.534000
1800.148000
1801.391000
1802.005000
1802.635000
1803.248000
1803.861000
1804.491000
1805.105000
1805.735000
1806.348000
1806.962000
1807.592000
1808.205000
1808.835000
1809.449000
1810.062000
1810.692000
1811.305000
1811.935000
1812.549000
1813.162000
1813.792000
1814.406000
1825.431000
1826.044000
1826.674000
1827.288000
1827.901000
1828.531000
1829.145000
1829.775000
1830.388000
1831.002000
1831.632000
1832.245000
1832.875000
1833.488000
1834.102000
1834.732000
1835.345000
1835.975000
1836.589000
1837.202000
1837.832000
1839.076000
1839.689000
1840.303000
1840.933000
1841.546000
1842.176000
1842.789000
1844.033000
1844.646000
1845.260000
1845.890000
1846.503000
1847.133000
1847.747000
1848.360000
1848.990000
1849.603000
1850.233000
1850.847000
1851.460000
1852.090000
1853.947000
1854.561000
1855.804000
1856.434000
1857.048000
1857.661000
1858.291000
1858.904000
1859.534000
1860.148000
1860.761000
1861.391000
1862.005000
1863.248000
1863.862000
1864.492000
1865.105000
1865.735000
1866.962000
1867.592000
1868.205000
1868.835000
1869.449000
1870.062000
1870.692000
1871.306000
1871.936000
1872.549000
1873.163000
1873.793000
1874.406000
1885.431000
1886.045000
1886.675000
1887.288000
1887.901000
1888.531000
1889.145000
1889.775000
1890.388000
1891.002000
1891.632000
1892.245000
1892.875000
1893.489000
1894.102000
1894.732000
1895.346000
1895.959000
1896.589000
1897.202000
1897.832000
1898.446000
1899.076000
1899.689000
1900.303000
1900.933000
1901.546000
1902.160000
1902.790000
1903.403000
1904.033000
1904.646000
1905.260000
1905.890000
1906.503000
1907.133000
1907.747000
1908.360000
1908.990000
1909.604000
1910.234000
1910.847000
1911.460000
1912.091000
1912.704000
1913.334000
1913.947000
1914.561000
1915.191000
1915.804000
1916.434000
1917.048000
1917.661000
1918.291000
1918.905000
1919.535000
1920.148000
1920.761000
1921.391000
1922.005000
1922.635000
1923.248000
1923.862000
1924.492000
1925.105000
1925.735000
1926.349000
1926.962000
1927.592000
1928.206000
1928.836000
1929.449000
1930.062000
1930.692000
1931.306000
1931.936000
1932.549000
1933.163000
1933.793000
1934.406000
1946.045000
1946.675000
1947.288000
1947.902000
1948.532000
1949.145000
1949.775000
1950.388000
1951.002000
1951.632000
1952.245000
1952.875000
1953.489000
1954.102000
1954.732000
1955.976000
1956.589000
1957.203000
1957.833000
1958.446000
1959.076000
1959.689000
1960.303000
1960.933000
1961.546000
1962.160000
1962.790000
1963.403000
1964.033000
1964.647000
1965.260000
1965.890000
1966.503000
1967.133000
1967.747000
1968.360000
1968.990000
1969.604000
1970.234000
1970.847000
1971.461000
1972.091000
1972.704000
1973.334000
1973.948000
1974.561000
1975.191000
1976.434000
1977.048000
1977.661000
1978.291000
1978.905000
1979.535000
1980.148000
1980.762000
1981.392000
1982.005000
1982.635000
1983.248000
1983.862000
1984.492000
1985.105000
1985.735000
1986.349000
1986.962000
1987.592000
1988.206000
1988.836000
1989.449000
1990.063000
1991.306000
1991.936000
1992.549000
1993.163000
1993.793000
1994.406000
2005.415000
2006.045000
2007.902000
2008.515000
2009.145000
2009.759000
2010.372000
2011.616000
2012.246000
2012.859000
2013.472000
2014.102000
2014.716000
2015.346000
2015.959000
2016.573000
2017.203000
2017.816000
2018.446000
2019.060000
2019.673000
2020.303000
2020.916000
2021.546000
2022.160000
2022.773000
2023.403000
2024.017000
2025.260000
2025.874000
2026.504000
2027.747000
2028.361000
2028.974000
2029.604000
2030.217000
2030.847000
2031.461000
2032.074000
2032.704000
2033.318000
2033.948000
2034.561000
2035.175000
2036.418000
2037.048000
2037.661000
2038.275000
2038.905000
2039.518000
2040.132000
2040.762000
2041.375000
2042.005000
2042.619000
2043.232000
2043.862000
2044.476000
2045.106000
2045.719000
2046.332000
2046.962000
2047.576000
2048.206000
2048.819000
2049.433000
2050.063000
2050.676000
2051.306000
2051.920000
2052.533000
2053.163000
2053.776000
2054.406000
2065.415000
2066.045000
2066.658000
2067.272000
2067.902000
2068.515000
2069.145000
2069.759000
2070.372000
2071.616000
2072.246000
2072.859000
2073.473000
2074.103000
2074.716000
2075.346000
2075.959000
2076.573000
2077.816000
2078.446000
2079.060000
2079.673000
2080.303000
2080.917000
2081.547000
2082.160000
2082.773000
2083.403000
2084.017000
2084.647000
2085.260000
2085.874000
2086.504000
2087.117000
2087.747000
2088.361000
2088.974000
2089.604000
2090.218000
2090.848000
2091.461000
2092.074000
2092.704000
2093.318000
2093.948000
2094.561000
2095.175000
2095.805000
2096.418000
2097.032000
2097.662000
2098.275000
2099.518000
2100.132000
2100.762000
2102.005000
2102.619000
2103.232000
2103.862000
2104.476000
2105.106000
2105.719000
2106.333000
2106.963000
2107.576000
2108.206000
2108.819000
2109.433000
2110.063000
2110.676000
2111.920000
2112.533000
2113.777000
2125.415000
2126.045000
2126.659000
2127.272000
2127.902000
2128.516000
2129.146000
2129.759000
2130.372000
2131.002000
2131.616000
2132.246000
2132.859000
2133.473000
2134.103000
2134.716000
2135.346000
2136.573000
2137.203000
2137.816000
2138.446000
2139.060000
2139.673000
2140.303000
2140.917000
2141.547000
2142.160000
2142.774000
2143.404000
2144.017000
2144.647000
2145.261000
2145.874000
2146.504000
2147.117000
2147.747000
2148.361000
2148.974000
2149.604000
2150.218000
2150.848000
2151.461000
2152.075000
2152.705000
2153.318000
2153.948000
2154.561000
2155.175000
2155.805000
2156.418000
2157.032000
2157.662000
2158.275000
2158.905000
2159.519000
2160.132000
2160.762000
2161.376000
2162.006000
2162.619000
2163.232000
2163.862000
2164.476000
2165.106000
2165.719000
2166.333000
2166.963000
2167.576000
2168.206000
2168.820000
2169.433000
2170.063000
2170.676000
2171.306000
2171.920000
2172.533000
2173.163000
2173.777000
2174.407000
2185.415000
2186.045000
2186.659000
2187.902000
2188.516000
2189.146000
2190.373000
2191.003000
2191.616000
2192.246000
2192.859000
2193.473000
2194.103000
2194.716000
2195.346000
2196.573000
2197.203000
2198.447000
2199.060000
2199.673000
2200.304000
2200.917000
2201.547000
2202.160000
2202.774000
2203.404000
2204.017000
2204.647000
2205.261000
2205.874000
2206.504000
2207.118000
2207.748000
2208.361000
2208.974000
2209.604000
2210.218000
2210.848000
2212.075000
2212.705000
2213.318000
2213.948000
2214.562000
2215.175000
2215.805000
2216.418000
2217.049000
2217.662000
2218.275000
2218.905000
2219.519000
2220.149000
2220.762000
2221.376000
2222.006000
2222.619000
2223.233000
2223.863000
2224.476000
2225.106000
2225.719000
2226.333000
2226.963000
2227.576000
2228.206000
2228.820000
2229.433000
2230.063000
2230.677000
2231.307000
2231.920000
2232.533000
2233.163000
2233.777000
2234.407000
2245.416000
2246.046000
2246.659000
2247.289000
2247.902000
2248.516000
2249.146000
2249.759000
2250.373000
2251.003000
2251.616000
2252.246000
2252.860000
2253.473000
2254.103000
2254.716000
2255.346000
2255.960000
2256.573000
2257.203000
2257.817000
2258.447000
2259.060000
2259.674000
2260.304000
2260.917000
2261.547000
2262.161000
2262.774000
2263.404000
2264.017000
2264.647000
2265.261000
2265.874000
2266.504000
2267.118000
2267.748000
2268.361000
2268.975000
2269.605000
2270.218000
2270.848000
2271.461000
2272.075000
2272.705000
2273.318000
2273.948000
2274.562000
2275.175000
2275.805000
2276.419000
2277.049000
2277.662000
2278.276000
2278.906000
2279.519000
2280.149000
2280.762000
2281.376000
2282.619000
2283.233000
2283.863000
2284.476000
2285.106000
2285.720000
2286.333000
2286.963000
2287.576000
2288.206000
2288.820000
2289.433000
2290.063000
2290.677000
2291.307000
2291.920000
2292.534000
2293.164000
2293.777000
2294.407000
2305.416000
2306.046000
2306.659000
2307.273000
2307.903000
2308.516000
2309.146000
2309.759000
2310.373000
2311.003000
2311.616000
2312.246000
2312.860000
2313.473000
2314.103000
2314.717000
2315.347000
2315.960000
2316.574000
2317.204000
2317.817000
2318.447000
2319.060000
2319.674000
2320.304000
2320.917000
2322.161000
2322.774000
2323.404000
2324.018000
2324.648000
2325.261000
2325.874000
2326.504000
2327.118000
2327.748000
2328.361000
2328.975000
2329.605000
2330.218000
2331.462000
2332.075000
2332.705000
2333.319000
2333.949000
2334.562000
2335.175000
2335.805000
2337.049000
2337.662000
2338.276000
2338.906000
2339.519000
2340.133000
2341.376000
2342.006000
2342.619000
2343.233000
2343.863000
2345.106000
2345.720000
2346.333000
2346.963000
2347.577000
2348.207000
2348.820000
2349.434000
2350.064000
2350.677000
2351.307000
2351.920000
2352.534000
2353.777000
2354.407000
2366.659000
2367.273000
2367.903000
2368.516000
2369.146000
2369.760000
2370.373000
2371.003000
2371.616000
2372.860000
2373.473000
2374.103000
2374.717000
2375.347000
2375.960000
2376.574000
2377.204000
2377.817000
2378.447000
2379.061000
2379.674000
2380.304000
2380.917000
2381.547000
2382.161000
2382.774000
2383.404000
2384.018000
2384.648000
2385.261000
2385.875000
2386.505000
2387.748000
2388.361000
2388.975000
2389.605000
2390.218000
2390.848000
2391.462000
2392.075000
2392.705000
2393.319000
2393.949000
2394.562000
2395.176000
2395.806000
2396.419000
2397.049000
2397.662000
2398.276000
2398.906000
2399.519000
2400.133000
2400.763000
2401.376000
2402.006000
2402.620000
2403.233000
2403.863000
2404.476000
2405.106000
2405.720000
2406.333000
2406.963000
2407.577000
2408.207000
2408.820000
2409.434000
2410.064000
2410.677000
2411.307000
2411.921000
2412.534000
2413.164000
2414.407000
2425.416000
2426.046000
2426.659000
2427.273000
2428.516000
2429.146000
2429.760000
2430.373000
2431.003000
2431.617000
2432.247000
2432.860000
2433.474000
2434.104000
2434.717000
2435.347000
2435.960000
2436.574000
2437.204000
2437.817000
2438.447000
2439.061000
2439.674000
2440.304000
2440.918000
2441.548000
2442.161000
2442.774000
2444.018000
2444.648000
2445.261000
2445.875000
2446.505000
2447.118000
2447.748000
2448.362000
2448.975000
2449.605000
2450.219000
2450.849000
2451.462000
2452.075000
2452.705000
2453.319000
2453.949000
2454.562000
2455.806000
2456.419000
2457.033000
2457.663000
2458.276000
2458.906000
2459.519000
2460.133000
2460.763000
2461.376000
2462.006000
2463.233000
2463.863000
2464.477000
2465.107000
2465.720000
2466.334000
2467.577000
2468.207000
2468.820000
2469.434000
2470.064000
2470.677000
2471.307000
2471.921000
2472.534000
2473.164000
2473.778000
2474.408000
