1038.671000
1039.914000
1041.141000
1042.385000
1043.628000
1044.872000
1046.115000
1047.342000
1048.585000
1049.829000
1052.316000
1053.543000
1054.786000
1056.029000
1057.273000
1058.500000
1059.743000
1060.987000
1062.230000
1063.473000
1064.700000
1065.944000
1067.187000
1068.431000
1069.674000
1070.901000
1072.144000
1073.388000
1074.631000
1075.875000
1077.102000
1078.345000
1079.588000
1080.832000
1082.075000
1083.302000
1084.546000
1085.789000
1097.428000
1099.915000
1101.141000
1102.385000
1103.628000
1106.115000
1107.342000
1108.585000
1109.829000
1111.072000
1112.316000
1113.543000
1114.786000
1116.030000
1117.273000
1118.500000
1119.743000
1120.987000
1122.230000
1123.474000
1124.701000
1125.944000
1127.187000
1128.431000
1129.674000
1130.901000
1132.145000
1133.388000
1134.631000
1135.875000
1137.102000
1139.589000
1140.832000
1142.076000
1143.302000
1144.546000
1145.789000
1157.428000
1158.671000
1159.915000
1161.142000
1162.385000
1163.628000
1164.872000
1166.115000
1167.342000
1168.586000
1169.829000
1171.073000
1172.316000
1173.543000
1174.786000
1176.030000
1177.273000
1178.500000
1179.743000
1180.987000
1182.230000
1183.474000
1184.701000
1185.944000
1187.188000
1188.431000
1189.674000
1190.901000
1192.145000
1193.388000
1195.875000
1197.102000
1198.345000
1199.589000
1200.832000
1202.076000
1203.303000
1204.546000
1205.789000
1217.428000
1218.655000
1219.898000
1221.142000
1222.385000
1223.612000
1224.855000
1226.099000
1227.342000
1228.586000
1229.813000
1231.056000
1232.300000
1233.543000
1234.786000
1236.013000
1237.257000
1238.500000
1240.987000
1242.214000
1243.457000
1244.701000
1245.944000
1247.188000
1248.415000
1249.658000
1250.901000
1252.145000
1253.372000
1254.615000
1255.859000
1257.102000
1258.346000
1259.572000
1260.816000
1262.059000
1263.303000
1264.546000
1265.773000
1277.428000
1278.672000
1279.915000
1282.385000
1283.629000
1284.872000
1286.116000
1287.343000
1288.586000
1289.829000
1291.073000
1292.300000
1293.543000
1294.787000
1296.030000
1297.273000
1298.500000
1299.744000
1300.987000
1302.231000
1303.474000
1304.701000
1305.944000
1307.188000
1308.431000
1309.675000
1312.145000
1313.388000
1314.632000
1315.875000
1317.102000
1319.589000
1320.833000
1322.076000
1323.303000
1324.546000
1325.790000
1337.412000
1338.655000
1339.899000
1341.142000
1342.386000
1343.612000
1344.856000
1346.099000
1347.343000
1348.586000
1349.813000
1351.056000
1352.300000
1353.543000
1354.787000
1356.014000
1357.257000
1358.501000
1359.744000
1360.987000
1362.214000
1363.458000
1364.701000
1365.945000
1367.188000
1368.415000
1369.658000
1370.902000
1372.145000
1373.372000
1374.615000
1375.859000
1377.102000
1379.573000
1380.816000
1382.060000
1383.303000
1384.546000
1397.412000
1399.899000
1401.142000
1402.386000
1403.613000
1404.856000
1406.099000
1407.343000
1408.586000
1409.813000
1411.057000
1412.300000
1413.543000
1414.787000
1416.014000
1417.257000
1418.501000
1419.744000
1420.988000
1422.214000
1423.458000
1424.701000
1425.945000
1427.172000
1428.415000
1429.658000
1430.902000
1432.145000
1433.372000
1434.616000
1435.859000
1437.103000
1438.346000
1439.573000
1442.060000
1443.303000
1444.547000
1445.773000
1457.429000
1458.672000
1461.142000
1462.386000
1463.629000
1464.873000
1466.100000
1467.343000
1468.586000
1469.830000
1471.073000
1472.300000
1473.544000
1474.787000
1476.031000
1477.274000
1478.501000
1479.744000
1480.988000
1482.231000
1483.475000
1484.701000
1485.945000
1487.188000
1488.432000
1489.675000
1490.902000
1492.146000
1493.389000
1494.632000
1495.876000
1497.103000
1498.346000
1499.590000
1500.833000
1502.060000
1503.303000
1504.547000
1505.790000
1517.429000
1518.656000
1519.899000
1521.143000
1522.386000
1523.613000
1524.856000
1526.100000
1527.343000
1528.587000
1529.813000
1531.057000
1532.300000
1533.544000
1537.258000
1538.501000
1539.744000
1540.988000
1542.215000
1543.458000
1544.702000
1547.189000
1548.415000
1549.659000
1550.902000
1552.146000
1553.373000
1554.616000
1555.859000
1557.103000
1558.346000
1559.573000
1560.817000
1562.060000
1563.304000
1564.547000
1565.774000
1577.412000
1578.656000
1579.899000
1581.143000
1582.386000
1583.613000
1584.856000
1586.100000
1587.343000
1588.587000
1589.814000
1591.057000
1592.301000
1593.544000
1594.787000
1596.014000
1597.258000
1598.501000
1599.745000
1600.988000
1602.215000
1603.458000
1604.702000
1605.945000
1607.172000
1608.416000
1609.659000
1610.902000
1613.373000
1614.616000
1615.860000
1617.103000
1618.346000
1619.573000
1620.817000
1622.060000
1623.304000
1624.547000
1625.774000
1637.413000
1638.656000
1639.899000
1641.143000
1642.386000
1643.613000
1644.857000
1646.100000
1647.344000
1649.814000
1651.057000
1652.301000
1653.544000
1654.788000
1656.014000
1657.258000
1658.501000
1659.745000
1660.988000
1662.215000
1663.459000
1664.702000
1665.945000
1667.189000
1668.416000
1669.659000
1670.903000
1672.146000
1673.373000
1674.616000
1675.860000
1677.103000
1678.347000
1679.574000
1680.817000
1682.060000
1683.304000
1684.547000
1685.774000
1697.413000
1698.656000
1699.900000
1701.143000
1702.386000
1703.613000
1704.857000
1706.100000
1707.344000
1708.587000
1709.814000
1711.057000
1712.301000
1713.544000
1714.788000
1716.015000
1717.258000
1718.501000
1719.745000
1722.215000
1723.459000
1724.702000
1725.946000
1727.189000
1728.416000
1729.659000
1730.903000
1732.146000
1733.373000
1734.616000
1735.860000
1737.103000
1738.347000
1739.574000
1740.817000
1742.061000
1743.304000
1744.547000
1745.774000
