1767.901000
1769.145000
1770.388000
1771.631000
1772.875000
1774.102000
1775.345000
1776.589000
1777.832000
1779.075000
1780.302000
1781.546000
1782.789000
1784.033000
1785.260000
1786.503000
1787.746000
1788.990000
1790.233000
1792.704000
1793.947000
1795.190000
1796.434000
1797.661000
1798.904000
1800.148000
1801.391000
1802.635000
1803.861000
1805.105000
1806.348000
1807.592000
1808.835000
1810.062000
1811.305000
1812.549000
1813.792000
1825.431000
1826.674000
1827.901000
1829.145000
1830.388000
1831.632000
1832.875000
1834.102000
1835.345000
1836.589000
1837.832000
1839.076000
1840.303000
1841.546000
1842.789000
1844.033000
1845.260000
1846.503000
1847.747000
1848.990000
1850.233000
1851.460000
1853.947000
1856.434000
1857.661000
1858.904000
1860.148000
1861.391000
1863.862000
1865.105000
1867.592000
1868.835000
1870.062000
1871.306000
1872.549000
1873.793000
1885.431000
1886.675000
1887.901000
1889.145000
1890.388000
1891.632000
1892.875000
1894.102000
1895.346000
1896.589000
1897.832000
1899.076000
1900.303000
1901.546000
1902.790000
1904.033000
1905.260000
1906.503000
1907.747000
1908.990000
1910.234000
1911.460000
1912.704000
1913.947000
1915.191000
1916.434000
1917.661000
1918.905000
1920.148000
1921.391000
1922.635000
1923.862000
1925.105000
1926.349000
1927.592000
1928.836000
1930.062000
1931.306000
1932.549000
1933.793000
1946.675000
1947.902000
1949.145000
1950.388000
1951.632000
1952.875000
1954.102000
1956.589000
1957.833000
1959.076000
1960.303000
1961.546000
1962.790000
1964.033000
1965.260000
1966.503000
1967.747000
1968.990000
1970.234000
1971.461000
1972.704000
1973.948000
1975.191000
1976.434000
1977.661000
1978.905000
1980.148000
1981.392000
1982.635000
1983.862000
1985.105000
1986.349000
1987.592000
1988.836000
1990.063000
1991.306000
1992.549000
1993.793000
2005.415000
2007.902000
2009.145000
2010.372000
2011.616000
2012.859000
2014.102000
2015.346000
2016.573000
2017.816000
2019.060000
2020.303000
2021.546000
2022.773000
2024.017000
2025.260000
2026.504000
2027.747000
2028.974000
2030.217000
2031.461000
2032.704000
2033.948000
2035.175000
2036.418000
2037.661000
2038.905000
2040.132000
2041.375000
2042.619000
2043.862000
2045.106000
2046.332000
2047.576000
2048.819000
2050.063000
2051.306000
2052.533000
2053.776000
2065.415000
2066.658000
2067.902000
2069.145000
2070.372000
2071.616000
2072.859000
2074.103000
2075.346000
2076.573000
2077.816000
2079.060000
2080.303000
2081.547000
2082.773000
2084.017000
2085.260000
2086.504000
2087.747000
2088.974000
2090.218000
2091.461000
2092.704000
2093.948000
2095.175000
2096.418000
2097.662000
2100.132000
2102.619000
2103.862000
2105.106000
2106.333000
2107.576000
2108.819000
2110.063000
2112.533000
2113.777000
2125.415000
2126.659000
2127.902000
2129.146000
2130.372000
2131.616000
2132.859000
2134.103000
2135.346000
2136.573000
2137.816000
2139.060000
2140.303000
2141.547000
2142.774000
2144.017000
2145.261000
2146.504000
2147.747000
2148.974000
2150.218000
2151.461000
2152.705000
2153.948000
2155.175000
2156.418000
2157.662000
2158.905000
2160.132000
2161.376000
2162.619000
2163.862000
2165.106000
2166.333000
2167.576000
2168.820000
2170.063000
2171.306000
2172.533000
2173.777000
2185.415000
2186.659000
2187.902000
2189.146000
2190.373000
2191.616000
2192.859000
2194.103000
2195.346000
2196.573000
2199.060000
2200.304000
2201.547000
2202.774000
2204.017000
2205.261000
2206.504000
2207.748000
2208.974000
2210.218000
2212.705000
2213.948000
2215.175000
2216.418000
2217.662000
2218.905000
2220.149000
2221.376000
2222.619000
2223.863000
2225.106000
2226.333000
2227.576000
2228.820000
2230.063000
2231.307000
2232.533000
2233.777000
2245.416000
2246.659000
2247.902000
2249.146000
2250.373000
2251.616000
2252.860000
2254.103000
2255.346000
2256.573000
2257.817000
2259.060000
2260.304000
2261.547000
2262.774000
2264.017000
2265.261000
2266.504000
2267.748000
2268.975000
2270.218000
2271.461000
2272.705000
2273.948000
2275.175000
2276.419000
2277.662000
2278.906000
2280.149000
2281.376000
2282.619000
2283.863000
2285.106000
2286.333000
2287.576000
2288.820000
2290.063000
2291.307000
2292.534000
2293.777000
2305.416000
2306.659000
2307.903000
2309.146000
2310.373000
2311.616000
2312.860000
2314.103000
2315.347000
2316.574000
2317.817000
2319.060000
2320.304000
2322.774000
2324.018000
2325.261000
2326.504000
2327.748000
2328.975000
2330.218000
2331.462000
2332.705000
2333.949000
2335.175000
2337.662000
2338.906000
2340.133000
2341.376000
2342.619000
2343.863000
2345.106000
2346.333000
2347.577000
2348.820000
2350.064000
2351.307000
2352.534000
2353.777000
2366.659000
2367.903000
2369.146000
2370.373000
2371.616000
2372.860000
2374.103000
2375.347000
2376.574000
2377.817000
2379.061000
2380.304000
2381.547000
2382.774000
2384.018000
2385.261000
2386.505000
2387.748000
2388.975000
2390.218000
2391.462000
2392.705000
2393.949000
2395.176000
2396.419000
2397.662000
2398.906000
2400.133000
2401.376000
2402.620000
2403.863000
2405.106000
2406.333000
2407.577000
2408.820000
2410.064000
2411.307000
2412.534000
2425.416000
2426.659000
2429.146000
2430.373000
2431.617000
2432.860000
2434.104000
2435.347000
2436.574000
2437.817000
2439.061000
2440.304000
2441.548000
2442.774000
2444.018000
2445.261000
2446.505000
2447.748000
2448.975000
2450.219000
2451.462000
2452.705000
2453.949000
2456.419000
2457.663000
2458.906000
2460.133000
2461.376000
2463.863000
2465.107000
2466.334000
2467.577000
2468.820000
2470.064000
2471.307000
2472.534000
2473.778000
