1771.001000
1772.245000
1773.488000
1783.403000
1785.890000
1794.560000
1795.804000
1804.491000
1808.205000
1810.692000
1814.406000
1831.002000
1837.202000
1848.360000
1849.603000
1854.561000
1855.804000
1857.048000
1858.291000
1859.534000
1870.692000
1886.045000
1887.288000
1891.002000
1894.732000
1908.360000
1909.604000
1910.847000
1912.091000
1914.561000
1918.291000
1930.692000
1947.288000
1963.403000
1964.647000
1967.133000
1969.604000
1973.334000
1980.762000
1983.248000
1989.449000
1993.163000
2006.045000
2012.246000
2025.874000
2039.518000
2042.005000
2046.962000
2074.716000
2082.160000
2083.403000
2084.647000
2092.074000
2099.518000
2108.206000
2111.920000
2134.716000
2137.203000
2139.673000
2142.160000
2149.604000
2157.032000
2171.920000
2192.246000
2193.473000
2212.075000
2214.562000
2220.762000
2224.476000
2248.516000
2253.473000
2258.447000
2260.917000
2265.874000
2267.118000
2275.805000
2311.003000
2317.204000
2328.361000
2329.605000
2339.519000
2345.720000
2348.207000
2368.516000
2374.717000
2390.848000
2392.075000
2393.319000
2398.276000
2399.519000
2403.233000
2411.921000
2432.247000
2437.204000
2453.319000
2455.806000
2457.033000
2459.519000
2470.677000
