9.424000
10.054000
10.668000
11.281000
11.911000
12.524000
13.154000
13.768000
14.381000
15.011000
15.625000
16.255000
16.868000
17.482000
18.112000
18.725000
19.355000
19.969000
20.582000
21.212000
21.825000
22.455000
23.069000
24.312000
24.926000
25.556000
26.169000
26.783000
27.413000
28.026000
28.656000
29.269000
29.883000
30.513000
31.740000
32.370000
32.983000
33.613000
34.227000
34.840000
35.470000
36.083000
36.713000
37.327000
37.940000
38.570000
39.184000
39.814000
40.427000
41.041000
41.671000
42.284000
42.914000
43.528000
44.141000
45.384000
46.014000
46.628000
47.241000
47.871000
48.485000
49.115000
49.728000
50.342000
50.972000
51.585000
52.215000
52.828000
53.442000
54.072000
54.685000
55.315000
55.929000
56.542000
57.172000
57.786000
58.416000
69.424000
70.054000
70.668000
71.281000
71.911000
72.525000
73.155000
73.768000
74.381000
75.011000
75.625000
76.868000
77.482000
78.112000
78.725000
79.355000
79.969000
80.582000
81.212000
81.825000
82.456000
83.069000
83.682000
84.312000
84.926000
85.556000
86.169000
86.783000
87.413000
88.026000
89.270000
89.883000
90.513000
91.126000
91.756000
92.370000
92.983000
94.227000
94.857000
95.470000
96.084000
96.714000
97.327000
97.940000
98.571000
99.184000
100.427000
101.041000
101.671000
102.284000
102.914000
103.528000
104.141000
104.771000
105.385000
106.015000
106.628000
107.241000
107.871000
108.485000
109.115000
109.728000
110.342000
110.972000
111.585000
112.215000
112.829000
113.442000
114.072000
114.685000
115.316000
115.929000
116.542000
117.172000
118.416000
129.424000
130.054000
130.668000
131.281000
131.911000
132.525000
133.155000
133.768000
134.382000
135.012000
135.625000
136.255000
136.868000
137.482000
138.725000
139.355000
139.969000
141.212000
141.826000
142.456000
143.069000
143.683000
144.313000
144.926000
145.556000
146.169000
146.783000
147.413000
148.026000
148.656000
149.270000
149.883000
150.513000
151.127000
151.757000
152.370000
152.983000
153.613000
154.227000
154.857000
155.470000
156.714000
157.327000
157.941000
158.571000
159.184000
159.814000
160.428000
161.041000
161.671000
162.284000
162.914000
163.528000
164.141000
164.771000
165.385000
166.015000
166.628000
167.242000
167.872000
168.485000
169.115000
169.728000
170.972000
171.585000
172.215000
172.829000
173.442000
174.072000
175.316000
175.929000
176.543000
177.173000
177.786000
178.416000
189.425000
190.055000
190.668000
191.281000
191.911000
192.525000
193.155000
193.768000
194.382000
195.012000
195.625000
196.255000
196.869000
197.482000
198.112000
198.726000
199.356000
199.969000
200.582000
201.826000
202.456000
203.069000
203.683000
204.313000
204.926000
205.556000
206.170000
206.783000
207.413000
208.026000
208.656000
209.270000
209.883000
210.513000
211.127000
211.757000
212.984000
213.614000
214.227000
214.840000
215.471000
216.084000
216.714000
217.327000
217.941000
218.571000
219.184000
219.814000
220.428000
221.041000
221.671000
222.285000
222.915000
223.528000
224.141000
224.771000
225.385000
226.015000
226.628000
227.242000
227.872000
228.485000
229.115000
229.729000
230.342000
230.972000
231.586000
232.216000
232.829000
233.442000
234.072000
234.686000
235.929000
236.543000
237.173000
237.786000
238.416000
249.425000
250.055000
250.668000
251.282000
251.912000
252.525000
253.155000
253.768000
254.382000
255.012000
255.625000
256.255000
256.869000
257.482000
258.112000
258.726000
259.356000
259.969000
260.583000
261.213000
261.826000
262.456000
263.069000
263.683000
264.313000
264.926000
265.556000
266.170000
266.783000
267.413000
268.027000
268.657000
269.270000
269.883000
270.513000
271.127000
271.757000
272.370000
272.984000
273.614000
274.227000
274.841000
275.471000
276.084000
276.714000
277.328000
277.941000
278.571000
279.184000
279.814000
280.428000
281.041000
281.671000
282.285000
282.915000
283.528000
284.142000
284.772000
285.385000
286.015000
286.628000
287.242000
287.872000
288.485000
289.729000
290.342000
290.972000
291.586000
292.216000
292.829000
293.443000
294.073000
294.686000
295.316000
295.929000
296.543000
297.173000
297.786000
298.416000
