1767.288000
1768.531000
1769.775000
1774.732000
1775.975000
1778.445000
1779.689000
1780.932000
1782.176000
1784.646000
1787.133000
1788.360000
1789.603000
1790.847000
1792.090000
1793.334000
1797.047000
1798.291000
1799.534000
1802.005000
1803.248000
1805.735000
1806.962000
1809.449000
1811.935000
1813.162000
1826.044000
1827.288000
1828.531000
1829.775000
1832.245000
1833.488000
1834.732000
1835.975000
1839.689000
1840.933000
1842.176000
1844.646000
1845.890000
1847.133000
1850.847000
1852.090000
1860.761000
1862.005000
1863.248000
1864.492000
1865.735000
1866.962000
1868.205000
1869.449000
1871.936000
1873.163000
1874.406000
1888.531000
1889.775000
1892.245000
1893.489000
1895.959000
1897.202000
1898.446000
1899.689000
1900.933000
1902.160000
1903.403000
1904.646000
1905.890000
1907.133000
1913.334000
1915.804000
1917.048000
1919.535000
1920.761000
1922.005000
1923.248000
1924.492000
1925.735000
1926.962000
1928.206000
1929.449000
1931.936000
1933.163000
1934.406000
1946.045000
1948.532000
1949.775000
1951.002000
1952.245000
1953.489000
1954.732000
1955.976000
1957.203000
1958.446000
1959.689000
1960.933000
1962.160000
1965.890000
1968.360000
1970.847000
1972.091000
1974.561000
1977.048000
1978.291000
1979.535000
1982.005000
1984.492000
1985.735000
1986.962000
1988.206000
1991.936000
1994.406000
2008.515000
2009.759000
2013.472000
2014.716000
2015.959000
2017.203000
2018.446000
2019.673000
2020.916000
2022.160000
2023.403000
2028.361000
2029.604000
2030.847000
2032.074000
2033.318000
2034.561000
2037.048000
2038.275000
2040.762000
2043.232000
2044.476000
2045.719000
2048.206000
2049.433000
2050.676000
2051.920000
2053.163000
2054.406000
2066.045000
2067.272000
2068.515000
2069.759000
2072.246000
2073.473000
2075.959000
2078.446000
2079.673000
2080.917000
2085.874000
2087.117000
2088.361000
2089.604000
2090.848000
2093.318000
2094.561000
2095.805000
2097.032000
2098.275000
2100.762000
2102.005000
2103.232000
2104.476000
2105.719000
2106.963000
2109.433000
2110.676000
2126.045000
2127.272000
2128.516000
2129.759000
2131.002000
2132.246000
2133.473000
2138.446000
2140.917000
2143.404000
2144.647000
2145.874000
2147.117000
2148.361000
2150.848000
2152.075000
2153.318000
2154.561000
2155.805000
2158.275000
2159.519000
2160.762000
2162.006000
2163.232000
2164.476000
2165.719000
2166.963000
2168.206000
2169.433000
2170.676000
2173.163000
2174.407000
2186.045000
2188.516000
2191.003000
2194.716000
2197.203000
2198.447000
2199.673000
2200.917000
2202.160000
2203.404000
2204.647000
2205.874000
2207.118000
2208.361000
2209.604000
2210.848000
2213.318000
2215.805000
2217.049000
2218.275000
2219.519000
2222.006000
2223.233000
2225.719000
2226.963000
2228.206000
2229.433000
2230.677000
2231.920000
2233.163000
2234.407000
2246.046000
2247.289000
2249.759000
2251.003000
2252.246000
2254.716000
2255.960000
2257.203000
2259.674000
2262.161000
2263.404000
2264.647000
2268.361000
2269.605000
2270.848000
2272.075000
2273.318000
2274.562000
2277.049000
2278.276000
2279.519000
2280.762000
2283.233000
2284.476000
2285.720000
2286.963000
2288.206000
2289.433000
2290.677000
2291.920000
2293.164000
2294.407000
2306.046000
2307.273000
2308.516000
2309.759000
2312.246000
2313.473000
2314.717000
2315.960000
2318.447000
2319.674000
2320.917000
2322.161000
2323.404000
2324.648000
2325.874000
2327.118000
2332.075000
2333.319000
2334.562000
2335.805000
2337.049000
2338.276000
2342.006000
2343.233000
2346.963000
2349.434000
2350.677000
2351.920000
2354.407000
2367.273000
2369.760000
2371.003000
2373.473000
2375.960000
2377.204000
2378.447000
2379.674000
2380.917000
2382.161000
2383.404000
2384.648000
2385.875000
2388.361000
2389.605000
2394.562000
2395.806000
2397.049000
2400.763000
2402.006000
2404.476000
2405.720000
2406.963000
2408.207000
2409.434000
2410.677000
2413.164000
2414.407000
2426.046000
2427.273000
2428.516000
2429.760000
2431.003000
2433.474000
2434.717000
2435.960000
2438.447000
2439.674000
2440.918000
2442.161000
2444.648000
2445.875000
2447.118000
2448.362000
2449.605000
2450.849000
2452.075000
2454.562000
2458.276000
2460.763000
2462.006000
2463.233000
2464.477000
2465.720000
2468.207000
2469.434000
2471.921000
2473.164000
2474.408000
