1038.671000
1039.284000
1039.914000
1040.528000
1041.141000
1041.771000
1042.385000
1043.015000
1043.628000
1044.242000
1044.872000
1045.485000
1046.115000
1046.728000
1047.342000
1047.972000
1048.585000
1049.215000
1049.829000
1050.442000
1051.686000
1052.316000
1052.929000
1053.543000
1054.173000
1054.786000
1056.029000
1056.643000
1057.273000
1057.886000
1058.500000
1059.130000
1059.743000
1060.373000
1060.987000
1061.600000
1062.230000
1062.843000
1063.473000
1064.087000
1064.700000
1065.330000
1065.944000
1066.574000
1067.187000
1067.801000
1068.431000
1069.044000
1069.674000
1070.288000
1070.901000
1072.144000
1072.774000
1073.388000
1074.001000
1074.631000
1075.245000
1075.875000
1076.488000
1077.102000
1077.732000
1078.345000
1078.975000
1079.588000
1080.202000
1080.832000
1082.075000
1083.302000
1083.932000
1084.546000
1085.176000
1085.789000
1086.403000
1097.428000
1098.041000
1099.285000
1099.915000
1100.528000
1101.141000
1101.771000
1102.385000
1103.015000
1103.628000
1104.242000
1105.485000
1106.115000
1106.729000
1107.342000
1107.972000
1108.585000
1109.216000
1109.829000
1110.442000
1111.072000
1111.686000
1112.316000
1112.929000
1113.543000
1114.173000
1114.786000
1115.400000
1116.030000
1116.643000
1117.273000
1117.886000
1118.500000
1119.130000
1119.743000
1120.373000
1120.987000
1121.600000
1122.230000
1122.844000
1123.474000
1124.087000
1124.701000
1125.330000
1125.944000
1126.574000
1127.187000
1127.801000
1128.431000
1129.044000
1129.674000
1130.288000
1130.901000
1131.531000
1132.145000
1132.775000
1133.388000
1134.001000
1134.631000
1135.245000
1135.875000
1137.102000
1137.732000
1138.975000
1139.589000
1140.202000
1140.832000
1141.445000
1142.076000
1142.689000
1143.302000
1143.932000
1144.546000
1145.176000
1145.789000
1146.403000
1157.428000
1158.041000
1158.671000
1159.285000
1159.915000
1160.528000
1161.142000
1161.772000
1162.385000
1163.015000
1163.628000
1164.242000
1164.872000
1166.115000
1166.729000
1167.342000
1167.972000
1168.586000
1169.216000
1169.829000
1170.443000
1171.073000
1171.686000
1172.316000
1172.929000
1173.543000
1174.173000
1174.786000
1175.400000
1176.030000
1177.273000
1177.887000
1178.500000
1179.130000
1179.743000
1180.373000
1180.987000
1181.600000
1182.230000
1182.844000
1183.474000
1184.087000
1184.701000
1185.331000
1185.944000
1186.574000
1187.188000
1187.801000
1188.431000
1189.044000
1189.674000
1190.288000
1190.901000
1191.531000
1192.145000
1192.775000
1193.388000
1194.002000
1195.245000
1195.875000
1196.488000
1197.102000
1197.732000
1198.345000
1198.975000
1199.589000
1200.832000
1201.446000
1202.076000
1202.689000
1203.303000
1203.933000
1204.546000
1205.176000
1205.789000
1217.428000
1218.041000
1218.655000
1219.285000
1219.898000
1220.512000
1221.142000
1221.755000
1222.385000
1222.999000
1223.612000
1224.242000
1224.855000
1225.486000
1226.099000
1226.712000
1227.342000
1227.956000
1228.586000
1229.199000
1229.813000
1230.443000
1231.056000
1231.686000
1232.300000
1232.913000
1233.543000
1234.156000
1234.786000
1235.400000
1236.013000
1236.643000
1237.257000
1237.887000
1238.500000
1239.114000
1240.357000
1240.987000
1241.601000
1242.214000
1242.844000
1243.457000
1244.087000
1244.701000
1245.314000
1245.944000
1246.558000
1247.188000
1248.415000
1249.045000
1249.658000
1250.288000
1250.901000
1251.515000
1252.145000
1252.758000
1253.372000
1254.002000
1254.615000
1255.245000
1255.859000
1256.472000
1257.102000
1257.715000
1258.346000
1258.959000
1259.572000
1260.202000
1260.816000
1261.446000
1262.059000
1262.673000
1263.303000
1263.916000
1264.546000
1265.160000
1265.773000
1277.428000
1278.042000
1278.672000
1279.285000
1279.915000
1280.528000
1281.772000
1282.385000
1283.015000
1283.629000
1284.242000
1284.872000
1285.486000
1286.116000
1286.729000
1287.343000
1287.973000
1288.586000
1289.216000
1289.829000
1290.443000
1291.073000
1291.686000
1292.300000
1292.930000
1293.543000
1294.173000
1294.787000
1295.400000
1296.030000
1296.643000
1297.273000
1297.887000
1298.500000
1299.130000
1299.744000
1300.987000
1301.601000
1302.231000
1302.844000
1303.474000
1304.088000
1304.701000
1305.331000
1305.944000
1306.574000
1307.188000
1307.801000
1308.431000
1309.045000
1309.675000
1310.288000
1311.532000
1312.145000
1312.775000
1313.388000
1314.002000
1314.632000
1315.245000
1315.875000
1316.489000
1317.102000
1318.959000
1319.589000
1320.203000
1320.833000
1321.446000
1322.076000
1322.689000
1323.303000
1324.546000
1325.160000
1325.790000
1326.403000
1337.412000
1338.042000
1338.655000
1339.285000
1339.899000
1340.512000
1341.142000
1342.386000
1342.999000
1343.612000
1344.242000
1344.856000
1346.099000
1346.713000
1347.343000
1348.586000
1349.200000
1349.813000
1350.443000
1351.056000
1351.686000
1352.300000
1352.913000
1353.543000
1354.157000
1354.787000
1355.400000
1356.014000
1356.644000
1357.257000
1357.887000
1358.501000
1359.114000
1359.744000
1360.357000
1360.987000
1361.601000
1362.214000
1362.844000
1363.458000
1364.088000
1364.701000
1365.315000
1365.945000
1366.558000
1367.188000
1367.801000
1368.415000
1369.045000
1369.658000
1370.272000
1370.902000
1371.515000
1372.145000
1373.372000
1374.002000
1374.615000
1375.859000
1376.472000
1377.102000
1377.716000
1378.959000
1379.573000
1380.203000
1380.816000
1382.060000
1383.303000
1383.916000
1384.546000
1385.160000
1386.403000
1397.412000
1398.042000
1399.285000
1399.899000
1400.512000
1401.142000
1401.756000
1402.386000
1402.999000
1403.613000
1404.243000
1404.856000
1405.486000
1406.099000
1406.713000
1407.343000
1407.956000
1408.586000
1409.200000
1409.813000
1410.443000
1411.057000
1411.687000
1412.300000
1412.913000
1413.543000
1414.787000
1415.400000
1416.014000
1416.644000
1417.257000
1418.501000
1419.114000
1419.744000
1420.358000
1420.988000
1421.601000
1422.214000
1422.844000
1423.458000
1424.088000
1424.701000
1425.315000
1425.945000
1426.558000
1427.172000
1427.802000
1428.415000
1429.045000
1429.658000
1430.902000
1431.515000
1432.145000
1432.759000
1433.372000
1434.002000
1434.616000
1435.246000
1435.859000
1436.473000
1437.103000
1437.716000
1438.346000
1438.959000
1439.573000
1440.203000
1441.446000
1442.060000
1442.673000
1443.303000
1443.917000
1444.547000
1445.160000
1445.773000
1446.403000
1457.429000
1458.042000
1458.672000
1459.286000
1460.529000
1461.142000
1461.772000
1462.386000
1463.016000
1463.629000
1464.873000
1465.486000
1466.100000
1466.730000
1467.343000
1467.973000
1468.586000
1469.200000
1469.830000
1470.443000
1471.073000
1471.687000
1472.300000
1472.930000
1473.544000
1474.174000
1474.787000
1475.401000
1476.031000
1476.644000
1477.274000
1477.887000
1478.501000
1479.131000
1479.744000
1480.374000
1480.988000
1481.601000
1482.231000
1482.845000
1483.475000
1484.088000
1484.701000
1485.331000
1485.945000
1486.575000
1487.188000
1487.802000
1488.432000
1489.045000
1489.675000
1490.289000
1490.902000
1491.532000
1492.146000
1492.776000
1493.389000
1494.002000
1494.632000
1495.246000
1495.876000
1496.489000
1497.103000
1497.733000
1498.346000
1499.590000
1500.203000
1500.833000
1501.446000
1502.060000
1502.690000
1503.303000
1503.933000
1504.547000
1505.160000
1505.790000
1517.429000
1518.042000
1518.656000
1519.286000
1519.899000
1520.513000
1521.143000
1521.756000
1522.386000
1522.999000
1523.613000
1524.243000
1524.856000
1525.486000
1526.100000
1526.713000
1527.343000
1527.957000
1528.587000
1529.200000
1529.813000
1530.444000
1531.057000
1531.687000
1532.300000
1532.914000
1533.544000
1534.157000
1537.258000
1537.888000
1538.501000
1539.114000
1539.744000
1540.988000
1541.601000
1542.215000
1542.845000
1543.458000
1544.088000
1544.702000
1545.315000
1546.559000
1547.189000
1547.802000
1548.415000
1549.045000
1549.659000
1550.289000
1550.902000
1552.146000
1552.759000
1553.373000
1554.003000
1554.616000
1555.246000
1555.859000
1556.473000
1557.103000
1558.346000
1558.960000
1559.573000
1560.203000
1560.817000
1561.447000
1562.060000
1562.673000
1563.304000
1563.917000
1564.547000
1565.160000
1565.774000
1566.404000
1577.412000
1578.042000
1578.656000
1579.286000
1579.899000
1580.513000
1581.143000
1581.756000
1582.386000
1583.000000
1583.613000
1584.243000
1584.856000
1585.486000
1586.100000
1586.713000
1587.343000
1587.957000
1588.587000
1589.200000
1589.814000
1590.444000
1591.057000
1591.687000
1592.301000
1592.914000
1593.544000
1594.157000
1594.787000
1595.401000
1596.014000
1596.644000
1597.258000
1597.888000
1598.501000
1599.115000
1599.745000
1600.358000
1600.988000
1601.601000
1602.215000
1603.458000
1604.072000
1604.702000
1605.315000
1605.945000
1606.559000
1607.172000
1607.802000
1608.416000
1609.046000
1609.659000
1610.272000
1610.902000
1613.373000
1614.003000
1614.616000
1615.246000
1615.860000
1616.473000
1617.103000
1617.716000
1618.346000
1618.960000
1619.573000
1620.203000
1620.817000
1621.447000
1622.060000
1622.674000
1623.304000
1623.917000
1624.547000
1625.161000
1625.774000
1626.404000
1637.413000
1638.043000
1638.656000
1639.286000
1639.899000
1640.513000
1641.143000
1641.756000
1642.386000
1643.000000
1643.613000
1644.243000
1644.857000
1645.487000
1646.100000
1646.713000
1647.344000
1649.200000
1649.814000
1650.444000
1651.057000
1651.687000
1652.301000
1652.914000
1653.544000
1654.158000
1654.788000
1655.401000
1656.014000
1656.644000
1657.258000
1657.888000
1658.501000
1659.115000
1659.745000
1660.358000
1660.988000
1662.215000
1662.845000
1663.459000
1664.089000
1664.702000
1665.315000
1665.945000
1666.559000
1667.189000
1667.802000
1668.416000
1669.046000
1669.659000
1670.903000
1671.516000
1672.146000
1672.759000
1673.373000
1674.003000
1674.616000
1675.246000
1675.860000
1676.473000
1677.103000
1677.717000
1678.347000
1678.960000
1679.574000
1680.204000
1680.817000
1681.447000
1682.060000
1682.674000
1683.304000
1683.917000
1684.547000
1685.161000
1685.774000
1697.413000
1698.043000
1698.656000
1699.286000
1699.900000
1700.513000
1701.143000
1701.756000
1702.386000
1703.000000
1703.613000
1704.243000
1704.857000
1705.487000
1706.100000
1706.714000
1707.344000
1707.957000
1708.587000
1709.201000
1709.814000
1710.444000
1711.057000
1711.687000
1712.301000
1712.914000
1713.544000
1714.158000
1714.788000
1716.015000
1716.645000
1717.258000
1717.888000
1718.501000
1719.745000
1720.358000
1721.602000
1722.215000
1722.845000
1723.459000
1724.089000
1724.702000
1725.316000
1725.946000
1726.559000
1727.189000
1727.802000
1728.416000
1729.046000
1729.659000
1730.273000
1730.903000
1731.516000
1732.146000
1732.760000
1733.373000
1734.003000
1734.616000
1735.246000
1735.860000
1736.473000
1737.103000
1737.717000
1738.347000
1739.574000
1740.204000
1740.817000
1741.447000
1742.061000
1742.674000
1743.304000
1744.547000
1745.774000
1746.404000
