316.256000
317.482000
318.726000
319.969000
323.683000
324.926000
326.170000
327.413000
328.657000
329.884000
331.127000
332.371000
336.084000
337.328000
338.571000
339.815000
343.528000
346.015000
347.242000
349.729000
352.216000
353.443000
354.686000
355.930000
357.173000
358.416000
370.039000
371.282000
372.525000
373.769000
376.239000
377.483000
379.953000
382.440000
383.683000
384.927000
386.153000
387.397000
389.884000
393.598000
394.841000
396.084000
397.328000
398.555000
399.798000
401.042000
403.529000
405.999000
407.242000
408.486000
410.956000
413.443000
414.686000
417.157000
418.400000
430.055000
432.526000
435.012000
436.256000
437.483000
439.970000
442.456000
443.683000
444.927000
447.414000
448.641000
454.841000
457.328000
458.571000
461.042000
463.529000
467.242000
468.486000
469.729000
472.216000
474.686000
475.930000
477.173000
478.417000
491.282000
492.526000
493.753000
494.996000
496.239000
499.953000
501.197000
502.440000
504.927000
508.641000
509.884000
511.128000
516.085000
518.555000
519.799000
521.042000
524.756000
525.999000
527.243000
528.486000
529.713000
530.956000
532.200000
533.443000
534.687000
535.914000
537.157000
550.039000
551.282000
552.526000
553.753000
554.996000
557.483000
558.726000
563.684000
566.154000
567.397000
568.641000
569.884000
571.128000
573.598000
574.841000
576.085000
578.555000
579.799000
581.042000
582.286000
583.529000
585.999000
588.486000
589.713000
590.957000
592.200000
593.443000
594.687000
595.914000
598.401000
611.283000
612.526000
613.753000
614.996000
616.240000
617.483000
618.727000
619.954000
621.197000
622.440000
624.927000
626.154000
627.398000
628.641000
629.884000
632.355000
633.598000
634.842000
636.085000
637.329000
638.555000
639.799000
642.286000
644.756000
645.999000
647.243000
648.486000
650.957000
652.200000
653.444000
654.687000
657.157000
671.283000
676.240000
679.954000
681.197000
682.441000
683.684000
686.154000
687.398000
688.641000
689.885000
692.355000
693.598000
694.842000
696.085000
697.329000
698.556000
699.799000
701.042000
702.286000
703.513000
704.756000
709.713000
710.957000
713.444000
715.914000
718.401000
730.039000
731.283000
732.526000
736.240000
737.484000
738.727000
739.954000
741.197000
742.441000
746.154000
747.398000
748.641000
749.885000
754.842000
756.085000
759.799000
761.043000
762.286000
763.513000
764.756000
766.000000
767.243000
768.487000
769.714000
770.957000
772.200000
774.687000
775.914000
790.040000
791.283000
792.527000
794.997000
797.484000
798.727000
799.954000
801.197000
802.441000
803.684000
804.928000
806.155000
807.398000
808.642000
809.885000
811.128000
813.599000
814.842000
816.086000
817.329000
818.556000
819.799000
823.513000
824.757000
826.000000
827.243000
828.487000
830.957000
832.201000
833.444000
834.687000
835.914000
837.158000
838.401000
850.040000
852.527000
856.240000
857.484000
858.727000
859.954000
861.198000
862.441000
863.684000
864.928000
869.885000
871.129000
872.355000
873.599000
874.842000
877.313000
879.800000
882.286000
883.513000
884.757000
886.000000
889.714000
890.957000
893.444000
894.688000
895.914000
897.158000
898.401000
910.040000
913.754000
914.997000
916.241000
917.484000
919.954000
921.198000
923.685000
926.155000
927.398000
928.642000
929.885000
933.599000
934.842000
936.086000
937.313000
939.800000
941.043000
942.287000
943.513000
944.757000
947.244000
948.487000
949.714000
950.957000
952.201000
957.158000
958.402000
971.267000
972.510000
973.754000
974.997000
977.468000
979.955000
981.198000
986.155000
987.399000
989.869000
991.112000
992.356000
997.313000
999.800000
1001.027000
1003.514000
1007.227000
1008.471000
1009.714000
1010.958000
1012.184000
1014.671000
1015.915000
1017.158000
1018.385000
