310.668000
311.912000
313.155000
314.382000
315.626000
316.869000
318.112000
319.356000
320.583000
321.826000
323.070000
324.313000
325.556000
326.783000
328.027000
329.270000
330.514000
331.741000
332.984000
334.227000
335.471000
336.714000
337.941000
339.185000
340.428000
341.671000
342.915000
344.142000
345.385000
346.629000
347.872000
349.116000
350.342000
351.586000
352.829000
354.073000
355.316000
356.543000
357.786000
369.425000
370.669000
371.895000
373.139000
374.382000
375.626000
376.853000
378.096000
379.339000
380.583000
381.826000
384.297000
385.540000
386.783000
388.027000
389.254000
390.497000
391.741000
392.984000
394.228000
395.454000
396.698000
397.941000
399.185000
400.428000
401.655000
402.898000
404.142000
405.385000
406.629000
407.856000
409.099000
410.343000
411.586000
412.813000
414.056000
415.300000
416.543000
417.787000
429.425000
430.669000
431.912000
433.156000
434.382000
435.626000
436.869000
438.113000
439.356000
440.583000
441.826000
443.070000
448.027000
449.271000
450.514000
451.741000
452.984000
454.228000
455.471000
456.715000
457.941000
459.185000
460.428000
462.915000
464.142000
465.386000
467.872000
469.116000
470.343000
471.586000
472.830000
474.073000
475.316000
476.543000
477.787000
489.425000
490.669000
491.896000
493.139000
494.383000
495.626000
496.853000
498.096000
499.340000
500.583000
501.827000
503.053000
504.297000
505.540000
506.784000
508.027000
509.254000
510.498000
511.741000
512.984000
514.228000
515.455000
516.698000
517.942000
520.429000
521.655000
522.899000
524.142000
525.386000
526.613000
527.856000
529.099000
530.343000
531.586000
532.813000
534.057000
535.300000
536.544000
537.787000
549.426000
550.669000
551.896000
553.139000
554.383000
555.626000
558.096000
559.340000
560.583000
561.827000
563.054000
564.297000
565.541000
566.784000
568.027000
570.498000
571.741000
572.985000
574.228000
576.698000
577.942000
579.185000
580.429000
581.656000
582.899000
584.142000
585.386000
587.856000
589.100000
590.343000
591.586000
592.813000
594.057000
595.300000
596.544000
597.787000
609.426000
610.653000
611.896000
613.139000
614.383000
615.626000
616.853000
618.097000
619.340000
620.584000
621.827000
623.054000
624.297000
625.541000
626.784000
629.254000
630.498000
631.741000
632.985000
634.228000
635.455000
636.699000
637.942000
639.185000
640.429000
641.656000
642.899000
644.143000
645.386000
646.613000
647.856000
649.100000
651.587000
652.814000
654.057000
655.300000
656.544000
669.426000
670.653000
671.896000
673.140000
674.383000
675.627000
676.853000
678.097000
679.340000
680.584000
681.827000
683.054000
684.297000
685.541000
686.784000
688.028000
689.255000
690.498000
691.742000
692.985000
694.228000
695.455000
697.942000
699.186000
700.429000
701.656000
702.899000
704.143000
705.386000
706.613000
709.100000
710.343000
711.587000
712.814000
714.057000
715.301000
716.544000
717.787000
729.426000
730.653000
731.896000
733.140000
734.383000
736.854000
738.097000
739.340000
740.584000
741.827000
743.054000
744.298000
745.541000
746.784000
748.028000
749.255000
751.742000
752.985000
754.229000
755.455000
756.699000
757.942000
759.186000
760.413000
761.656000
762.899000
764.143000
765.386000
766.613000
767.857000
769.100000
770.344000
772.814000
774.057000
775.301000
776.544000
777.788000
789.426000
790.653000
791.897000
793.140000
794.383000
795.627000
796.854000
798.097000
799.341000
800.584000
801.827000
803.054000
804.298000
805.541000
806.785000
808.028000
809.255000
810.498000
812.985000
814.229000
815.456000
816.699000
819.186000
820.413000
822.900000
824.143000
825.387000
826.613000
827.857000
829.100000
830.344000
831.587000
832.814000
834.057000
835.301000
836.544000
837.788000
849.426000
850.653000
851.897000
853.140000
854.384000
855.627000
856.854000
858.097000
859.341000
860.584000
861.828000
863.054000
864.298000
865.541000
866.785000
868.028000
869.255000
870.499000
871.742000
872.985000
874.229000
875.456000
877.943000
879.186000
880.413000
881.656000
882.900000
884.143000
885.387000
886.614000
887.857000
889.100000
890.344000
891.587000
894.058000
895.301000
896.544000
897.788000
909.427000
910.653000
911.897000
913.140000
914.384000
915.627000
916.854000
918.097000
919.341000
920.584000
921.828000
923.055000
924.298000
925.542000
926.785000
928.028000
929.255000
930.499000
931.742000
932.986000
934.229000
935.456000
936.699000
937.943000
939.186000
940.413000
941.657000
942.900000
944.143000
945.387000
946.614000
947.857000
949.101000
950.344000
951.587000
952.814000
954.058000
955.301000
956.545000
957.788000
969.410000
970.654000
971.897000
973.140000
974.367000
975.611000
976.854000
978.098000
979.324000
980.568000
981.811000
983.055000
984.298000
985.525000
986.769000
988.012000
989.255000
990.499000
991.726000
992.969000
994.213000
995.456000
996.700000
997.926000
999.170000
1000.413000
1001.657000
1002.900000
1004.127000
1005.370000
1006.614000
1007.857000
1009.101000
1010.328000
1011.571000
1012.814000
1014.058000
1015.285000
1016.528000
