9.423000
10.053000
10.666000
11.280000
11.910000
12.523000
13.153000
13.767000
14.380000
15.010000
15.623000
16.253000
16.867000
17.480000
18.110000
18.724000
19.354000
19.967000
20.581000
21.211000
21.824000
22.454000
23.067000
23.681000
24.311000
24.924000
25.554000
26.168000
26.781000
27.411000
28.025000
29.268000
29.881000
30.512000
31.125000
31.755000
32.368000
32.982000
33.612000
34.225000
34.855000
35.469000
36.082000
36.712000
37.326000
37.956000
38.569000
39.182000
39.812000
40.426000
41.056000
41.669000
42.283000
42.913000
43.526000
44.140000
44.770000
46.013000
46.626000
47.240000
47.870000
48.483000
49.113000
49.727000
50.340000
50.970000
51.584000
52.214000
52.827000
53.441000
54.071000
54.684000
55.314000
55.927000
56.541000
57.171000
57.784000
58.414000
69.423000
70.666000
71.280000
71.893000
72.523000
73.137000
73.767000
74.380000
74.994000
75.624000
76.237000
76.867000
77.480000
78.094000
78.724000
79.337000
80.581000
81.194000
81.824000
82.438000
83.068000
83.681000
84.294000
84.924000
85.538000
86.168000
86.781000
87.395000
88.025000
88.638000
89.252000
89.882000
90.495000
91.125000
91.739000
92.352000
92.982000
93.595000
94.225000
94.839000
95.452000
96.082000
96.696000
97.326000
97.939000
98.553000
99.183000
99.796000
100.426000
101.039000
101.653000
102.283000
102.896000
103.526000
104.140000
104.753000
105.383000
105.997000
106.627000
107.240000
107.854000
108.484000
109.097000
109.727000
110.340000
110.954000
111.584000
112.197000
112.827000
113.441000
114.054000
114.684000
115.298000
115.928000
116.541000
117.154000
117.784000
118.398000
129.423000
130.036000
130.666000
131.280000
131.893000
132.523000
133.137000
133.767000
134.380000
134.994000
135.624000
136.237000
136.867000
137.481000
138.094000
138.724000
139.337000
140.581000
141.194000
141.824000
142.438000
143.068000
143.681000
144.295000
144.925000
145.538000
146.151000
146.782000
147.395000
148.025000
148.638000
149.252000
149.882000
150.495000
151.125000
151.739000
152.352000
152.982000
153.596000
154.226000
154.839000
155.452000
156.082000
156.696000
157.326000
157.939000
158.553000
159.183000
159.796000
160.426000
161.040000
161.653000
162.283000
162.896000
163.527000
164.140000
164.753000
165.383000
165.997000
166.627000
167.240000
167.854000
168.484000
169.097000
169.727000
170.341000
170.954000
171.584000
172.197000
172.827000
173.441000
174.054000
174.684000
175.298000
175.928000
176.541000
177.155000
177.785000
178.398000
189.423000
190.037000
190.667000
191.280000
191.894000
192.524000
193.137000
193.767000
194.380000
194.994000
195.624000
196.237000
196.867000
197.481000
198.094000
198.724000
199.338000
199.968000
200.581000
201.195000
201.825000
202.438000
203.068000
203.681000
204.295000
204.925000
205.538000
206.152000
206.782000
207.395000
208.025000
208.639000
209.252000
209.882000
210.495000
211.125000
211.739000
212.352000
212.982000
213.596000
214.226000
214.839000
215.453000
216.083000
216.696000
217.326000
217.939000
218.553000
219.183000
219.796000
220.426000
221.040000
221.653000
222.283000
222.897000
223.527000
224.140000
224.754000
225.384000
225.997000
226.627000
227.240000
227.854000
228.484000
229.097000
229.727000
230.341000
230.954000
231.584000
232.198000
232.828000
233.441000
234.054000
234.684000
235.298000
235.928000
236.541000
237.155000
237.785000
238.398000
249.423000
250.667000
251.280000
251.894000
252.524000
253.137000
254.381000
254.994000
255.624000
256.237000
256.867000
257.481000
258.094000
258.724000
259.338000
259.968000
260.581000
261.195000
261.825000
262.438000
263.052000
263.682000
264.295000
264.925000
265.538000
266.152000
266.782000
267.395000
268.025000
268.639000
269.252000
269.882000
270.496000
271.126000
272.352000
272.983000
273.596000
274.226000
274.839000
275.453000
276.083000
276.696000
277.326000
277.940000
278.553000
279.183000
279.797000
280.427000
281.040000
281.653000
282.283000
282.897000
283.527000
284.140000
284.754000
285.384000
285.997000
286.627000
287.241000
287.854000
288.484000
289.727000
290.341000
290.954000
291.584000
292.198000
292.828000
293.441000
294.055000
294.685000
295.298000
295.912000
296.542000
297.155000
297.785000
298.398000
