1768.526000
1770.996000
1772.239000
1773.483000
1774.726000
1777.197000
1779.683000
1780.927000
1782.154000
1783.397000
1784.641000
1785.884000
1787.127000
1788.354000
1790.841000
1792.085000
1793.311000
1794.555000
1795.798000
1798.285000
1799.512000
1803.242000
1805.713000
1806.956000
1808.200000
1809.443000
1810.687000
1811.913000
1814.400000
1826.039000
1827.282000
1828.526000
1829.753000
1834.726000
1835.953000
1837.197000
1838.440000
1839.684000
1840.927000
1842.154000
1843.397000
1845.884000
1847.128000
1849.598000
1853.312000
1854.555000
1855.799000
1857.042000
1858.285000
1859.512000
1860.756000
1865.713000
1866.956000
1868.200000
1869.443000
1870.687000
1871.914000
1873.157000
1874.400000
1886.039000
1887.282000
1888.526000
1889.753000
1892.240000
1893.483000
1895.953000
1897.197000
1898.440000
1899.684000
1900.927000
1902.154000
1903.397000
1904.641000
1905.884000
1908.355000
1909.598000
1912.085000
1913.312000
1914.555000
1915.799000
1917.042000
1918.286000
1919.512000
1921.999000
1923.243000
1924.486000
1925.713000
1928.200000
1930.687000
1931.914000
1933.157000
1934.401000
1949.753000
1950.996000
1952.240000
1953.483000
1954.727000
1955.954000
1957.197000
1958.440000
1960.927000
1962.154000
1963.398000
1964.641000
1965.884000
1967.128000
1968.355000
1973.312000
1977.042000
1978.286000
1979.513000
1984.486000
1985.713000
1988.200000
1990.687000
1991.914000
1993.157000
1994.401000
2008.526000
2009.753000
2010.997000
2012.240000
2013.483000
2014.727000
2015.954000
2017.197000
2019.684000
2020.928000
2022.154000
2023.398000
2024.641000
2025.885000
2029.598000
2030.842000
2035.799000
2037.042000
2038.286000
2039.513000
2040.756000
2042.000000
2043.243000
2044.487000
2045.713000
2046.957000
2048.200000
2051.914000
2053.157000
2067.283000
2069.753000
2070.997000
2073.484000
2075.954000
2082.155000
2084.641000
2085.885000
2087.112000
2089.599000
2090.842000
2092.085000
2094.556000
2097.043000
2098.286000
2099.513000
2102.000000
2103.243000
2104.487000
2105.714000
2109.444000
2110.687000
2113.158000
2126.040000
2127.283000
2128.527000
2129.753000
2130.997000
2132.240000
2133.484000
2134.727000
2135.954000
2137.197000
2138.441000
2140.928000
2142.155000
2143.398000
2147.112000
2154.556000
2155.799000
2157.043000
2158.286000
2159.513000
2162.000000
2164.487000
2165.714000
2166.957000
2168.201000
2171.914000
2173.158000
2186.040000
2187.283000
2193.484000
2198.441000
2199.685000
2200.928000
2204.642000
2208.355000
2209.599000
2210.842000
2212.086000
2213.313000
2214.556000
2215.800000
2217.043000
2218.286000
2219.513000
2220.757000
2222.000000
2225.714000
2228.201000
2229.444000
2230.688000
2231.915000
2233.158000
2247.283000
2248.527000
2250.997000
2252.241000
2255.954000
2257.198000
2258.441000
2259.685000
2262.155000
2263.398000
2264.642000
2265.885000
2267.112000
2268.356000
2269.599000
2270.843000
2272.086000
2273.313000
2278.287000
2280.757000
2283.244000
2284.487000
2285.714000
2286.957000
2289.444000
2290.688000
2291.915000
2293.158000
2306.040000
2307.284000
2308.527000
2312.241000
2314.728000
2315.955000
2317.198000
2318.441000
2320.912000
2322.155000
2324.642000
2325.885000
2327.112000
2328.356000
2329.599000
2330.843000
2332.086000
2333.313000
2334.556000
2335.800000
2338.287000
2340.757000
2343.244000
2344.487000
2346.958000
2348.201000
2349.445000
2350.688000
2353.158000
2354.402000
2366.040000
2368.527000
2369.754000
2370.998000
2372.241000
2373.484000
2377.198000
2378.442000
2382.155000
2383.399000
2387.113000
2389.599000
2392.086000
2393.313000
2394.557000
2395.800000
2399.514000
2404.488000
2405.714000
2406.958000
2408.201000
2409.445000
2413.158000
2414.402000
2426.024000
2427.267000
2428.511000
2429.754000
2430.998000
2432.225000
2433.468000
2435.955000
2437.198000
2438.425000
2443.399000
2444.626000
2448.356000
2449.600000
2450.826000
2452.070000
2453.313000
2454.557000
2460.757000
2461.984000
2464.471000
2465.715000
2466.958000
2470.672000
2471.915000
2473.159000
2474.385000
