1044.242000
1045.485000
1046.728000
1054.173000
1056.643000
1059.130000
1061.600000
1074.001000
1085.176000
1101.771000
1103.015000
1107.972000
1109.216000
1114.173000
1116.643000
1121.600000
1122.844000
1124.087000
1129.044000
1137.732000
1141.445000
1142.689000
1158.041000
1160.528000
1164.242000
1171.686000
1179.130000
1180.373000
1181.617000
1184.087000
1191.531000
1196.488000
1197.732000
1223.015000
1235.416000
1236.643000
1244.087000
1252.775000
1258.976000
1260.202000
1261.446000
1262.689000
1278.042000
1279.285000
1283.015000
1285.486000
1295.417000
1310.288000
1314.002000
1315.245000
1345.486000
1375.246000
1398.042000
1400.529000
1403.016000
1404.243000
1405.486000
1409.216000
1410.443000
1420.374000
1422.844000
1435.246000
1459.286000
1460.529000
1461.772000
1471.687000
1476.644000
1482.845000
1484.088000
1487.802000
1490.289000
1496.489000
1503.933000
1506.404000
1520.529000
1521.773000
1524.243000
1529.217000
1531.687000
1536.644000
1542.845000
1554.003000
1556.489000
1557.733000
1565.177000
1578.042000
1580.529000
1584.243000
1594.174000
1595.401000
1612.776000
1616.490000
1623.934000
1625.161000
1626.404000
1646.714000
1649.200000
1652.914000
1655.401000
1656.644000
1662.845000
1665.315000
1667.802000
1670.273000
1676.473000
1700.513000
1704.243000
1705.487000
1710.444000
1717.888000
1726.559000
1731.516000
1738.960000
1741.447000
1745.161000
