310.667000
311.894000
313.137000
314.381000
315.624000
316.868000
318.094000
319.338000
320.581000
321.825000
323.052000
324.295000
325.539000
326.782000
328.025000
329.252000
330.496000
331.739000
332.983000
334.226000
335.453000
336.696000
337.940000
339.183000
340.427000
341.654000
342.897000
344.140000
345.384000
346.627000
347.854000
349.098000
350.341000
351.584000
352.828000
354.055000
355.298000
356.542000
369.424000
370.667000
371.894000
373.137000
374.381000
375.624000
376.851000
378.095000
379.338000
380.582000
381.825000
383.052000
384.295000
385.539000
386.782000
388.026000
389.252000
390.496000
391.739000
392.983000
394.226000
395.453000
396.697000
397.940000
399.183000
401.654000
402.897000
404.141000
405.384000
406.627000
407.854000
409.098000
410.341000
411.585000
412.812000
414.055000
416.542000
417.785000
429.424000
431.894000
433.138000
434.381000
435.625000
436.868000
438.095000
439.338000
440.582000
441.825000
443.052000
444.295000
445.539000
446.782000
449.253000
450.496000
451.739000
452.983000
454.226000
455.453000
456.697000
457.940000
459.184000
460.427000
461.654000
462.897000
464.141000
465.384000
466.628000
467.855000
469.098000
470.341000
471.585000
474.055000
475.299000
476.542000
477.785000
489.424000
490.668000
491.894000
493.138000
494.381000
496.852000
498.095000
499.338000
500.582000
501.825000
503.052000
504.296000
506.782000
508.026000
509.253000
510.496000
511.740000
512.983000
514.227000
515.453000
516.697000
517.940000
519.184000
520.427000
521.654000
522.897000
524.141000
525.384000
526.628000
527.855000
529.098000
530.342000
531.585000
532.812000
534.055000
535.299000
536.542000
537.786000
549.424000
550.668000
551.895000
553.138000
554.381000
555.625000
556.852000
558.095000
559.339000
560.582000
561.825000
563.052000
564.296000
565.539000
566.783000
568.026000
569.253000
570.496000
571.740000
572.983000
574.227000
575.454000
576.697000
577.940000
579.184000
580.427000
581.654000
582.898000
584.141000
585.385000
586.628000
587.855000
589.098000
590.342000
591.585000
592.812000
594.055000
595.299000
596.542000
597.786000
609.424000
610.668000
611.895000
613.138000
614.382000
615.625000
616.852000
618.095000
619.339000
620.582000
621.826000
623.052000
624.296000
625.539000
628.026000
629.253000
630.497000
631.740000
632.983000
634.227000
635.454000
636.697000
639.184000
640.428000
641.654000
642.898000
644.141000
645.385000
646.612000
649.098000
650.342000
651.585000
652.812000
654.056000
655.299000
657.786000
669.425000
670.668000
671.895000
673.138000
674.382000
675.625000
676.852000
678.095000
679.339000
680.582000
681.826000
683.053000
684.296000
685.540000
686.783000
688.026000
689.253000
690.497000
691.740000
692.984000
694.227000
695.454000
696.697000
697.941000
699.184000
700.428000
701.655000
702.898000
704.141000
705.385000
706.612000
707.855000
709.099000
710.342000
712.812000
714.056000
715.299000
716.543000
729.425000
730.652000
731.895000
733.138000
734.382000
736.852000
738.096000
739.339000
740.583000
741.826000
743.053000
744.296000
745.540000
746.783000
748.027000
749.253000
750.497000
751.740000
752.984000
754.227000
755.454000
756.697000
757.941000
759.184000
762.898000
764.142000
765.385000
766.612000
767.855000
769.099000
771.586000
772.812000
774.056000
775.299000
776.543000
777.786000
789.425000
790.652000
791.895000
793.139000
794.382000
795.625000
796.852000
798.096000
799.339000
800.583000
801.826000
803.053000
804.296000
806.783000
808.027000
810.497000
811.740000
814.227000
815.454000
816.698000
817.941000
819.185000
820.428000
821.655000
822.898000
824.142000
825.385000
826.612000
829.099000
830.342000
831.586000
832.813000
834.056000
835.300000
836.543000
837.786000
849.425000
850.652000
851.895000
853.139000
854.382000
855.626000
856.853000
858.096000
859.339000
860.583000
861.826000
863.053000
864.297000
865.540000
866.783000
868.027000
869.254000
871.741000
874.228000
875.454000
876.698000
877.941000
879.185000
880.412000
881.655000
882.898000
884.142000
885.385000
886.612000
887.856000
889.099000
890.343000
891.586000
892.813000
894.056000
895.300000
896.543000
897.787000
909.425000
910.652000
911.895000
913.139000
914.382000
915.626000
916.853000
918.096000
919.340000
920.583000
921.826000
923.053000
924.297000
925.540000
926.784000
928.027000
929.254000
930.497000
932.984000
934.228000
935.455000
936.698000
937.941000
939.185000
940.412000
941.655000
942.899000
944.142000
945.386000
946.612000
947.856000
949.099000
952.813000
954.056000
955.300000
956.543000
957.787000
969.409000
970.652000
971.896000
973.139000
974.366000
975.609000
976.853000
978.096000
979.340000
980.567000
981.810000
983.053000
984.297000
985.524000
986.767000
988.011000
989.254000
990.498000
991.724000
992.968000
994.211000
996.698000
997.925000
999.168000
1000.412000
1002.899000
1004.126000
1005.369000
1006.613000
1007.856000
1009.099000
1010.326000
1011.570000
1012.813000
1014.057000
1015.300000
1016.527000
1017.770000
