6.322000
6.952000
7.566000
8.179000
8.809000
9.423000
10.053000
10.666000
11.280000
11.910000
12.523000
13.153000
13.767000
14.380000
15.010000
15.623000
16.253000
16.867000
17.480000
18.110000
18.724000
19.354000
19.967000
20.581000
21.211000
21.824000
22.454000
23.067000
23.681000
24.311000
24.924000
25.554000
26.168000
26.781000
27.411000
28.025000
28.655000
29.268000
29.881000
30.512000
31.125000
31.755000
32.368000
32.982000
33.612000
34.225000
34.855000
35.469000
36.082000
36.712000
37.326000
37.956000
38.569000
39.182000
39.812000
40.426000
41.056000
41.669000
42.283000
42.913000
43.526000
44.140000
44.770000
45.383000
46.013000
46.626000
47.240000
47.870000
48.483000
49.113000
49.727000
50.340000
50.970000
51.584000
52.214000
52.827000
53.441000
54.071000
54.684000
55.314000
55.927000
56.541000
57.171000
57.784000
58.414000
66.323000
66.936000
67.566000
68.179000
68.793000
69.423000
70.036000
70.666000
71.280000
71.893000
72.523000
73.137000
73.767000
74.380000
74.994000
75.624000
76.237000
76.867000
77.480000
78.094000
78.724000
79.337000
79.967000
80.581000
81.194000
81.824000
82.438000
83.068000
83.681000
84.294000
84.924000
85.538000
86.168000
86.781000
87.395000
88.025000
88.638000
89.252000
89.882000
90.495000
91.125000
91.739000
92.352000
92.982000
93.595000
94.225000
94.839000
95.452000
96.082000
96.696000
97.326000
97.939000
98.553000
99.183000
99.796000
100.426000
101.039000
101.653000
102.283000
102.896000
103.526000
104.140000
104.753000
105.383000
105.997000
106.627000
107.240000
107.854000
108.484000
109.097000
109.727000
110.340000
110.954000
111.584000
112.197000
112.827000
113.441000
114.054000
114.684000
115.298000
115.928000
116.541000
117.154000
117.784000
118.398000
126.323000
126.936000
127.566000
128.180000
128.793000
129.423000
130.036000
130.666000
131.280000
131.893000
132.523000
133.137000
133.767000
134.380000
134.994000
135.624000
136.237000
136.867000
137.481000
138.094000
138.724000
139.337000
139.967000
140.581000
141.194000
141.824000
142.438000
143.068000
143.681000
144.295000
144.925000
145.538000
146.151000
146.782000
147.395000
148.025000
148.638000
149.252000
149.882000
150.495000
151.125000
151.739000
152.352000
152.982000
153.596000
154.226000
154.839000
155.452000
156.082000
156.696000
157.326000
157.939000
158.553000
159.183000
159.796000
160.426000
161.040000
161.653000
162.283000
162.896000
163.527000
164.140000
164.753000
165.383000
165.997000
166.627000
167.240000
167.854000
168.484000
169.097000
169.727000
170.341000
170.954000
171.584000
172.197000
172.827000
173.441000
174.054000
174.684000
175.298000
175.928000
176.541000
177.155000
177.785000
178.398000
186.323000
186.936000
187.566000
188.180000
188.793000
189.423000
190.037000
190.667000
191.280000
191.894000
192.524000
193.137000
193.767000
194.380000
194.994000
195.624000
196.237000
196.867000
197.481000
198.094000
198.724000
199.338000
199.968000
200.581000
201.195000
201.825000
202.438000
203.068000
203.681000
204.295000
204.925000
205.538000
206.152000
206.782000
207.395000
208.025000
208.639000
209.252000
209.882000
210.495000
211.125000
211.739000
212.352000
212.982000
213.596000
214.226000
214.839000
215.453000
216.083000
216.696000
217.326000
217.939000
218.553000
219.183000
219.796000
220.426000
221.040000
221.653000
222.283000
222.897000
223.527000
224.140000
224.754000
225.384000
225.997000
226.627000
227.240000
227.854000
228.484000
229.097000
229.727000
230.341000
230.954000
231.584000
232.198000
232.828000
233.441000
234.054000
234.684000
235.298000
235.928000
236.541000
237.155000
237.785000
238.398000
246.323000
246.937000
247.567000
248.180000
248.793000
249.423000
250.037000
250.667000
251.280000
251.894000
252.524000
253.137000
253.767000
254.381000
254.994000
255.624000
256.237000
256.867000
257.481000
258.094000
258.724000
259.338000
259.968000
260.581000
261.195000
261.825000
262.438000
263.052000
263.682000
264.295000
264.925000
265.538000
266.152000
266.782000
267.395000
268.025000
268.639000
269.252000
269.882000
270.496000
271.126000
271.739000
272.352000
272.983000
273.596000
274.226000
274.839000
275.453000
276.083000
276.696000
277.326000
277.940000
278.553000
279.183000
279.797000
280.427000
281.040000
281.653000
282.283000
282.897000
283.527000
284.140000
284.754000
285.384000
285.997000
286.627000
287.241000
287.854000
288.484000
289.097000
289.727000
290.341000
290.954000
291.584000
292.198000
292.828000
293.441000
294.055000
294.685000
295.298000
295.912000
296.542000
297.155000
297.785000
298.398000
306.323000
306.937000
307.567000
308.180000
308.794000
309.424000
310.037000
310.667000
311.280000
311.894000
312.524000
313.137000
313.767000
314.381000
314.994000
315.624000
316.238000
316.868000
317.481000
318.094000
318.725000
319.338000
319.968000
320.581000
321.195000
321.825000
322.438000
323.052000
323.682000
324.295000
324.925000
325.539000
326.152000
326.782000
327.395000
328.025000
328.639000
329.252000
329.882000
330.496000
331.126000
331.739000
332.353000
332.983000
333.596000
334.226000
334.839000
335.453000
336.083000
336.696000
337.326000
337.940000
338.553000
339.183000
339.797000
340.427000
341.040000
341.654000
342.284000
342.897000
343.527000
344.140000
344.754000
345.384000
345.997000
346.627000
347.241000
347.854000
348.484000
349.098000
349.728000
350.341000
350.954000
351.584000
352.198000
352.828000
353.441000
354.055000
354.685000
355.298000
355.912000
356.542000
357.155000
357.785000
358.399000
366.323000
366.937000
367.567000
368.180000
368.794000
369.424000
370.037000
370.667000
371.281000
371.894000
372.524000
373.137000
373.767000
374.381000
374.994000
375.624000
376.238000
376.851000
377.481000
378.095000
378.725000
379.338000
379.952000
380.582000
381.195000
381.825000
382.438000
383.052000
383.682000
384.295000
384.925000
385.539000
386.152000
386.782000
387.396000
388.026000
388.639000
389.252000
389.882000
390.496000
391.126000
391.739000
392.353000
392.983000
393.596000
394.226000
394.840000
395.453000
396.083000
396.697000
397.327000
397.940000
398.553000
399.183000
399.797000
400.427000
401.040000
401.654000
402.284000
402.897000
403.527000
404.141000
404.754000
405.384000
405.997000
406.627000
407.241000
407.854000
408.484000
409.098000
409.728000
410.341000
410.955000
411.585000
412.198000
412.812000
413.442000
414.055000
414.685000
415.298000
415.912000
416.542000
417.155000
417.785000
418.399000
426.324000
426.937000
427.567000
428.180000
428.794000
429.424000
430.037000
430.667000
431.281000
431.894000
432.524000
433.138000
433.768000
434.381000
434.994000
435.625000
436.238000
436.868000
437.481000
438.095000
438.725000
439.338000
439.952000
440.582000
441.195000
441.825000
442.439000
443.052000
443.682000
444.295000
444.925000
445.539000
446.152000
446.782000
447.396000
448.026000
448.639000
449.253000
449.883000
450.496000
451.126000
451.739000
452.353000
452.983000
453.596000
454.226000
454.840000
455.453000
456.083000
456.697000
457.327000
457.940000
458.554000
459.184000
459.797000
460.427000
461.040000
461.654000
462.284000
462.897000
463.527000
464.141000
464.754000
465.384000
465.998000
466.628000
467.241000
467.855000
468.485000
469.098000
469.728000
470.341000
470.955000
471.585000
472.198000
472.812000
473.442000
474.055000
474.685000
475.299000
475.912000
476.542000
477.155000
477.785000
478.399000
486.324000
486.937000
487.567000
488.181000
488.794000
489.424000
490.037000
490.668000
491.281000
491.894000
492.524000
493.138000
493.768000
494.381000
494.995000
495.625000
496.238000
496.852000
497.482000
498.095000
498.725000
499.338000
499.952000
500.582000
501.195000
501.825000
502.439000
503.052000
503.682000
504.296000
504.926000
505.539000
506.152000
506.782000
507.396000
508.026000
508.639000
509.253000
509.883000
510.496000
511.126000
511.740000
512.353000
512.983000
513.597000
514.227000
514.840000
515.453000
516.083000
516.697000
517.327000
517.940000
518.554000
519.184000
519.797000
520.427000
521.041000
521.654000
522.284000
522.897000
523.527000
524.141000
524.754000
525.384000
525.998000
526.628000
527.241000
527.855000
528.485000
529.098000
529.712000
530.342000
530.955000
531.585000
532.198000
532.812000
533.442000
534.055000
534.685000
535.299000
535.912000
536.542000
537.156000
537.786000
538.399000
546.324000
546.937000
547.567000
548.181000
548.794000
549.424000
550.038000
550.668000
551.281000
551.895000
552.525000
553.138000
553.768000
554.381000
554.995000
555.625000
556.238000
556.852000
557.482000
558.095000
558.725000
559.339000
559.952000
560.582000
561.195000
561.825000
562.439000
563.052000
563.682000
564.296000
564.926000
565.539000
566.153000
566.783000
567.396000
568.026000
568.640000
569.253000
569.883000
570.496000
571.126000
571.740000
572.353000
572.983000
573.597000
574.227000
574.840000
575.454000
576.084000
576.697000
577.327000
577.940000
578.554000
579.184000
579.797000
580.427000
581.041000
581.654000
582.284000
582.898000
583.528000
584.141000
584.755000
585.385000
585.998000
586.628000
587.241000
587.855000
588.485000
589.098000
589.712000
590.342000
590.955000
591.585000
592.199000
592.812000
593.442000
594.055000
594.685000
595.299000
595.912000
596.542000
597.156000
597.786000
598.399000
606.324000
606.937000
607.568000
608.181000
608.794000
609.424000
610.038000
610.668000
611.281000
611.895000
612.525000
613.138000
613.752000
614.382000
614.995000
615.625000
616.238000
616.852000
617.482000
618.095000
618.725000
619.339000
619.952000
620.582000
621.196000
621.826000
622.439000
623.052000
623.683000
624.296000
624.926000
625.539000
626.153000
626.783000
627.396000
628.026000
628.640000
629.253000
629.883000
630.497000
631.127000
631.740000
632.353000
632.983000
633.597000
634.227000
634.840000
635.454000
636.084000
636.697000
637.327000
637.941000
638.554000
639.184000
639.798000
640.428000
641.041000
641.654000
642.284000
642.898000
643.528000
644.141000
644.755000
645.385000
645.998000
646.612000
647.242000
647.855000
648.485000
649.098000
649.712000
650.342000
650.955000
651.585000
652.199000
652.812000
653.442000
654.056000
654.686000
655.299000
655.912000
656.542000
657.156000
657.786000
658.399000
666.324000
666.938000
667.568000
668.181000
668.795000
669.425000
670.038000
670.668000
671.281000
671.895000
672.525000
673.138000
673.752000
674.382000
674.995000
675.625000
676.239000
676.852000
677.482000
678.095000
678.725000
679.339000
679.952000
680.582000
681.196000
681.826000
682.439000
683.053000
683.683000
684.296000
684.926000
685.540000
686.153000
686.783000
687.396000
688.026000
688.640000
689.253000
689.883000
690.497000
691.127000
691.740000
692.354000
692.984000
693.597000
694.227000
694.840000
695.454000
696.084000
696.697000
697.327000
697.941000
698.554000
699.184000
699.798000
700.428000
701.041000
701.655000
702.285000
702.898000
703.528000
704.141000
704.755000
705.385000
705.998000
706.612000
707.242000
707.855000
708.485000
709.099000
709.712000
710.342000
710.955000
711.585000
712.199000
712.812000
713.442000
714.056000
714.686000
715.299000
715.913000
716.543000
717.156000
717.786000
718.400000
726.324000
726.938000
727.568000
728.181000
728.795000
729.425000
730.038000
730.652000
731.282000
731.895000
732.525000
733.138000
733.752000
734.382000
734.995000
735.625000
736.239000
736.852000
737.482000
738.096000
738.726000
739.339000
739.953000
740.583000
741.196000
741.826000
742.439000
743.053000
743.683000
744.296000
744.926000
745.540000
746.153000
746.783000
747.397000
748.027000
748.640000
749.253000
749.883000
750.497000
751.127000
751.740000
752.354000
752.984000
753.597000
754.227000
754.841000
755.454000
756.084000
756.697000
757.328000
757.941000
758.554000
759.184000
759.798000
760.428000
761.041000
761.655000
762.285000
762.898000
763.512000
764.142000
764.755000
765.385000
765.998000
766.612000
767.242000
767.855000
768.485000
769.099000
769.712000
770.342000
770.956000
771.586000
772.199000
772.812000
773.442000
774.056000
774.686000
775.299000
775.913000
776.543000
777.156000
777.786000
778.400000
786.325000
786.938000
787.568000
788.181000
788.795000
789.425000
790.038000
790.652000
791.282000
791.895000
792.525000
793.139000
793.752000
794.382000
794.995000
795.625000
796.239000
796.852000
797.482000
798.096000
798.726000
799.339000
799.953000
800.583000
801.196000
801.826000
802.440000
803.053000
803.683000
804.296000
804.926000
805.540000
806.153000
806.783000
807.397000
808.027000
808.640000
809.254000
809.884000
810.497000
811.127000
811.740000
812.354000
812.984000
813.597000
814.227000
814.841000
815.454000
816.084000
816.698000
817.328000
817.941000
818.555000
819.185000
819.798000
820.428000
821.041000
821.655000
822.285000
822.898000
823.512000
824.142000
824.755000
825.385000
825.999000
826.612000
827.242000
827.855000
828.485000
829.099000
829.712000
830.342000
830.956000
831.586000
832.199000
832.813000
833.443000
834.056000
834.686000
835.300000
835.913000
836.543000
837.156000
837.786000
838.400000
846.325000
846.938000
847.552000
848.182000
848.795000
849.425000
850.038000
850.652000
851.282000
851.895000
852.525000
853.139000
853.752000
854.382000
854.996000
855.626000
856.239000
856.853000
857.483000
858.096000
858.726000
859.339000
859.953000
860.583000
861.196000
861.826000
862.440000
863.053000
863.683000
864.297000
864.927000
865.540000
866.153000
866.783000
867.397000
868.027000
868.640000
869.254000
869.884000
870.497000
871.127000
871.741000
872.354000
872.984000
873.598000
874.228000
874.841000
875.454000
876.084000
876.698000
877.328000
877.941000
878.555000
879.185000
879.798000
880.412000
881.042000
881.655000
882.285000
882.898000
883.512000
884.142000
884.755000
885.385000
885.999000
886.612000
887.242000
887.856000
888.486000
889.099000
889.713000
890.343000
890.956000
891.586000
892.199000
892.813000
893.443000
894.056000
894.686000
895.300000
895.913000
896.543000
897.157000
897.787000
898.400000
906.325000
906.938000
907.552000
908.182000
908.795000
909.425000
910.039000
910.652000
911.282000
911.895000
912.526000
913.139000
913.752000
914.382000
914.996000
915.626000
916.239000
916.853000
917.483000
918.096000
918.726000
919.340000
919.953000
920.583000
921.196000
921.826000
922.440000
923.053000
923.683000
924.297000
924.927000
925.540000
926.154000
926.784000
927.397000
928.027000
928.641000
929.254000
929.884000
930.497000
931.127000
931.741000
932.354000
932.984000
933.598000
934.228000
934.841000
935.455000
936.085000
936.698000
937.328000
937.941000
938.555000
939.185000
939.798000
940.412000
941.042000
941.655000
942.285000
942.899000
943.512000
944.142000
944.755000
945.386000
945.999000
946.612000
947.242000
947.856000
948.486000
949.099000
949.713000
950.343000
950.956000
951.586000
952.200000
952.813000
953.443000
954.056000
954.686000
955.300000
955.913000
956.543000
957.157000
957.787000
958.400000
966.308000
966.938000
967.552000
968.165000
968.795000
969.409000
970.039000
970.652000
971.266000
971.896000
972.509000
973.139000
973.753000
974.366000
974.996000
975.609000
976.239000
976.853000
977.466000
978.096000
978.710000
979.340000
979.953000
980.567000
981.197000
981.810000
982.440000
983.053000
983.667000
984.297000
984.910000
985.524000
986.154000
986.767000
987.397000
988.011000
988.624000
989.254000
989.868000
990.498000
991.111000
991.724000
992.354000
992.968000
993.598000
994.211000
994.825000
995.455000
996.068000
996.698000
997.312000
997.925000
998.555000
999.168000
999.798000
1000.412000
1001.025000
1001.655000
1002.269000
1002.899000
1003.512000
1004.126000
1004.756000
1005.369000
1005.999000
1006.613000
1007.226000
1007.856000
1008.469000
1009.099000
1009.713000
1010.326000
1010.956000
1011.570000
1012.200000
1012.813000
1013.427000
1014.057000
1014.670000
1015.300000
1015.913000
1016.527000
1017.157000
1017.770000
1018.384000
