311.280000
312.524000
313.767000
314.994000
316.238000
317.481000
318.725000
319.968000
321.195000
322.438000
324.925000
326.152000
327.395000
328.639000
329.882000
332.353000
333.596000
337.326000
338.553000
339.797000
343.527000
344.754000
345.997000
347.241000
350.954000
352.198000
353.441000
354.685000
357.155000
370.037000
372.524000
373.767000
376.238000
377.481000
378.725000
379.952000
381.195000
382.438000
383.682000
384.925000
386.152000
387.396000
388.639000
389.882000
391.126000
392.353000
393.596000
396.083000
397.327000
398.553000
401.040000
402.284000
403.527000
404.754000
405.997000
407.241000
408.484000
410.955000
412.198000
414.685000
415.912000
417.155000
418.399000
430.037000
436.238000
437.481000
438.725000
439.952000
441.195000
443.682000
444.925000
446.152000
447.396000
448.639000
449.883000
451.126000
452.353000
453.596000
454.840000
456.083000
457.327000
459.797000
461.040000
462.284000
464.754000
465.998000
467.241000
468.485000
469.728000
472.198000
473.442000
474.685000
478.399000
490.037000
491.281000
492.524000
493.768000
494.995000
497.482000
499.952000
501.195000
503.682000
506.152000
508.639000
509.883000
513.597000
517.327000
518.554000
519.797000
522.284000
523.527000
525.998000
527.241000
528.485000
529.712000
532.198000
533.442000
534.685000
535.912000
537.156000
538.399000
550.038000
551.281000
552.525000
553.768000
554.995000
557.482000
558.725000
559.952000
562.439000
563.682000
564.926000
566.153000
567.396000
572.353000
574.840000
577.327000
578.554000
582.284000
583.528000
584.755000
585.998000
587.241000
593.442000
595.912000
597.156000
610.038000
613.752000
616.238000
617.482000
618.725000
619.952000
621.196000
622.439000
623.683000
624.926000
626.153000
628.640000
629.883000
632.353000
633.597000
634.840000
636.084000
637.327000
638.554000
639.798000
641.041000
642.284000
643.528000
648.485000
649.712000
652.199000
654.686000
655.912000
657.156000
658.399000
670.038000
672.525000
673.752000
676.239000
677.482000
681.196000
682.439000
683.683000
686.153000
687.396000
689.883000
692.354000
693.597000
697.327000
698.554000
699.798000
701.041000
704.755000
705.998000
707.242000
708.485000
709.712000
710.955000
712.199000
713.442000
714.686000
717.156000
718.400000
730.038000
732.525000
737.482000
738.726000
739.953000
742.439000
743.683000
744.926000
746.153000
747.397000
748.640000
749.883000
751.127000
754.841000
756.084000
757.328000
759.798000
761.041000
764.755000
767.242000
768.485000
769.712000
770.956000
772.199000
773.442000
775.913000
777.156000
778.400000
790.038000
791.282000
792.525000
793.752000
794.995000
796.239000
798.726000
799.953000
801.196000
802.440000
803.683000
804.926000
807.397000
808.640000
809.884000
812.354000
813.597000
814.841000
816.084000
817.328000
821.041000
823.512000
825.999000
827.242000
828.485000
829.712000
832.199000
833.443000
835.913000
837.156000
850.038000
852.525000
857.483000
858.726000
859.953000
862.440000
866.153000
867.397000
868.640000
869.884000
871.127000
872.354000
873.598000
876.084000
878.555000
879.798000
882.285000
883.512000
884.755000
889.713000
890.956000
892.199000
893.443000
894.686000
895.913000
897.157000
910.039000
911.282000
912.526000
913.752000
914.996000
916.239000
918.726000
919.953000
921.196000
922.440000
923.683000
926.154000
927.397000
928.641000
929.884000
932.354000
934.841000
937.328000
938.555000
939.798000
941.042000
943.512000
945.999000
947.242000
948.486000
949.713000
950.956000
952.200000
955.913000
958.400000
972.509000
973.753000
974.996000
976.239000
977.466000
978.710000
979.953000
981.197000
982.440000
986.154000
988.624000
989.868000
991.111000
992.354000
993.598000
996.068000
997.312000
998.555000
999.798000
1002.269000
1003.512000
1005.999000
1007.226000
1009.713000
1013.427000
1014.670000
1015.913000
1017.157000
1018.384000
