310.667000
311.280000
311.894000
312.524000
313.137000
313.767000
314.381000
314.994000
315.624000
316.238000
316.868000
317.481000
318.094000
318.725000
319.338000
319.968000
320.581000
321.195000
321.825000
322.438000
323.052000
323.682000
324.295000
324.925000
325.539000
326.152000
326.782000
327.395000
328.025000
328.639000
329.252000
329.882000
330.496000
331.126000
331.739000
332.353000
332.983000
333.596000
334.226000
334.839000
335.453000
336.083000
336.696000
337.326000
337.940000
338.553000
339.183000
339.797000
340.427000
341.040000
341.654000
342.284000
342.897000
343.527000
344.140000
344.754000
345.384000
345.997000
346.627000
347.241000
347.854000
348.484000
349.098000
349.728000
350.341000
350.954000
351.584000
352.198000
352.828000
353.441000
354.055000
354.685000
355.298000
355.912000
356.542000
357.155000
369.424000
370.037000
370.667000
371.281000
371.894000
372.524000
373.137000
373.767000
374.381000
374.994000
375.624000
376.238000
376.851000
377.481000
378.095000
378.725000
379.338000
379.952000
380.582000
381.195000
381.825000
382.438000
383.052000
383.682000
384.295000
384.925000
385.539000
386.152000
386.782000
387.396000
388.026000
388.639000
389.252000
389.882000
390.496000
391.126000
391.739000
392.353000
392.983000
393.596000
394.226000
395.453000
396.083000
396.697000
397.327000
397.940000
398.553000
399.183000
399.797000
401.040000
401.654000
402.284000
402.897000
403.527000
404.141000
404.754000
405.384000
405.997000
406.627000
407.241000
407.854000
408.484000
409.098000
409.728000
410.341000
410.955000
411.585000
412.198000
412.812000
413.442000
414.055000
414.685000
415.912000
416.542000
417.155000
417.785000
418.399000
429.424000
430.037000
431.281000
431.894000
432.524000
433.138000
433.768000
434.381000
434.994000
435.625000
436.238000
436.868000
437.481000
438.095000
438.725000
439.338000
439.952000
440.582000
441.195000
441.825000
442.439000
443.052000
443.682000
444.295000
444.925000
445.539000
446.152000
446.782000
447.396000
448.639000
449.253000
449.883000
450.496000
451.126000
451.739000
452.353000
452.983000
453.596000
454.226000
454.840000
455.453000
456.083000
456.697000
457.327000
457.940000
458.554000
459.184000
459.797000
460.427000
461.040000
461.654000
462.284000
462.897000
463.527000
464.141000
464.754000
465.384000
465.998000
466.628000
467.241000
467.855000
468.485000
469.098000
469.728000
470.341000
470.955000
471.585000
472.198000
473.442000
474.055000
474.685000
475.299000
475.912000
476.542000
477.785000
478.399000
489.424000
490.037000
490.668000
491.281000
491.894000
492.524000
493.138000
493.768000
494.381000
494.995000
496.238000
496.852000
497.482000
498.095000
499.338000
499.952000
500.582000
501.195000
501.825000
502.439000
503.052000
503.682000
504.296000
504.926000
506.152000
506.782000
507.396000
508.026000
508.639000
509.253000
509.883000
510.496000
511.126000
511.740000
512.353000
512.983000
513.597000
514.227000
514.840000
515.453000
516.083000
516.697000
517.327000
517.940000
518.554000
519.184000
519.797000
520.427000
521.041000
521.654000
522.284000
522.897000
523.527000
524.141000
524.754000
525.384000
525.998000
526.628000
527.241000
527.855000
528.485000
529.098000
529.712000
530.342000
531.585000
532.198000
532.812000
533.442000
534.055000
534.685000
535.299000
535.912000
536.542000
537.156000
537.786000
538.399000
549.424000
550.038000
550.668000
551.281000
551.895000
552.525000
553.138000
553.768000
554.381000
554.995000
555.625000
556.852000
557.482000
558.095000
558.725000
559.339000
559.952000
560.582000
561.195000
561.825000
562.439000
563.052000
563.682000
564.296000
564.926000
565.539000
566.153000
566.783000
567.396000
568.026000
568.640000
569.253000
569.883000
570.496000
571.126000
571.740000
572.353000
572.983000
573.597000
574.227000
574.840000
575.454000
576.084000
576.697000
577.327000
577.940000
578.554000
579.184000
579.797000
580.427000
581.041000
581.654000
582.284000
582.898000
583.528000
584.141000
584.755000
585.385000
585.998000
586.628000
587.241000
587.855000
588.485000
589.098000
589.712000
590.342000
590.955000
591.585000
592.199000
592.812000
593.442000
594.055000
595.299000
595.912000
596.542000
597.156000
597.786000
609.424000
610.038000
610.668000
611.281000
611.895000
613.138000
613.752000
614.382000
614.995000
615.625000
616.238000
616.852000
617.482000
618.095000
618.725000
619.339000
619.952000
620.582000
621.196000
621.826000
622.439000
623.052000
623.683000
624.296000
624.926000
625.539000
626.153000
627.396000
628.026000
628.640000
629.253000
629.883000
630.497000
631.127000
631.740000
632.353000
632.983000
633.597000
634.227000
634.840000
635.454000
636.084000
636.697000
637.327000
638.554000
639.184000
639.798000
640.428000
641.041000
641.654000
642.284000
642.898000
643.528000
644.141000
644.755000
645.385000
645.998000
646.612000
647.242000
648.485000
649.098000
649.712000
650.342000
650.955000
651.585000
652.199000
652.812000
653.442000
654.056000
654.686000
655.299000
655.912000
657.156000
657.786000
658.399000
669.425000
670.038000
670.668000
671.281000
671.895000
672.525000
673.138000
673.752000
674.382000
674.995000
675.625000
676.239000
676.852000
677.482000
678.095000
678.725000
679.339000
679.952000
680.582000
681.196000
681.826000
682.439000
683.053000
683.683000
684.296000
684.926000
685.540000
686.153000
686.783000
687.396000
688.026000
688.640000
689.253000
689.883000
690.497000
691.127000
691.740000
692.354000
692.984000
693.597000
694.227000
695.454000
696.084000
696.697000
697.327000
697.941000
698.554000
699.184000
699.798000
700.428000
701.041000
701.655000
702.285000
702.898000
703.528000
704.141000
704.755000
705.385000
705.998000
706.612000
707.242000
707.855000
708.485000
709.099000
709.712000
710.342000
710.955000
712.199000
712.812000
713.442000
714.056000
714.686000
715.299000
715.913000
716.543000
717.156000
718.400000
729.425000
730.038000
730.652000
731.895000
732.525000
733.138000
734.382000
734.995000
736.239000
736.852000
737.482000
738.096000
738.726000
739.339000
739.953000
740.583000
741.196000
741.826000
742.439000
743.053000
743.683000
744.296000
744.926000
745.540000
746.153000
746.783000
747.397000
748.027000
748.640000
749.253000
749.883000
750.497000
751.127000
751.740000
752.354000
752.984000
753.597000
754.227000
754.841000
755.454000
756.084000
756.697000
757.328000
757.941000
758.554000
759.184000
759.798000
761.041000
762.285000
762.898000
764.142000
764.755000
765.385000
765.998000
766.612000
767.242000
767.855000
768.485000
769.099000
769.712000
770.956000
771.586000
772.199000
772.812000
773.442000
774.056000
774.686000
775.299000
775.913000
776.543000
777.156000
777.786000
778.400000
789.425000
790.038000
790.652000
791.282000
791.895000
792.525000
793.139000
793.752000
794.382000
794.995000
795.625000
796.239000
796.852000
797.482000
798.096000
798.726000
799.339000
799.953000
800.583000
801.196000
801.826000
802.440000
803.053000
803.683000
804.296000
804.926000
806.153000
806.783000
807.397000
808.027000
808.640000
809.884000
810.497000
811.740000
812.354000
813.597000
814.227000
814.841000
815.454000
816.084000
816.698000
817.328000
817.941000
818.555000
819.185000
819.798000
820.428000
821.041000
821.655000
822.285000
822.898000
823.512000
824.142000
825.385000
825.999000
826.612000
827.242000
828.485000
829.099000
829.712000
830.342000
830.956000
831.586000
832.199000
832.813000
833.443000
834.056000
835.300000
835.913000
836.543000
837.156000
837.786000
849.425000
850.038000
850.652000
851.282000
851.895000
852.525000
853.139000
853.752000
854.382000
854.996000
855.626000
856.239000
856.853000
857.483000
858.096000
858.726000
859.339000
859.953000
860.583000
861.196000
861.826000
862.440000
863.053000
863.683000
864.297000
864.927000
865.540000
866.153000
866.783000
867.397000
868.027000
868.640000
869.254000
869.884000
871.127000
871.741000
872.354000
873.598000
874.228000
874.841000
875.454000
876.084000
876.698000
877.328000
877.941000
878.555000
879.185000
879.798000
880.412000
881.042000
881.655000
882.285000
882.898000
883.512000
884.142000
884.755000
885.385000
885.999000
886.612000
887.242000
887.856000
888.486000
889.099000
889.713000
890.343000
890.956000
891.586000
892.199000
892.813000
893.443000
894.056000
894.686000
895.300000
895.913000
896.543000
897.157000
897.787000
898.400000
909.425000
910.039000
910.652000
911.282000
911.895000
912.526000
913.139000
913.752000
914.382000
914.996000
915.626000
916.239000
916.853000
917.483000
918.096000
918.726000
919.340000
919.953000
920.583000
921.196000
921.826000
922.440000
923.053000
923.683000
924.297000
924.927000
925.540000
926.154000
926.784000
927.397000
928.027000
928.641000
929.254000
929.884000
930.497000
932.354000
932.984000
933.598000
934.228000
934.841000
935.455000
936.085000
936.698000
937.328000
937.941000
938.555000
939.185000
939.798000
940.412000
941.042000
941.655000
942.899000
943.512000
944.142000
944.755000
945.386000
945.999000
946.612000
947.242000
947.856000
948.486000
949.099000
949.713000
950.956000
952.200000
952.813000
953.443000
954.056000
954.686000
955.300000
955.913000
956.543000
957.157000
957.787000
958.400000
969.409000
970.039000
970.652000
971.266000
971.896000
972.509000
973.139000
973.753000
974.366000
974.996000
975.609000
976.239000
976.853000
977.466000
978.096000
978.710000
979.340000
979.953000
980.567000
981.197000
981.810000
982.440000
983.053000
983.667000
984.297000
984.910000
985.524000
986.154000
986.767000
987.397000
988.011000
988.624000
989.254000
989.868000
990.498000
991.111000
991.724000
992.354000
992.968000
993.598000
994.211000
994.825000
996.068000
996.698000
997.312000
997.925000
998.555000
999.168000
999.798000
1000.412000
1001.025000
1002.269000
1002.899000
1003.512000
1004.126000
1004.756000
1005.369000
1005.999000
1006.613000
1007.226000
1007.856000
1009.099000
1009.713000
1010.326000
1010.956000
1011.570000
1012.200000
1012.813000
1013.427000
1014.057000
1014.670000
1015.300000
1015.913000
1016.527000
1017.157000
1017.770000
1018.384000
