1039.284000
1040.528000
1041.771000
1043.015000
1047.972000
1049.215000
1050.442000
1051.686000
1052.929000
1055.416000
1057.886000
1060.373000
1062.843000
1064.087000
1065.330000
1066.574000
1067.801000
1069.044000
1070.288000
1071.531000
1072.774000
1075.245000
1076.488000
1077.732000
1078.975000
1080.202000
1081.445000
1082.689000
1086.403000
1098.041000
1099.285000
1100.528000
1104.242000
1105.485000
1106.729000
1110.442000
1111.686000
1112.929000
1115.400000
1117.886000
1119.130000
1120.373000
1125.331000
1127.801000
1130.288000
1131.531000
1132.775000
1134.001000
1135.245000
1136.488000
1138.975000
1140.202000
1143.932000
1145.176000
1146.403000
1159.285000
1161.772000
1163.015000
1165.485000
1166.729000
1167.972000
1170.443000
1172.929000
1174.173000
1175.416000
1176.643000
1177.887000
1182.844000
1186.574000
1187.801000
1189.044000
1190.288000
1192.775000
1194.002000
1195.245000
1198.975000
1200.202000
1201.446000
1202.689000
1203.933000
1205.176000
1206.403000
1218.041000
1220.528000
1221.772000
1224.242000
1225.486000
1226.729000
1227.972000
1229.216000
1231.686000
1232.930000
1234.173000
1237.887000
1239.130000
1240.374000
1241.601000
1242.844000
1245.331000
1246.574000
1247.801000
1249.045000
1250.288000
1251.531000
1254.002000
1255.245000
1256.489000
1257.732000
1263.933000
1265.176000
1266.403000
1280.528000
1281.772000
1284.242000
1286.729000
1287.973000
1289.216000
1290.443000
1291.686000
1292.930000
1294.173000
1296.643000
1297.887000
1299.130000
1300.374000
1301.601000
1302.844000
1304.088000
1305.331000
1306.574000
1307.801000
1309.045000
1311.532000
1312.775000
1317.732000
1318.976000
1320.203000
1321.446000
1322.689000
1323.933000
1325.176000
1326.403000
1338.042000
1339.285000
1340.529000
1341.772000
1343.016000
1344.242000
1346.729000
1347.973000
1349.216000
1351.686000
1352.930000
1354.173000
1355.417000
1356.644000
1357.887000
1359.131000
1360.374000
1361.601000
1362.844000
1364.088000
1366.575000
1367.801000
1369.045000
1370.288000
1371.532000
1372.775000
1374.002000
1376.489000
1378.976000
1380.203000
1381.446000
1382.690000
1385.176000
1386.403000
1399.285000
1401.772000
1406.729000
1407.973000
1411.687000
1412.930000
1414.174000
1415.417000
1416.644000
1417.887000
1419.131000
1421.601000
1424.088000
1425.331000
1426.575000
1427.802000
1429.045000
1430.289000
1432.775000
1434.002000
1436.489000
1437.733000
1438.976000
1440.203000
1441.446000
1442.690000
1443.933000
1445.177000
1446.403000
1458.042000
1463.016000
1464.243000
1465.486000
1466.730000
1467.973000
1470.443000
1474.174000
1475.401000
1477.887000
1479.131000
1480.374000
1481.601000
1485.331000
1486.575000
1489.045000
1491.532000
1492.776000
1494.002000
1495.246000
1497.733000
1498.976000
1500.203000
1501.446000
1502.690000
1505.177000
1518.042000
1519.286000
1523.016000
1525.486000
1526.730000
1527.973000
1530.444000
1532.930000
1534.174000
1535.401000
1537.888000
1539.131000
1540.374000
1541.601000
1544.088000
1545.332000
1546.575000
1547.802000
1549.045000
1550.289000
1551.532000
1552.776000
1555.246000
1558.976000
1560.203000
1562.690000
1563.934000
1566.404000
1579.286000
1581.773000
1583.016000
1585.486000
1586.730000
1587.973000
1590.444000
1591.687000
1592.931000
1596.644000
1597.888000
1599.131000
1600.375000
1601.601000
1602.845000
1605.332000
1606.575000
1607.802000
1609.046000
1610.289000
1614.003000
1615.246000
1617.733000
1618.976000
1620.203000
1621.447000
1622.690000
1638.043000
1639.286000
1640.513000
1641.756000
1644.243000
1645.487000
1647.957000
1651.687000
1654.158000
1657.888000
1659.115000
1660.358000
1661.602000
1664.089000
1666.559000
1669.046000
1671.516000
1672.759000
1674.003000
1675.246000
1677.717000
1678.960000
1681.447000
1682.674000
1683.917000
1685.161000
1686.404000
1698.043000
1699.286000
1701.756000
1703.000000
1706.714000
1707.957000
1709.201000
1711.687000
1712.914000
1714.158000
1715.401000
1716.645000
1719.115000
1720.358000
1721.602000
1722.845000
1724.089000
1725.316000
1727.802000
1729.046000
1730.273000
1734.003000
1735.246000
1736.473000
1737.717000
1740.204000
1742.674000
1743.917000
1746.404000
