1767.282000
1769.752000
1775.953000
1778.440000
1789.598000
1797.042000
1800.756000
1801.999000
1804.486000
1813.157000
1830.996000
1832.239000
1844.641000
1848.354000
1850.841000
1852.085000
1863.243000
1864.486000
1890.996000
1894.727000
1907.111000
1910.842000
1929.443000
1946.039000
1947.283000
1948.526000
1959.684000
1969.598000
1972.085000
1974.555000
1975.799000
1981.999000
1983.243000
1986.957000
1989.444000
2006.039000
2007.283000
2018.441000
2027.112000
2028.355000
2034.556000
2049.444000
2050.687000
2054.401000
2066.040000
2068.526000
2072.240000
2074.727000
2077.197000
2078.441000
2079.684000
2083.398000
2088.355000
2093.312000
2095.799000
2100.756000
2108.200000
2111.914000
2114.401000
2139.684000
2145.885000
2148.355000
2149.599000
2150.842000
2153.312000
2160.757000
2163.243000
2169.444000
2170.687000
2174.401000
2188.527000
2189.754000
2190.997000
2192.240000
2194.727000
2195.954000
2197.198000
2203.398000
2205.885000
2223.244000
2224.487000
2226.957000
2234.401000
2246.040000
2249.754000
2254.727000
2260.912000
2274.556000
2275.800000
2277.043000
2279.513000
2288.201000
2294.402000
2310.997000
2313.484000
2323.399000
2339.514000
2342.000000
2345.714000
2351.915000
2367.284000
2374.728000
2375.955000
2380.912000
2384.642000
2385.886000
2388.356000
2397.043000
2398.287000
2402.001000
2403.244000
2410.672000
2434.711000
2439.669000
2440.912000
2442.155000
2445.869000
2455.784000
2457.027000
2459.514000
2463.228000
2469.428000
