1762.325000
1762.938000
1763.552000
1764.182000
1764.795000
1765.425000
1766.039000
1766.652000
1767.282000
1767.896000
1768.526000
1769.139000
1769.752000
1770.382000
1770.996000
1771.626000
1772.239000
1772.853000
1773.483000
1774.096000
1774.726000
1775.340000
1775.953000
1776.583000
1777.197000
1777.827000
1778.440000
1779.053000
1779.683000
1780.297000
1780.927000
1781.540000
1782.154000
1782.784000
1783.397000
1784.027000
1784.641000
1785.254000
1785.884000
1786.497000
1787.127000
1787.741000
1788.354000
1788.984000
1789.598000
1790.228000
1790.841000
1791.455000
1792.085000
1792.698000
1793.311000
1793.942000
1794.555000
1795.185000
1795.798000
1796.412000
1797.042000
1797.655000
1798.285000
1798.899000
1799.512000
1800.142000
1800.756000
1801.386000
1801.999000
1802.612000
1803.242000
1803.856000
1804.486000
1805.099000
1805.713000
1806.343000
1806.956000
1807.586000
1808.200000
1808.813000
1809.443000
1810.057000
1810.687000
1811.300000
1811.913000
1812.543000
1813.157000
1813.787000
1814.400000
1822.325000
1822.939000
1823.552000
1824.182000
1824.795000
1825.425000
1826.039000
1826.652000
1827.282000
1827.896000
1828.526000
1829.139000
1829.753000
1830.383000
1830.996000
1831.626000
1832.239000
1832.853000
1833.483000
1834.096000
1834.726000
1835.340000
1835.953000
1836.583000
1837.197000
1837.827000
1838.440000
1839.054000
1839.684000
1840.297000
1840.927000
1841.540000
1842.154000
1842.784000
1843.397000
1844.027000
1844.641000
1845.254000
1845.884000
1846.498000
1847.128000
1847.741000
1848.354000
1848.984000
1849.598000
1850.228000
1850.841000
1851.455000
1852.085000
1852.698000
1853.312000
1853.942000
1854.555000
1855.185000
1855.799000
1856.412000
1857.042000
1857.655000
1858.285000
1858.899000
1859.512000
1860.142000
1860.756000
1861.386000
1861.999000
1862.613000
1863.243000
1863.856000
1864.486000
1865.099000
1865.713000
1866.343000
1866.956000
1867.586000
1868.200000
1868.813000
1869.443000
1870.057000
1870.687000
1871.300000
1871.914000
1872.544000
1873.157000
1873.787000
1874.400000
1882.325000
1882.939000
1883.552000
1884.182000
1884.796000
1885.426000
1886.039000
1886.652000
1887.282000
1887.896000
1888.526000
1889.139000
1889.753000
1890.383000
1890.996000
1891.626000
1892.240000
1892.853000
1893.483000
1894.097000
1894.727000
1895.340000
1895.953000
1896.584000
1897.197000
1897.827000
1898.440000
1899.054000
1899.684000
1900.297000
1900.927000
1901.541000
1902.154000
1902.784000
1903.397000
1904.027000
1904.641000
1905.254000
1905.884000
1906.498000
1907.111000
1907.741000
1908.355000
1908.985000
1909.598000
1910.212000
1910.842000
1911.455000
1912.085000
1912.698000
1913.312000
1913.942000
1914.555000
1915.185000
1915.799000
1916.412000
1917.042000
1917.656000
1918.286000
1918.899000
1919.512000
1920.142000
1920.756000
1921.386000
1921.999000
1922.613000
1923.243000
1923.856000
1924.486000
1925.100000
1925.713000
1926.343000
1926.957000
1927.587000
1928.200000
1928.813000
1929.443000
1930.057000
1930.687000
1931.300000
1931.914000
1932.544000
1933.157000
1933.787000
1934.401000
1942.325000
1942.939000
1943.552000
1944.182000
1944.796000
1945.426000
1946.039000
1946.653000
1947.283000
1947.896000
1948.526000
1949.140000
1949.753000
1950.383000
1950.996000
1951.626000
1952.240000
1952.853000
1953.483000
1954.097000
1954.727000
1955.340000
1955.954000
1956.584000
1957.197000
1957.827000
1958.440000
1959.054000
1959.684000
1960.297000
1960.927000
1961.541000
1962.154000
1962.784000
1963.398000
1964.028000
1964.641000
1965.254000
1965.884000
1966.498000
1967.128000
1967.741000
1968.355000
1968.985000
1969.598000
1970.212000
1970.842000
1971.455000
1972.085000
1972.699000
1973.312000
1973.942000
1974.555000
1975.185000
1975.799000
1976.412000
1977.042000
1977.656000
1978.286000
1978.899000
1979.513000
1980.143000
1980.756000
1981.386000
1981.999000
1982.613000
1983.243000
1983.856000
1984.486000
1985.100000
1985.713000
1986.343000
1986.957000
1987.587000
1988.200000
1988.814000
1989.444000
1990.057000
1990.687000
1991.300000
1991.914000
1992.544000
1993.157000
1993.787000
1994.401000
2002.326000
2002.939000
2003.552000
2004.182000
2004.796000
2005.426000
2006.039000
2006.653000
2007.283000
2007.896000
2008.526000
2009.140000
2009.753000
2010.383000
2010.997000
2011.627000
2012.240000
2012.853000
2013.483000
2014.097000
2014.727000
2015.340000
2015.954000
2016.584000
2017.197000
2017.827000
2018.441000
2019.054000
2019.684000
2020.297000
2020.928000
2021.541000
2022.154000
2022.784000
2023.398000
2024.028000
2024.641000
2025.255000
2025.885000
2026.498000
2027.112000
2027.742000
2028.355000
2028.985000
2029.598000
2030.212000
2030.842000
2031.455000
2032.085000
2032.699000
2033.312000
2033.942000
2034.556000
2035.186000
2035.799000
2036.412000
2037.042000
2037.656000
2038.286000
2038.899000
2039.513000
2040.143000
2040.756000
2041.386000
2042.000000
2042.613000
2043.243000
2043.857000
2044.487000
2045.100000
2045.713000
2046.343000
2046.957000
2047.587000
2048.200000
2048.814000
2049.444000
2050.057000
2050.687000
2051.301000
2051.914000
2052.544000
2053.157000
2053.787000
2054.401000
2062.326000
2062.939000
2063.553000
2064.183000
2064.796000
2065.426000
2066.040000
2066.653000
2067.283000
2067.896000
2068.526000
2069.140000
2069.753000
2070.383000
2070.997000
2071.627000
2072.240000
2072.854000
2073.484000
2074.097000
2074.727000
2075.340000
2075.954000
2076.584000
2077.197000
2077.827000
2078.441000
2079.054000
2079.684000
2080.298000
2080.928000
2081.541000
2082.155000
2082.784000
2083.398000
2084.028000
2084.641000
2085.255000
2085.885000
2086.498000
2087.112000
2087.742000
2088.355000
2088.985000
2089.599000
2090.212000
2090.842000
2091.455000
2092.085000
2092.699000
2093.312000
2093.942000
2094.556000
2095.186000
2095.799000
2096.413000
2097.043000
2097.656000
2098.286000
2098.900000
2099.513000
2100.143000
2100.756000
2101.386000
2102.000000
2102.613000
2103.243000
2103.857000
2104.487000
2105.100000
2105.714000
2106.344000
2106.957000
2107.587000
2108.200000
2108.814000
2109.444000
2110.057000
2110.687000
2111.301000
2111.914000
2112.544000
2113.158000
2113.788000
2114.401000
2122.326000
2122.939000
2123.553000
2124.183000
2124.796000
2125.426000
2126.040000
2126.653000
2127.283000
2127.897000
2128.527000
2129.140000
2129.753000
2130.383000
2130.997000
2131.627000
2132.240000
2132.854000
2133.484000
2134.097000
2134.727000
2135.341000
2135.954000
2136.584000
2137.197000
2137.827000
2138.441000
2139.054000
2139.684000
2140.298000
2140.928000
2141.541000
2142.155000
2142.785000
2143.398000
2144.012000
2144.642000
2145.255000
2145.885000
2146.498000
2147.112000
2147.742000
2148.355000
2148.985000
2149.599000
2150.212000
2150.842000
2151.456000
2152.086000
2152.699000
2153.312000
2153.942000
2154.556000
2155.186000
2155.799000
2156.413000
2157.043000
2157.656000
2158.286000
2158.900000
2159.513000
2160.143000
2160.757000
2161.387000
2162.000000
2162.613000
2163.243000
2163.857000
2164.487000
2165.100000
2165.714000
2166.344000
2166.957000
2167.587000
2168.201000
2168.814000
2169.444000
2170.057000
2170.687000
2171.301000
2171.914000
2172.544000
2173.158000
2173.788000
2174.401000
2182.326000
2182.940000
2183.553000
2184.183000
2184.796000
2185.426000
2186.040000
2186.653000
2187.283000
2187.897000
2188.527000
2189.140000
2189.754000
2190.384000
2190.997000
2191.627000
2192.240000
2192.854000
2193.484000
2194.097000
2194.727000
2195.341000
2195.954000
2196.584000
2197.198000
2197.828000
2198.441000
2199.055000
2199.685000
2200.298000
2200.928000
2201.541000
2202.155000
2202.785000
2203.398000
2204.012000
2204.642000
2205.255000
2205.885000
2206.499000
2207.112000
2207.742000
2208.355000
2208.985000
2209.599000
2210.212000
2210.842000
2211.456000
2212.086000
2212.699000
2213.313000
2213.943000
2214.556000
2215.186000
2215.800000
2216.413000
2217.043000
2217.656000
2218.286000
2218.900000
2219.513000
2220.143000
2220.757000
2221.387000
2222.000000
2222.614000
2223.244000
2223.857000
2224.487000
2225.100000
2225.714000
2226.344000
2226.957000
2227.587000
2228.201000
2228.814000
2229.444000
2230.058000
2230.688000
2231.301000
2231.915000
2232.545000
2233.158000
2233.788000
2234.401000
2242.326000
2242.940000
2243.553000
2244.183000
2244.797000
2245.427000
2246.040000
2246.653000
2247.283000
2247.897000
2248.527000
2249.140000
2249.754000
2250.384000
2250.997000
2251.627000
2252.241000
2252.854000
2253.484000
2254.098000
2254.727000
2255.341000
2255.954000
2256.584000
2257.198000
2257.828000
2258.441000
2259.055000
2259.685000
2260.298000
2260.912000
2261.542000
2262.155000
2262.785000
2263.398000
2264.012000
2264.642000
2265.255000
2265.885000
2266.499000
2267.112000
2267.742000
2268.356000
2268.986000
2269.599000
2270.212000
2270.843000
2271.456000
2272.086000
2272.699000
2273.313000
2273.943000
2274.556000
2275.186000
2275.800000
2276.413000
2277.043000
2277.657000
2278.287000
2278.900000
2279.513000
2280.143000
2280.757000
2281.387000
2282.000000
2282.614000
2283.244000
2283.857000
2284.487000
2285.101000
2285.714000
2286.344000
2286.957000
2287.588000
2288.201000
2288.814000
2289.444000
2290.058000
2290.688000
2291.301000
2291.915000
2292.545000
2293.158000
2293.772000
2294.402000
2302.326000
2302.940000
2303.553000
2304.183000
2304.797000
2305.427000
2306.040000
2306.654000
2307.284000
2307.897000
2308.527000
2309.140000
2309.754000
2310.384000
2310.997000
2311.627000
2312.241000
2312.854000
2313.484000
2314.098000
2314.728000
2315.341000
2315.955000
2316.585000
2317.198000
2317.828000
2318.441000
2319.055000
2319.685000
2320.298000
2320.912000
2321.542000
2322.155000
2322.785000
2323.399000
2324.012000
2324.642000
2325.255000
2325.885000
2326.499000
2327.112000
2327.742000
2328.356000
2328.986000
2329.599000
2330.213000
2330.843000
2331.456000
2332.086000
2332.700000
2333.313000
2333.943000
2334.556000
2335.186000
2335.800000
2336.413000
2337.043000
2337.657000
2338.287000
2338.900000
2339.514000
2340.144000
2340.757000
2341.387000
2342.000000
2342.614000
2343.244000
2343.857000
2344.487000
2345.101000
2345.714000
2346.344000
2346.958000
2347.588000
2348.201000
2348.815000
2349.445000
2350.058000
2350.688000
2351.301000
2351.915000
2352.545000
2353.158000
2353.772000
2354.402000
2362.327000
2362.940000
2363.553000
2364.183000
2364.797000
2365.427000
2366.040000
2366.654000
2367.284000
2367.897000
2368.527000
2369.141000
2369.754000
2370.384000
2370.998000
2371.628000
2372.241000
2372.854000
2373.484000
2374.098000
2374.728000
2375.341000
2375.955000
2376.585000
2377.198000
2377.812000
2378.442000
2379.055000
2379.685000
2380.298000
2380.912000
2381.542000
2382.155000
2382.785000
2383.399000
2384.012000
2384.642000
2385.256000
2385.886000
2386.499000
2387.113000
2387.743000
2388.356000
2388.986000
2389.599000
2390.213000
2390.843000
2391.456000
2392.086000
2392.700000
2393.313000
2393.943000
2394.557000
2395.187000
2395.800000
2396.413000
2397.043000
2397.657000
2398.287000
2398.900000
2399.514000
2400.144000
2400.757000
2401.387000
2402.001000
2402.614000
2403.244000
2403.858000
2404.488000
2405.101000
2405.714000
2406.344000
2406.958000
2407.588000
2408.201000
2408.815000
2409.445000
2410.058000
2410.672000
2411.302000
2411.915000
2412.545000
2413.158000
2413.772000
2414.402000
2422.310000
2422.924000
2423.554000
2424.167000
2424.797000
2425.410000
2426.024000
2426.654000
2427.267000
2427.897000
2428.511000
2429.124000
2429.754000
2430.368000
2430.998000
2431.611000
2432.225000
2432.855000
2433.468000
2434.098000
2434.711000
2435.325000
2435.955000
2436.568000
2437.198000
2437.812000
2438.425000
2439.055000
2439.669000
2440.299000
2440.912000
2441.525000
2442.155000
2442.769000
2443.399000
2444.012000
2444.626000
2445.256000
2445.869000
2446.499000
2447.113000
2447.726000
2448.356000
2448.970000
2449.600000
2450.213000
2450.826000
2451.456000
2452.070000
2452.700000
2453.313000
2453.927000
2454.557000
2455.170000
2455.784000
2456.414000
2457.027000
2457.657000
2458.270000
2458.884000
2459.514000
2460.127000
2460.757000
2461.371000
2461.984000
2462.614000
2463.228000
2463.858000
2464.471000
2465.085000
2465.715000
2466.328000
2466.958000
2467.571000
2468.185000
2468.815000
2469.428000
2470.058000
2470.672000
2471.285000
2471.915000
2472.529000
2473.159000
2473.772000
2474.385000
