1766.652000
1767.896000
1769.139000
1770.382000
1771.626000
1772.853000
1774.096000
1775.340000
1776.583000
1777.827000
1779.053000
1780.297000
1781.540000
1782.784000
1784.027000
1785.254000
1786.497000
1788.984000
1790.228000
1791.455000
1792.698000
1793.942000
1795.185000
1796.412000
1797.655000
1798.899000
1800.142000
1801.386000
1802.612000
1803.856000
1805.099000
1806.343000
1807.586000
1808.813000
1810.057000
1811.300000
1812.543000
1813.787000
1825.425000
1826.652000
1827.896000
1829.139000
1830.383000
1831.626000
1832.853000
1834.096000
1835.340000
1836.583000
1837.827000
1839.054000
1840.297000
1841.540000
1842.784000
1844.027000
1845.254000
1846.498000
1847.741000
1848.984000
1850.228000
1851.455000
1852.698000
1853.942000
1855.185000
1856.412000
1857.655000
1858.899000
1860.142000
1861.386000
1862.613000
1863.856000
1865.099000
1866.343000
1867.586000
1868.813000
1870.057000
1871.300000
1872.544000
1873.787000
1885.426000
1886.652000
1887.896000
1890.383000
1891.626000
1892.853000
1894.097000
1895.340000
1896.584000
1897.827000
1899.054000
1900.297000
1901.541000
1902.784000
1904.027000
1905.254000
1906.498000
1907.741000
1908.985000
1910.212000
1911.455000
1912.698000
1913.942000
1915.185000
1916.412000
1917.656000
1918.899000
1920.142000
1921.386000
1922.613000
1923.856000
1925.100000
1926.343000
1927.587000
1928.813000
1930.057000
1931.300000
1932.544000
1933.787000
1945.426000
1946.653000
1947.896000
1949.140000
1950.383000
1951.626000
1952.853000
1954.097000
1955.340000
1956.584000
1957.827000
1960.297000
1961.541000
1962.784000
1965.254000
1966.498000
1967.741000
1968.985000
1970.212000
1971.455000
1972.699000
1973.942000
1975.185000
1976.412000
1977.656000
1978.899000
1980.143000
1981.386000
1982.613000
1985.100000
1986.343000
1987.587000
1988.814000
1990.057000
1993.787000
2005.426000
2006.653000
2007.896000
2009.140000
2010.383000
2012.853000
2014.097000
2015.340000
2016.584000
2017.827000
2019.054000
2020.297000
2021.541000
2022.784000
2024.028000
2025.255000
2027.742000
2028.985000
2030.212000
2031.455000
2032.699000
2033.942000
2035.186000
2037.656000
2038.899000
2040.143000
2041.386000
2042.613000
2043.857000
2045.100000
2046.343000
2047.587000
2048.814000
2050.057000
2051.301000
2052.544000
2053.787000
2065.426000
2066.653000
2067.896000
2069.140000
2070.383000
2071.627000
2072.854000
2075.340000
2076.584000
2077.827000
2079.054000
2080.298000
2081.541000
2082.784000
2084.028000
2085.255000
2086.498000
2087.742000
2088.985000
2090.212000
2092.699000
2093.942000
2095.186000
2096.413000
2097.656000
2098.900000
2100.143000
2102.613000
2103.857000
2105.100000
2106.344000
2107.587000
2108.814000
2110.057000
2111.301000
2112.544000
2113.788000
2125.426000
2127.897000
2129.140000
2130.383000
2131.627000
2132.854000
2134.097000
2135.341000
2136.584000
2137.827000
2139.054000
2140.298000
2141.541000
2142.785000
2144.012000
2145.255000
2146.498000
2147.742000
2148.985000
2150.212000
2151.456000
2152.699000
2153.942000
2155.186000
2156.413000
2157.656000
2160.143000
2161.387000
2162.613000
2163.857000
2165.100000
2166.344000
2167.587000
2170.057000
2171.301000
2172.544000
2173.788000
2185.426000
2186.653000
2187.897000
2189.140000
2190.384000
2191.627000
2192.854000
2194.097000
2195.341000
2196.584000
2197.828000
2199.055000
2200.298000
2201.541000
2202.785000
2204.012000
2205.255000
2206.499000
2207.742000
2208.985000
2210.212000
2211.456000
2212.699000
2213.943000
2215.186000
2216.413000
2217.656000
2218.900000
2220.143000
2222.614000
2223.857000
2225.100000
2227.587000
2228.814000
2230.058000
2231.301000
2232.545000
2233.788000
2245.427000
2246.653000
2247.897000
2249.140000
2250.384000
2251.627000
2252.854000
2254.098000
2255.341000
2256.584000
2257.828000
2259.055000
2260.298000
2261.542000
2262.785000
2264.012000
2265.255000
2266.499000
2267.742000
2270.212000
2271.456000
2272.699000
2273.943000
2275.186000
2276.413000
2277.657000
2278.900000
2280.143000
2281.387000
2282.614000
2283.857000
2285.101000
2286.344000
2287.588000
2288.814000
2290.058000
2291.301000
2292.545000
2293.772000
2305.427000
2306.654000
2307.897000
2309.140000
2310.384000
2311.627000
2312.854000
2315.341000
2316.585000
2317.828000
2319.055000
2320.298000
2321.542000
2322.785000
2324.012000
2325.255000
2326.499000
2327.742000
2328.986000
2330.213000
2331.456000
2332.700000
2333.943000
2335.186000
2336.413000
2337.657000
2338.900000
2340.144000
2341.387000
2342.614000
2343.857000
2345.101000
2346.344000
2347.588000
2348.815000
2350.058000
2351.301000
2352.545000
2353.772000
2367.897000
2369.141000
2370.384000
2371.628000
2372.854000
2374.098000
2375.341000
2376.585000
2377.812000
2379.055000
2380.298000
2381.542000
2382.785000
2384.012000
2385.256000
2386.499000
2387.743000
2388.986000
2390.213000
2391.456000
2392.700000
2393.943000
2395.187000
2396.413000
2397.657000
2398.900000
2400.144000
2401.387000
2402.614000
2403.858000
2405.101000
2406.344000
2407.588000
2408.815000
2410.058000
2411.302000
2412.545000
2413.772000
2425.410000
2426.654000
2427.897000
2429.124000
2430.368000
2431.611000
2432.855000
2434.098000
2435.325000
2436.568000
2437.812000
2439.055000
2440.299000
2441.525000
2442.769000
2444.012000
2445.256000
2446.499000
2448.970000
2450.213000
2451.456000
2452.700000
2453.927000
2455.170000
2457.657000
2458.884000
2460.127000
2461.371000
2462.614000
2463.858000
2465.085000
2466.328000
2467.571000
2468.815000
2470.058000
2471.285000
2472.529000
2473.772000
