323.682000
331.126000
334.839000
336.083000
341.040000
342.284000
348.484000
349.728000
355.912000
371.281000
374.994000
399.797000
409.728000
413.442000
431.281000
432.524000
433.768000
434.994000
442.439000
458.554000
463.527000
470.955000
475.912000
496.238000
502.439000
504.926000
507.396000
511.126000
512.353000
514.840000
516.083000
521.041000
524.754000
561.195000
568.640000
569.883000
571.126000
573.597000
576.084000
579.797000
581.041000
588.485000
589.712000
590.955000
592.199000
611.281000
614.995000
627.396000
631.127000
644.755000
645.998000
647.242000
650.955000
653.442000
671.281000
674.995000
678.725000
679.952000
684.926000
688.640000
691.127000
696.084000
702.285000
703.528000
715.913000
734.995000
736.239000
741.196000
752.354000
753.597000
758.554000
762.285000
765.998000
774.686000
797.482000
806.153000
818.555000
819.798000
822.285000
830.956000
851.282000
853.752000
854.996000
856.239000
861.196000
863.683000
864.927000
874.841000
877.328000
881.042000
885.999000
887.242000
888.486000
898.400000
917.483000
924.927000
933.598000
936.085000
944.755000
953.443000
954.686000
957.157000
970.039000
971.266000
983.667000
984.910000
987.397000
994.825000
1001.025000
1004.756000
1010.956000
1012.200000
