1766.664000
1767.907000
1769.151000
1770.394000
1771.621000
1772.864000
1775.351000
1776.595000
1777.822000
1779.065000
1780.308000
1782.795000
1785.266000
1786.509000
1787.752000
1788.996000
1790.223000
1791.466000
1792.710000
1793.953000
1795.180000
1796.423000
1797.667000
1798.910000
1800.154000
1801.381000
1802.624000
1803.867000
1805.111000
1806.354000
1807.581000
1808.825000
1810.068000
1811.312000
1812.555000
1813.782000
1825.420000
1826.664000
1827.907000
1829.151000
1830.394000
1831.621000
1832.865000
1834.108000
1835.351000
1836.595000
1837.822000
1839.065000
1840.309000
1841.552000
1844.022000
1845.266000
1846.509000
1847.753000
1848.979000
1850.223000
1852.710000
1853.953000
1855.180000
1856.424000
1857.667000
1858.910000
1860.154000
1861.381000
1862.624000
1863.868000
1865.111000
1866.355000
1867.581000
1868.825000
1870.068000
1872.555000
1873.782000
1885.421000
1886.664000
1887.907000
1889.151000
1890.394000
1894.108000
1895.352000
1896.595000
1897.822000
1899.065000
1900.309000
1901.552000
1902.796000
1904.023000
1905.266000
1906.509000
1907.753000
1908.980000
1910.223000
1911.467000
1912.710000
1913.953000
1915.180000
1916.424000
1917.667000
1918.911000
1920.154000
1921.381000
1922.624000
1923.868000
1925.111000
1926.355000
1927.582000
1928.825000
1930.068000
1931.312000
1932.555000
1933.782000
1945.421000
1946.664000
1947.908000
1949.151000
1950.395000
1951.621000
1952.865000
1954.108000
1955.352000
1956.595000
1957.822000
1959.065000
1960.309000
1961.552000
1962.796000
1964.023000
1965.266000
1967.753000
1968.980000
1970.223000
1971.467000
1972.710000
1973.954000
1975.180000
1977.667000
1980.154000
1981.381000
1982.625000
1983.868000
1985.111000
1986.355000
1987.582000
1988.825000
1990.069000
1991.312000
1992.555000
2005.421000
2006.664000
2007.908000
2009.151000
2010.395000
2011.622000
2012.865000
2014.108000
2015.352000
2016.595000
2017.822000
2019.066000
2020.309000
2021.552000
2022.796000
2024.023000
2025.266000
2026.510000
2028.980000
2030.223000
2031.467000
2032.710000
2033.954000
2035.181000
2036.424000
2037.667000
2038.911000
2042.625000
2043.868000
2045.112000
2046.355000
2048.825000
2050.069000
2051.312000
2052.556000
2053.782000
2065.421000
2066.665000
2067.908000
2069.151000
2070.395000
2071.622000
2072.865000
2074.109000
2076.595000
2077.822000
2079.066000
2080.309000
2082.780000
2084.023000
2085.266000
2086.510000
2087.753000
2090.224000
2091.467000
2092.710000
2093.954000
2095.181000
2096.424000
2097.668000
2098.911000
2100.155000
2101.381000
2102.625000
2103.868000
2105.112000
2106.355000
2107.582000
2108.825000
2110.069000
2111.312000
2112.556000
2113.783000
2125.421000
2126.665000
2127.892000
2129.135000
2130.378000
2131.622000
2132.865000
2134.092000
2135.336000
2136.579000
2137.823000
2139.066000
2140.293000
2141.536000
2142.780000
2145.267000
2146.493000
2147.737000
2148.980000
2150.224000
2151.467000
2152.694000
2153.937000
2155.181000
2156.424000
2157.668000
2158.895000
2160.138000
2161.382000
2162.625000
2163.852000
2165.095000
2166.339000
2168.826000
2170.052000
2171.296000
2172.539000
2173.783000
2185.421000
2186.665000
2187.892000
2189.135000
2190.379000
2191.622000
2192.865000
2194.092000
2195.336000
2196.579000
2197.823000
2199.066000
2200.293000
2201.536000
2202.780000
2204.023000
2206.494000
2207.737000
2208.980000
2210.224000
2211.467000
2213.938000
2215.181000
2216.425000
2217.668000
2218.895000
2220.138000
2221.382000
2223.852000
2225.095000
2226.339000
2227.582000
2228.826000
2230.053000
2231.296000
2232.540000
2233.783000
2245.422000
2246.665000
2247.892000
2249.135000
2250.379000
2251.622000
2252.866000
2254.093000
2255.336000
2256.579000
2257.823000
2259.066000
2260.293000
2261.537000
2262.780000
2264.023000
2265.267000
2266.494000
2267.737000
2268.981000
2270.224000
2271.468000
2273.938000
2275.181000
2276.425000
2277.652000
2278.895000
2280.138000
2281.382000
2282.625000
2283.852000
2285.096000
2286.339000
2287.583000
2288.826000
2291.296000
2292.540000
2293.783000
2305.422000
2306.665000
2309.135000
2310.379000
2311.622000
2312.866000
2314.093000
2315.336000
2316.580000
2317.823000
2319.066000
2320.293000
2321.537000
2322.780000
2324.024000
2325.267000
2326.494000
2327.737000
2328.981000
2330.224000
2331.468000
2332.695000
2333.938000
2335.181000
2336.425000
2337.652000
2338.895000
2340.139000
2341.382000
2343.852000
2345.096000
2346.339000
2348.826000
2350.053000
2352.540000
2353.783000
2365.422000
2366.665000
2367.892000
2369.136000
2370.379000
2372.866000
2375.336000
2377.823000
2380.293000
2381.537000
2382.780000
2384.024000
2385.267000
2386.494000
2387.738000
2388.981000
2390.224000
2391.468000
2392.695000
2393.938000
2395.182000
2396.425000
2397.652000
2398.895000
2400.139000
2401.382000
2402.626000
2403.853000
2405.096000
2406.339000
2407.583000
2410.053000
2411.297000
2412.540000
2413.783000
2425.422000
2426.666000
2427.892000
2429.136000
2430.379000
2431.623000
2432.866000
2434.093000
2435.336000
2436.580000
2437.823000
2439.067000
2440.294000
2441.537000
2442.780000
2444.024000
2445.267000
2446.494000
2447.738000
2448.981000
2450.225000
2451.468000
2452.695000
2453.938000
2456.425000
2457.652000
2458.895000
2460.139000
2461.382000
2462.626000
2463.853000
2465.096000
2466.340000
2467.583000
2468.826000
2471.297000
2472.540000
2473.784000
