310.652000
311.895000
313.139000
314.382000
315.626000
316.853000
318.096000
319.340000
320.583000
321.826000
324.297000
325.540000
326.784000
328.027000
329.254000
330.497000
332.984000
334.228000
335.455000
336.698000
337.941000
339.185000
340.412000
341.655000
342.899000
344.142000
345.385000
346.612000
347.856000
349.099000
350.343000
351.586000
352.813000
354.056000
355.300000
356.543000
369.425000
370.652000
371.896000
373.139000
374.383000
375.626000
376.853000
378.096000
379.340000
380.583000
381.827000
383.053000
384.297000
385.540000
386.784000
388.027000
389.254000
390.498000
391.741000
392.984000
394.228000
395.455000
396.698000
397.942000
399.185000
400.412000
401.655000
402.899000
404.142000
405.386000
406.612000
407.856000
409.099000
410.343000
411.586000
412.813000
414.057000
415.300000
416.543000
417.787000
429.426000
430.652000
431.896000
433.139000
434.383000
435.626000
438.096000
439.340000
440.583000
441.827000
443.054000
444.297000
445.540000
446.784000
448.027000
449.254000
450.498000
451.741000
452.985000
454.228000
455.455000
456.698000
457.942000
459.185000
460.412000
461.655000
462.899000
464.142000
465.386000
466.613000
467.856000
469.100000
470.343000
471.586000
472.813000
474.057000
475.300000
476.544000
477.787000
489.426000
490.653000
491.896000
493.139000
494.383000
495.626000
496.853000
498.097000
499.340000
500.583000
501.827000
503.054000
504.297000
506.784000
508.028000
509.254000
510.498000
511.741000
512.985000
514.212000
515.455000
516.698000
519.185000
520.412000
521.656000
522.899000
524.143000
525.386000
527.856000
529.100000
530.343000
531.587000
532.813000
534.057000
535.300000
536.544000
537.787000
549.426000
550.653000
551.896000
553.140000
554.383000
555.626000
556.853000
558.097000
559.340000
560.584000
561.827000
563.054000
564.297000
565.541000
566.784000
568.028000
569.255000
570.498000
571.741000
572.985000
574.212000
575.455000
576.699000
577.942000
579.186000
580.412000
581.656000
584.143000
585.386000
586.613000
587.856000
589.100000
590.343000
591.587000
592.814000
594.057000
595.301000
596.544000
597.787000
609.426000
610.653000
614.383000
615.627000
616.853000
619.340000
620.584000
621.827000
623.054000
624.298000
625.541000
626.784000
628.028000
629.255000
630.498000
631.742000
632.985000
635.455000
636.699000
637.942000
639.186000
640.413000
641.656000
642.899000
644.143000
645.386000
646.613000
647.857000
649.100000
650.343000
651.587000
652.814000
654.057000
655.301000
656.544000
657.788000
669.410000
670.653000
673.140000
674.367000
675.610000
676.854000
678.097000
679.324000
680.567000
681.811000
683.054000
684.298000
685.525000
686.768000
688.011000
689.255000
690.498000
691.725000
692.969000
694.212000
697.926000
699.169000
700.413000
701.656000
702.900000
704.126000
705.370000
706.613000
709.084000
710.327000
711.570000
714.057000
715.284000
716.528000
717.771000
729.410000
731.897000
733.140000
734.367000
735.610000
736.854000
738.097000
739.324000
740.568000
741.811000
743.054000
745.525000
748.012000
749.255000
750.498000
752.969000
754.212000
755.456000
756.699000
757.926000
759.169000
760.413000
761.656000
762.900000
764.127000
766.613000
767.857000
769.084000
770.327000
771.571000
772.814000
774.058000
775.284000
776.528000
789.410000
790.653000
791.897000
793.124000
794.367000
795.611000
796.854000
798.097000
799.324000
800.568000
803.055000
804.298000
805.525000
809.255000
810.499000
811.726000
812.969000
814.212000
815.456000
816.699000
817.926000
819.170000
820.413000
821.656000
822.900000
824.127000
825.370000
826.614000
827.857000
829.084000
830.327000
831.571000
832.814000
834.058000
835.285000
836.528000
837.771000
849.410000
850.653000
851.897000
853.124000
854.367000
855.611000
856.854000
859.324000
860.568000
861.811000
863.055000
864.298000
865.525000
868.012000
869.255000
870.499000
872.969000
874.213000
875.456000
876.699000
877.926000
879.170000
880.413000
882.883000
884.127000
885.370000
887.857000
889.084000
890.328000
891.571000
892.814000
894.058000
895.285000
896.528000
897.772000
909.410000
910.654000
911.897000
913.124000
914.367000
915.611000
916.854000
919.325000
920.568000
921.811000
924.298000
925.525000
926.769000
928.012000
929.256000
930.499000
931.726000
932.969000
934.213000
936.700000
939.170000
940.413000
941.657000
942.884000
944.127000
945.371000
946.614000
947.857000
949.084000
950.328000
951.571000
952.815000
954.058000
955.285000
956.528000
957.772000
969.410000
970.654000
971.897000
973.124000
974.368000
975.611000
979.325000
980.568000
984.299000
985.525000
986.769000
989.256000
990.499000
991.726000
992.969000
994.213000
995.456000
996.700000
997.927000
999.170000
1000.414000
1001.657000
1002.884000
1004.127000
1005.371000
1006.614000
1007.858000
1009.084000
1010.328000
1011.571000
1012.815000
1014.058000
1015.285000
1016.529000
