1039.281000
1041.768000
1043.012000
1045.482000
1046.726000
1049.212000
1050.456000
1051.683000
1052.926000
1054.170000
1056.640000
1057.883000
1059.127000
1060.370000
1061.614000
1065.327000
1066.571000
1069.041000
1070.285000
1071.528000
1072.771000
1075.242000
1076.485000
1077.729000
1078.972000
1080.216000
1081.442000
1082.686000
1083.929000
1085.173000
1086.400000
1099.282000
1100.525000
1101.769000
1103.012000
1105.482000
1106.726000
1107.969000
1110.439000
1111.683000
1112.926000
1114.170000
1116.640000
1117.883000
1119.127000
1120.370000
1124.084000
1125.328000
1127.814000
1130.285000
1131.528000
1132.772000
1135.242000
1136.485000
1137.729000
1138.972000
1140.216000
1145.173000
1146.400000
1158.055000
1160.525000
1161.769000
1163.012000
1165.482000
1166.726000
1169.213000
1170.440000
1174.170000
1176.640000
1180.371000
1181.614000
1182.841000
1184.084000
1185.328000
1186.571000
1187.815000
1190.285000
1191.528000
1194.015000
1197.729000
1203.930000
1219.282000
1220.525000
1221.769000
1224.256000
1226.726000
1227.969000
1229.213000
1230.440000
1232.927000
1234.170000
1235.414000
1237.884000
1240.371000
1244.084000
1245.328000
1246.571000
1247.815000
1249.042000
1251.529000
1252.772000
1255.242000
1256.486000
1257.729000
1258.973000
1260.216000
1261.443000
1262.686000
1266.400000
1278.055000
1279.282000
1280.526000
1281.769000
1283.012000
1284.256000
1285.483000
1286.726000
1287.970000
1290.440000
1291.683000
1297.884000
1299.127000
1301.614000
1302.841000
1304.085000
1305.328000
1306.571000
1307.815000
1309.042000
1310.285000
1312.772000
1314.016000
1316.486000
1317.729000
1320.200000
1321.443000
1322.686000
1323.930000
1326.400000
1340.526000
1345.483000
1346.726000
1347.953000
1349.197000
1351.684000
1352.927000
1355.397000
1356.641000
1357.884000
1359.128000
1360.354000
1361.598000
1362.841000
1364.085000
1366.555000
1367.798000
1369.042000
1370.285000
1371.512000
1373.999000
1375.243000
1376.486000
1377.713000
1378.956000
1380.200000
1382.687000
1383.914000
1385.157000
1386.400000
1399.282000
1400.526000
1401.753000
1402.996000
1404.240000
1405.483000
1407.953000
1409.197000
1410.440000
1411.684000
1412.927000
1414.154000
1415.397000
1416.641000
1417.884000
1419.128000
1420.355000
1422.841000
1426.555000
1427.799000
1429.042000
1430.286000
1431.512000
1433.999000
1435.243000
1436.486000
1438.956000
1440.200000
1441.443000
1442.687000
1446.401000
1458.039000
1459.283000
1460.526000
1461.753000
1464.240000
1465.483000
1466.727000
1467.954000
1469.197000
1470.440000
1472.927000
1474.154000
1476.641000
1477.884000
1479.128000
1480.355000
1481.598000
1485.312000
1486.555000
1487.799000
1489.042000
1490.286000
1491.513000
1495.243000
1496.486000
1497.713000
1500.200000
1501.444000
1505.157000
1506.401000
1518.039000
1519.283000
1521.753000
1522.996000
1524.240000
1525.483000
1530.441000
1531.684000
1532.927000
1534.154000
1535.398000
1537.885000
1539.128000
1540.355000
1541.598000
1542.842000
1544.085000
1546.556000
1547.799000
1550.286000
1552.756000
1554.000000
1555.243000
1556.487000
1557.713000
1558.957000
1560.200000
1561.444000
1562.687000
1563.914000
1565.157000
1578.039000
1580.526000
1582.997000
1585.484000
1586.727000
1589.197000
1590.441000
1591.684000
1592.928000
1594.154000
1595.398000
1596.641000
1599.112000
1602.842000
1605.312000
1606.556000
1607.799000
1610.286000
1612.756000
1616.487000
1618.957000
1620.200000
1621.444000
1622.687000
1623.914000
1625.158000
1626.401000
1639.283000
1640.527000
1641.753000
1642.997000
1644.240000
1645.484000
1647.954000
1649.197000
1652.928000
1654.155000
1655.398000
1657.885000
1660.355000
1662.842000
1667.799000
1669.043000
1670.286000
1672.756000
1674.000000
1675.243000
1677.714000
1678.957000
1680.201000
1681.444000
1683.914000
1685.158000
1686.401000
1698.040000
1700.527000
1702.997000
1704.240000
1705.484000
1709.198000
1711.685000
1712.928000
1714.155000
1717.885000
1719.112000
1720.355000
1721.599000
1725.313000
1726.556000
1727.799000
1729.043000
1732.757000
1734.000000
1735.244000
1736.487000
1738.957000
1741.444000
1742.688000
1743.914000
1745.158000
1746.401000
