1038.668000
1039.281000
1039.911000
1040.525000
1041.155000
1041.768000
1042.382000
1043.012000
1043.625000
1044.255000
1044.869000
1045.482000
1046.112000
1046.726000
1047.356000
1047.969000
1048.582000
1049.212000
1050.456000
1051.069000
1051.683000
1052.313000
1052.926000
1053.540000
1054.170000
1054.783000
1055.413000
1056.026000
1056.640000
1057.270000
1057.883000
1058.513000
1059.127000
1059.740000
1060.370000
1060.984000
1061.614000
1062.227000
1062.840000
1063.471000
1064.084000
1064.714000
1065.327000
1065.941000
1066.571000
1068.428000
1069.041000
1069.671000
1070.285000
1070.915000
1071.528000
1072.141000
1072.771000
1073.385000
1074.015000
1075.242000
1075.872000
1076.485000
1077.115000
1077.729000
1078.342000
1078.972000
1079.586000
1080.216000
1080.829000
1081.442000
1082.072000
1082.686000
1083.929000
1084.543000
1085.173000
1085.786000
1086.400000
1097.425000
1098.668000
1099.282000
1099.912000
1100.525000
1101.155000
1101.769000
1102.382000
1103.012000
1103.625000
1104.255000
1104.869000
1105.482000
1106.112000
1106.726000
1107.356000
1107.969000
1109.213000
1109.826000
1110.439000
1111.069000
1111.683000
1112.313000
1112.926000
1113.540000
1114.170000
1114.783000
1115.413000
1116.027000
1116.640000
1117.270000
1117.883000
1118.513000
1119.127000
1119.740000
1120.370000
1120.984000
1122.227000
1122.841000
1123.471000
1124.084000
1124.714000
1125.328000
1125.941000
1126.571000
1127.184000
1127.814000
1128.428000
1129.041000
1129.671000
1130.285000
1130.915000
1131.528000
1132.142000
1132.772000
1133.385000
1134.015000
1134.628000
1135.242000
1135.872000
1136.485000
1137.115000
1137.729000
1138.342000
1138.972000
1139.586000
1140.216000
1140.829000
1141.443000
1142.073000
1142.686000
1143.316000
1143.929000
1144.543000
1145.173000
1145.786000
1146.400000
1157.425000
1158.055000
1158.668000
1159.912000
1160.525000
1161.155000
1161.769000
1163.012000
1163.626000
1164.256000
1164.869000
1165.482000
1166.112000
1166.726000
1167.356000
1169.213000
1169.826000
1170.440000
1171.070000
1171.683000
1172.313000
1172.926000
1173.540000
1174.170000
1174.783000
1175.413000
1176.027000
1176.640000
1177.270000
1177.884000
1178.514000
1179.127000
1180.371000
1180.984000
1181.614000
1182.227000
1182.841000
1183.471000
1184.084000
1184.714000
1185.328000
1185.941000
1186.571000
1187.185000
1187.815000
1190.285000
1190.915000
1191.528000
1192.142000
1193.385000
1194.015000
1194.629000
1195.242000
1195.872000
1196.486000
1197.116000
1197.729000
1198.342000
1198.972000
1199.586000
1200.216000
1200.829000
1201.443000
1202.073000
1203.300000
1203.930000
1204.543000
1205.173000
1205.786000
1206.400000
1217.425000
1218.055000
1218.669000
1219.282000
1219.912000
1220.525000
1221.769000
1222.382000
1223.012000
1223.626000
1224.256000
1224.869000
1225.483000
1226.726000
1227.356000
1227.969000
1228.583000
1229.213000
1229.826000
1230.440000
1231.070000
1231.683000
1232.313000
1232.927000
1233.540000
1234.170000
1234.784000
1235.414000
1237.270000
1237.884000
1238.514000
1239.127000
1239.741000
1240.371000
1240.984000
1241.614000
1242.228000
1242.841000
1243.471000
1244.084000
1244.714000
1245.328000
1245.941000
1246.571000
1247.185000
1247.815000
1248.428000
1249.042000
1251.529000
1252.142000
1252.772000
1253.385000
1254.015000
1254.629000
1255.242000
1255.872000
1256.486000
1257.116000
1257.729000
1258.343000
1258.973000
1259.586000
1260.216000
1260.829000
1261.443000
1262.073000
1262.686000
1263.300000
1263.930000
1264.543000
1265.787000
1266.400000
1278.055000
1278.669000
1279.282000
1279.912000
1280.526000
1281.156000
1281.769000
1282.382000
1283.012000
1283.626000
1284.256000
1284.869000
1285.483000
1286.113000
1286.726000
1287.340000
1287.970000
1289.213000
1289.826000
1290.440000
1291.070000
1291.683000
1292.313000
1292.927000
1293.540000
1294.170000
1295.414000
1296.027000
1297.271000
1297.884000
1298.514000
1299.127000
1299.741000
1300.371000
1300.984000
1301.614000
1302.228000
1302.841000
1303.471000
1304.085000
1304.715000
1305.328000
1305.941000
1306.571000
1307.185000
1307.815000
1308.428000
1309.042000
1309.672000
1310.285000
1310.915000
1311.529000
1312.142000
1312.772000
1313.386000
1314.016000
1314.629000
1315.242000
1315.872000
1316.486000
1317.116000
1317.729000
1318.343000
1318.973000
1319.586000
1320.200000
1320.830000
1321.443000
1322.073000
1322.686000
1323.300000
1323.930000
1324.543000
1326.400000
1337.425000
1339.282000
1339.896000
1340.526000
1341.139000
1341.753000
1342.383000
1343.626000
1344.853000
1345.483000
1346.096000
1346.726000
1347.340000
1347.953000
1348.583000
1349.197000
1349.827000
1350.440000
1351.054000
1351.684000
1352.297000
1352.927000
1353.540000
1354.154000
1354.784000
1355.397000
1356.027000
1356.641000
1357.254000
1357.884000
1358.498000
1359.128000
1360.354000
1360.984000
1361.598000
1362.228000
1362.841000
1364.085000
1364.698000
1365.312000
1365.942000
1366.555000
1367.798000
1368.412000
1369.042000
1369.655000
1370.285000
1370.899000
1371.512000
1372.142000
1372.756000
1373.386000
1373.999000
1374.613000
1375.243000
1376.486000
1377.099000
1377.713000
1378.343000
1378.956000
1379.586000
1380.200000
1380.813000
1381.443000
1382.057000
1382.687000
1383.300000
1383.914000
1384.544000
1385.157000
1385.787000
1386.400000
1397.426000
1398.039000
1398.652000
1399.282000
1400.526000
1401.139000
1401.753000
1402.383000
1402.996000
1403.626000
1404.240000
1404.853000
1405.483000
1406.096000
1406.726000
1407.340000
1407.953000
1409.197000
1409.827000
1410.440000
1411.054000
1411.684000
1412.297000
1412.927000
1413.541000
1414.154000
1414.784000
1415.397000
1416.027000
1416.641000
1417.254000
1417.884000
1418.498000
1419.128000
1419.741000
1420.355000
1420.985000
1421.598000
1422.228000
1422.841000
1423.455000
1424.698000
1425.942000
1426.555000
1427.185000
1427.799000
1428.412000
1429.042000
1429.656000
1430.286000
1430.899000
1431.512000
1432.142000
1432.756000
1433.386000
1433.999000
1434.613000
1435.243000
1435.856000
1436.486000
1437.100000
1437.713000
1438.343000
1438.956000
1440.200000
1440.813000
1441.443000
1442.057000
1442.687000
1443.300000
1443.914000
1445.787000
1446.401000
1457.426000
1458.039000
1458.653000
1459.283000
1459.896000
1460.526000
1461.139000
1461.753000
1462.383000
1462.996000
1463.626000
1464.240000
1464.853000
1465.483000
1466.097000
1466.727000
1467.340000
1467.954000
1468.584000
1469.197000
1469.827000
1470.440000
1472.297000
1472.927000
1473.541000
1474.154000
1475.398000
1476.028000
1476.641000
1477.254000
1477.884000
1478.498000
1479.128000
1479.741000
1480.355000
1480.985000
1481.598000
1482.212000
1482.842000
1483.455000
1484.085000
1484.699000
1485.312000
1485.942000
1486.555000
1487.185000
1487.799000
1488.412000
1489.042000
1489.656000
1490.286000
1490.899000
1491.513000
1492.143000
1492.756000
1493.386000
1493.999000
1494.613000
1495.243000
1495.856000
1496.486000
1497.100000
1497.713000
1500.200000
1500.814000
1501.444000
1502.057000
1502.687000
1503.300000
1505.157000
1505.787000
1506.401000
1517.426000
1518.039000
1518.653000
1519.283000
1519.896000
1520.526000
1521.140000
1521.753000
1522.383000
1522.996000
1523.627000
1524.240000
1524.853000
1525.483000
1526.097000
1526.727000
1527.340000
1527.954000
1528.584000
1529.197000
1529.827000
1530.441000
1531.054000
1531.684000
1532.297000
1532.927000
1533.541000
1534.154000
1534.784000
1535.398000
1536.028000
1537.255000
1537.885000
1538.498000
1539.128000
1539.742000
1540.355000
1540.985000
1541.598000
1542.212000
1542.842000
1543.455000
1544.085000
1544.699000
1545.312000
1545.942000
1546.556000
1547.186000
1547.799000
1548.412000
1549.042000
1549.656000
1550.286000
1551.513000
1552.143000
1552.756000
1553.386000
1554.000000
1554.613000
1555.243000
1555.856000
1556.487000
1557.100000
1557.713000
1558.343000
1558.957000
1559.587000
1560.200000
1560.814000
1561.444000
1562.057000
1562.687000
1563.301000
1563.914000
1564.544000
1565.157000
1565.787000
1566.401000
1577.426000
1578.039000
1578.653000
1579.283000
1579.896000
1580.526000
1581.140000
1581.753000
1582.383000
1582.997000
1583.627000
1584.240000
1584.854000
1585.484000
1586.097000
1586.727000
1587.340000
1587.954000
1588.584000
1589.197000
1589.827000
1590.441000
1591.054000
1591.684000
1592.298000
1592.928000
1593.541000
1594.154000
1594.784000
1595.398000
1596.028000
1596.641000
1597.255000
1597.885000
1598.498000
1599.112000
1599.742000
1600.355000
1600.985000
1602.212000
1602.842000
1603.455000
1604.085000
1604.699000
1605.312000
1605.942000
1606.556000
1607.186000
1607.799000
1608.413000
1609.043000
1609.656000
1610.286000
1610.899000
1611.513000
1612.143000
1612.756000
1613.386000
1614.000000
1614.613000
1615.243000
1615.857000
1616.487000
1617.100000
1617.714000
1618.344000
1618.957000
1619.587000
1620.200000
1620.814000
1621.444000
1622.057000
1622.687000
1623.301000
1623.914000
1624.544000
1625.158000
1625.788000
1626.401000
1637.426000
1638.040000
1638.653000
1639.283000
1640.527000
1641.140000
1641.753000
1642.383000
1642.997000
1644.240000
1644.854000
1645.484000
1646.727000
1647.341000
1647.954000
1648.584000
1649.197000
1649.827000
1650.441000
1651.054000
1651.684000
1652.298000
1652.928000
1653.541000
1654.155000
1654.785000
1655.398000
1656.012000
1656.642000
1657.255000
1657.885000
1659.742000
1660.355000
1661.599000
1662.212000
1662.842000
1663.456000
1664.699000
1667.186000
1667.799000
1668.413000
1669.043000
1669.656000
1670.286000
1670.900000
1671.513000
1672.143000
1672.756000
1673.387000
1674.000000
1674.613000
1675.243000
1675.857000
1676.487000
1677.100000
1677.714000
1678.344000
1678.957000
1679.587000
1680.201000
1680.814000
1681.444000
1682.057000
1683.301000
1683.914000
1684.544000
1685.158000
1686.401000
1697.426000
1698.040000
1698.653000
1699.283000
1699.897000
1700.527000
1701.140000
1701.754000
1702.384000
1702.997000
1703.627000
1704.240000
1704.854000
1705.484000
1706.097000
1706.727000
1707.341000
1707.954000
1708.584000
1709.198000
1709.828000
1710.441000
1711.054000
1711.685000
1712.298000
1712.928000
1713.541000
1714.155000
1714.785000
1715.398000
1716.012000
1716.642000
1717.255000
1717.885000
1718.499000
1719.112000
1719.742000
1720.355000
1720.985000
1721.599000
1722.212000
1724.086000
1724.699000
1725.313000
1725.943000
1726.556000
1727.186000
1727.799000
1728.413000
1729.043000
1729.656000
1730.900000
1732.143000
1732.757000
1733.387000
1734.000000
1734.614000
1735.244000
1735.857000
1736.487000
1737.100000
1737.714000
1738.344000
1738.957000
1739.587000
1740.201000
1740.814000
1741.444000
1742.058000
1742.688000
1743.301000
1743.914000
1745.158000
1745.788000
1746.401000
