1774.721000
1792.080000
1793.323000
1797.053000
1798.280000
1800.767000
1808.211000
1810.682000
1811.925000
1840.922000
1847.123000
1849.610000
1853.323000
1854.567000
1858.280000
1866.968000
1891.008000
1899.695000
1904.652000
1910.853000
1924.481000
1934.412000
1960.922000
1974.567000
1980.768000
1982.011000
1983.255000
2017.209000
2025.880000
2032.080000
2037.054000
2039.524000
2050.682000
2051.926000
2067.295000
2069.765000
2080.923000
2090.854000
2094.567000
2095.811000
2097.054000
2100.768000
2105.725000
2114.413000
2130.992000
2132.235000
2134.722000
2137.193000
2144.637000
2147.123000
2154.551000
2158.281000
2159.525000
2165.725000
2166.952000
2170.682000
2174.396000
2189.765000
2202.166000
2204.637000
2207.124000
2214.568000
2217.038000
2225.725000
2234.396000
2248.522000
2250.992000
2253.479000
2257.193000
2259.680000
2263.393000
2264.637000
2267.124000
2268.367000
2283.239000
2284.482000
2286.953000
2308.522000
2312.236000
2314.723000
2315.966000
2322.167000
2323.394000
2334.568000
2338.282000
2339.525000
2343.239000
2345.726000
2346.953000
2353.153000
2354.397000
2368.522000
2380.923000
2382.167000
2394.552000
2443.394000
2448.368000
2452.081000
2474.397000
