1762.320000
1762.950000
1763.563000
1764.193000
1764.807000
1765.420000
1766.050000
1766.664000
1767.294000
1767.907000
1768.521000
1769.151000
1769.764000
1770.394000
1771.007000
1771.621000
1772.251000
1772.864000
1773.494000
1774.108000
1774.721000
1775.351000
1775.965000
1776.595000
1777.208000
1777.822000
1778.452000
1779.065000
1779.695000
1780.308000
1780.922000
1781.552000
1782.165000
1782.795000
1783.409000
1784.022000
1784.652000
1785.266000
1785.896000
1786.509000
1787.122000
1787.752000
1788.366000
1788.996000
1789.609000
1790.223000
1790.853000
1791.466000
1792.080000
1792.710000
1793.323000
1793.953000
1794.567000
1795.180000
1795.810000
1796.423000
1797.053000
1797.667000
1798.280000
1798.910000
1799.524000
1800.154000
1800.767000
1801.381000
1802.011000
1802.624000
1803.254000
1803.867000
1804.481000
1805.111000
1805.724000
1806.354000
1806.968000
1807.581000
1808.211000
1808.825000
1809.455000
1810.068000
1810.682000
1811.312000
1811.925000
1812.555000
1813.168000
1813.782000
1814.412000
1822.320000
1822.950000
1823.564000
1824.194000
1824.807000
1825.420000
1826.050000
1826.664000
1827.294000
1827.907000
1828.521000
1829.151000
1829.764000
1830.394000
1831.008000
1831.621000
1832.251000
1832.865000
1833.495000
1834.108000
1834.721000
1835.351000
1835.965000
1836.595000
1837.208000
1837.822000
1838.452000
1839.065000
1839.695000
1840.309000
1840.922000
1841.552000
1842.165000
1842.795000
1843.409000
1844.022000
1844.652000
1845.266000
1845.896000
1846.509000
1847.123000
1847.753000
1848.366000
1848.979000
1849.610000
1850.223000
1850.853000
1851.466000
1852.080000
1852.710000
1853.323000
1853.953000
1854.567000
1855.180000
1855.810000
1856.424000
1857.054000
1857.667000
1858.280000
1858.910000
1859.524000
1860.154000
1860.767000
1861.381000
1862.011000
1862.624000
1863.254000
1863.868000
1864.481000
1865.111000
1865.725000
1866.355000
1866.968000
1867.581000
1868.211000
1868.825000
1869.455000
1870.068000
1870.682000
1871.312000
1871.925000
1872.555000
1873.169000
1873.782000
1874.412000
1882.320000
1882.950000
1883.564000
1884.194000
1884.807000
1885.421000
1886.051000
1886.664000
1887.294000
1887.907000
1888.521000
1889.151000
1889.764000
1890.394000
1891.008000
1891.621000
1892.251000
1892.865000
1893.495000
1894.108000
1894.722000
1895.352000
1895.965000
1896.595000
1897.208000
1897.822000
1898.452000
1899.065000
1899.695000
1900.309000
1900.922000
1901.552000
1902.166000
1902.796000
1903.409000
1904.023000
1904.652000
1905.266000
1905.896000
1906.509000
1907.123000
1907.753000
1908.366000
1908.980000
1909.610000
1910.223000
1910.853000
1911.467000
1912.080000
1912.710000
1913.323000
1913.953000
1914.567000
1915.180000
1915.810000
1916.424000
1917.054000
1917.667000
1918.281000
1918.911000
1919.524000
1920.154000
1920.768000
1921.381000
1922.011000
1922.624000
1923.254000
1923.868000
1924.481000
1925.111000
1925.725000
1926.355000
1926.968000
1927.582000
1928.212000
1928.825000
1929.455000
1930.068000
1930.682000
1931.312000
1931.925000
1932.555000
1933.169000
1933.782000
1934.412000
1942.320000
1942.950000
1943.564000
1944.194000
1944.807000
1945.421000
1946.051000
1946.664000
1947.294000
1947.908000
1948.521000
1949.151000
1949.765000
1950.395000
1951.008000
1951.621000
1952.251000
1952.865000
1953.495000
1954.108000
1954.722000
1955.352000
1955.965000
1956.595000
1957.209000
1957.822000
1958.452000
1959.065000
1959.695000
1960.309000
1960.922000
1961.552000
1962.166000
1962.796000
1963.409000
1964.023000
1964.653000
1965.266000
1965.880000
1966.510000
1967.123000
1967.753000
1968.366000
1968.980000
1969.610000
1970.223000
1970.853000
1971.467000
1972.080000
1972.710000
1973.324000
1973.954000
1974.567000
1975.180000
1975.810000
1976.424000
1977.054000
1977.667000
1978.281000
1978.911000
1979.524000
1980.154000
1980.768000
1981.381000
1982.011000
1982.625000
1983.255000
1983.868000
1984.481000
1985.111000
1985.725000
1986.355000
1986.968000
1987.582000
1988.212000
1988.825000
1989.455000
1990.069000
1990.682000
1991.312000
1991.925000
1992.555000
1993.169000
1993.782000
1994.412000
2002.321000
2002.951000
2003.564000
2004.194000
2004.808000
2005.421000
2006.051000
2006.664000
2007.294000
2007.908000
2008.521000
2009.151000
2009.765000
2010.395000
2011.008000
2011.622000
2012.252000
2012.865000
2013.495000
2014.108000
2014.722000
2015.352000
2015.965000
2016.595000
2017.209000
2017.822000
2018.452000
2019.066000
2019.696000
2020.309000
2020.922000
2021.552000
2022.166000
2022.796000
2023.409000
2024.023000
2024.653000
2025.266000
2025.880000
2026.510000
2027.123000
2027.753000
2028.367000
2028.980000
2029.610000
2030.223000
2030.853000
2031.467000
2032.080000
2032.710000
2033.324000
2033.954000
2034.567000
2035.181000
2035.811000
2036.424000
2037.054000
2037.667000
2038.281000
2038.911000
2039.524000
2040.154000
2040.768000
2041.381000
2042.011000
2042.625000
2043.255000
2043.868000
2044.482000
2045.112000
2045.725000
2046.355000
2046.968000
2047.582000
2048.212000
2048.825000
2049.455000
2050.069000
2050.682000
2051.312000
2051.926000
2052.556000
2053.169000
2053.782000
2054.412000
2062.321000
2062.951000
2063.564000
2064.194000
2064.808000
2065.421000
2066.051000
2066.665000
2067.295000
2067.908000
2068.521000
2069.151000
2069.765000
2070.395000
2071.008000
2071.622000
2072.252000
2072.865000
2073.495000
2074.109000
2074.722000
2075.352000
2075.965000
2076.595000
2077.209000
2077.822000
2078.452000
2079.066000
2079.696000
2080.309000
2080.923000
2081.553000
2082.166000
2082.780000
2083.410000
2084.023000
2084.653000
2085.266000
2085.880000
2086.510000
2087.123000
2087.753000
2088.367000
2088.980000
2089.610000
2090.224000
2090.854000
2091.467000
2092.080000
2092.710000
2093.324000
2093.954000
2094.567000
2095.181000
2095.811000
2096.424000
2097.054000
2097.668000
2098.281000
2098.911000
2099.525000
2100.155000
2100.768000
2101.381000
2102.011000
2102.625000
2103.255000
2103.868000
2104.482000
2105.112000
2105.725000
2106.355000
2106.969000
2107.582000
2108.212000
2108.825000
2109.455000
2110.069000
2110.682000
2111.312000
2111.926000
2112.556000
2113.169000
2113.783000
2114.413000
2122.321000
2122.934000
2123.564000
2124.178000
2124.808000
2125.421000
2126.035000
2126.665000
2127.278000
2127.892000
2128.522000
2129.135000
2129.765000
2130.378000
2130.992000
2131.622000
2132.235000
2132.865000
2133.479000
2134.092000
2134.722000
2135.336000
2135.966000
2136.579000
2137.193000
2137.823000
2138.436000
2139.066000
2139.679000
2140.293000
2140.923000
2141.536000
2142.166000
2142.780000
2143.393000
2144.023000
2144.637000
2145.267000
2145.880000
2146.493000
2147.123000
2147.737000
2148.367000
2148.980000
2149.594000
2150.224000
2150.837000
2151.467000
2152.081000
2152.694000
2153.324000
2153.937000
2154.551000
2155.181000
2155.794000
2156.424000
2157.038000
2157.668000
2158.281000
2158.895000
2159.525000
2160.138000
2160.752000
2161.382000
2161.995000
2162.625000
2163.238000
2163.852000
2164.482000
2165.095000
2165.725000
2166.339000
2166.952000
2167.582000
2168.196000
2168.826000
2169.439000
2170.052000
2170.682000
2171.296000
2171.926000
2172.539000
2173.153000
2173.783000
2174.396000
2182.321000
2182.935000
2183.565000
2184.178000
2184.808000
2185.421000
2186.035000
2186.665000
2187.278000
2187.892000
2188.522000
2189.135000
2189.765000
2190.379000
2190.992000
2191.622000
2192.235000
2192.865000
2193.479000
2194.092000
2194.722000
2195.336000
2195.966000
2196.579000
2197.193000
2197.823000
2198.436000
2199.066000
2199.680000
2200.293000
2200.923000
2201.536000
2202.166000
2202.780000
2203.393000
2204.023000
2204.637000
2205.267000
2205.880000
2206.494000
2207.124000
2207.737000
2208.367000
2208.980000
2209.594000
2210.224000
2210.837000
2211.467000
2212.081000
2212.694000
2213.324000
2213.938000
2214.568000
2215.181000
2215.795000
2216.425000
2217.038000
2217.668000
2218.281000
2218.895000
2219.525000
2220.138000
2220.752000
2221.382000
2221.995000
2222.625000
2223.239000
2223.852000
2224.482000
2225.095000
2225.725000
2226.339000
2226.952000
2227.582000
2228.196000
2228.826000
2229.439000
2230.053000
2230.683000
2231.296000
2231.926000
2232.540000
2233.153000
2233.783000
2234.396000
2242.321000
2242.935000
2243.565000
2244.178000
2244.792000
2245.422000
2246.035000
2246.665000
2247.278000
2247.892000
2248.522000
2249.135000
2249.765000
2250.379000
2250.992000
2251.622000
2252.236000
2252.866000
2253.479000
2254.093000
2254.723000
2255.336000
2255.966000
2256.579000
2257.193000
2257.823000
2258.436000
2259.066000
2259.680000
2260.293000
2260.923000
2261.537000
2262.167000
2262.780000
2263.393000
2264.023000
2264.637000
2265.267000
2265.880000
2266.494000
2267.124000
2267.737000
2268.367000
2268.981000
2269.594000
2270.224000
2270.838000
2271.468000
2272.081000
2272.694000
2273.324000
2273.938000
2274.568000
2275.181000
2275.795000
2276.425000
2277.038000
2277.652000
2278.282000
2278.895000
2279.525000
2280.138000
2280.752000
2281.382000
2281.995000
2282.625000
2283.239000
2283.852000
2284.482000
2285.096000
2285.726000
2286.339000
2286.953000
2287.583000
2288.196000
2288.826000
2289.439000
2290.053000
2290.683000
2291.296000
2291.926000
2292.540000
2293.153000
2293.783000
2294.397000
2302.321000
2302.935000
2303.565000
2304.178000
2304.792000
2305.422000
2306.035000
2306.665000
2307.279000
2307.892000
2308.522000
2309.135000
2309.766000
2310.379000
2310.992000
2311.622000
2312.236000
2312.866000
2313.479000
2314.093000
2314.723000
2315.336000
2315.966000
2316.580000
2317.193000
2317.823000
2318.436000
2319.066000
2319.680000
2320.293000
2320.923000
2321.537000
2322.167000
2322.780000
2323.394000
2324.024000
2324.637000
2325.267000
2325.880000
2326.494000
2327.124000
2327.737000
2328.367000
2328.981000
2329.594000
2330.224000
2330.838000
2331.468000
2332.081000
2332.695000
2333.325000
2333.938000
2334.568000
2335.181000
2335.795000
2336.425000
2337.038000
2337.652000
2338.282000
2338.895000
2339.525000
2340.139000
2340.752000
2341.382000
2341.995000
2342.626000
2343.239000
2343.852000
2344.482000
2345.096000
2345.726000
2346.339000
2346.953000
2347.583000
2348.196000
2348.826000
2349.440000
2350.053000
2350.683000
2351.296000
2351.926000
2352.540000
2353.153000
2353.783000
2354.397000
2362.322000
2362.935000
2363.565000
2364.178000
2364.792000
2365.422000
2366.035000
2366.665000
2367.279000
2367.892000
2368.522000
2369.136000
2369.766000
2370.379000
2370.993000
2371.623000
2372.236000
2372.866000
2373.479000
2374.093000
2374.723000
2375.336000
2375.966000
2376.580000
2377.193000
2377.823000
2378.437000
2379.067000
2379.680000
2380.293000
2380.923000
2381.537000
2382.167000
2382.780000
2383.394000
2384.024000
2384.637000
2385.267000
2385.881000
2386.494000
2387.124000
2387.738000
2388.368000
2388.981000
2389.594000
2390.224000
2390.838000
2391.468000
2392.081000
2392.695000
2393.325000
2393.938000
2394.552000
2395.182000
2395.795000
2396.425000
2397.038000
2397.652000
2398.282000
2398.895000
2399.525000
2400.139000
2400.752000
2401.382000
2401.996000
2402.626000
2403.239000
2403.853000
2404.483000
2405.096000
2405.726000
2406.339000
2406.953000
2407.583000
2408.196000
2408.826000
2409.440000
2410.053000
2410.683000
2411.297000
2411.927000
2412.540000
2413.153000
2413.783000
2414.397000
2422.322000
2422.935000
2423.565000
2424.179000
2424.792000
2425.422000
2426.036000
2426.666000
2427.279000
2427.892000
2428.522000
2429.136000
2429.766000
2430.379000
2430.993000
2431.623000
2432.236000
2432.866000
2433.480000
2434.093000
2434.723000
2435.336000
2435.966000
2436.580000
2437.193000
2437.823000
2438.437000
2439.067000
2439.680000
2440.294000
2440.924000
2441.537000
2442.167000
2442.780000
2443.394000
2444.024000
2444.637000
2445.267000
2445.881000
2446.494000
2447.124000
2447.738000
2448.368000
2448.981000
2449.595000
2450.225000
2450.838000
2451.468000
2452.081000
2452.695000
2453.325000
2453.938000
2454.552000
2455.182000
2455.795000
2456.425000
2457.039000
2457.652000
2458.282000
2458.895000
2459.526000
2460.139000
2460.752000
2461.382000
2461.996000
2462.626000
2463.239000
2463.853000
2464.483000
2465.096000
2465.726000
2466.340000
2466.953000
2467.583000
2468.196000
2468.826000
2469.440000
2470.053000
2470.683000
2471.297000
2471.927000
2472.540000
2473.154000
2473.784000
2474.397000
