312.525000
316.239000
317.483000
318.726000
321.196000
322.440000
323.683000
324.927000
326.154000
327.397000
328.640000
329.884000
331.127000
333.598000
334.841000
337.328000
338.555000
339.798000
341.042000
343.512000
345.999000
347.242000
352.200000
353.443000
354.686000
355.913000
357.157000
370.039000
371.282000
373.753000
376.239000
378.726000
379.953000
381.197000
382.440000
384.927000
386.154000
387.397000
388.641000
392.354000
393.598000
394.841000
397.312000
398.555000
401.042000
402.285000
403.512000
404.756000
405.999000
407.243000
408.486000
409.713000
412.200000
414.687000
415.913000
417.157000
418.400000
430.039000
431.282000
432.526000
433.753000
434.996000
436.240000
438.726000
439.953000
441.197000
442.440000
443.684000
444.927000
446.154000
447.397000
451.128000
452.355000
453.598000
454.841000
457.312000
458.555000
459.799000
461.042000
462.286000
463.512000
467.243000
468.486000
469.713000
470.956000
473.443000
475.914000
477.157000
478.401000
491.283000
492.526000
493.753000
494.996000
496.240000
497.483000
499.953000
501.197000
503.684000
508.641000
511.128000
513.598000
514.842000
516.085000
517.312000
519.799000
521.042000
524.756000
525.999000
527.243000
528.486000
529.713000
530.957000
532.200000
534.687000
535.914000
538.401000
551.283000
554.996000
556.240000
557.483000
558.727000
559.954000
561.197000
562.441000
563.684000
566.154000
567.398000
571.128000
572.355000
573.598000
574.842000
577.312000
578.556000
579.799000
581.042000
584.756000
586.000000
587.243000
588.486000
589.713000
590.957000
592.200000
593.444000
595.914000
598.401000
610.039000
614.997000
616.240000
617.483000
618.727000
621.197000
622.441000
623.684000
624.928000
626.154000
627.398000
628.641000
629.885000
632.355000
634.842000
636.085000
638.556000
639.799000
641.043000
642.286000
643.513000
646.000000
648.487000
649.713000
650.957000
652.200000
654.687000
657.158000
670.040000
671.266000
672.510000
673.753000
674.997000
676.224000
677.467000
678.711000
679.954000
682.424000
683.668000
687.398000
688.625000
689.868000
691.112000
692.355000
693.599000
694.826000
699.799000
701.026000
702.270000
703.513000
706.000000
707.227000
709.714000
712.184000
714.671000
715.914000
718.385000
730.040000
732.510000
734.997000
736.224000
738.711000
739.954000
741.198000
746.155000
748.625000
749.868000
751.112000
752.355000
756.069000
758.556000
759.799000
761.026000
762.270000
763.513000
764.757000
766.000000
768.470000
770.957000
772.184000
773.428000
790.040000
791.267000
792.510000
793.754000
794.997000
799.954000
801.198000
803.668000
806.155000
808.625000
809.869000
811.112000
812.356000
813.599000
816.069000
817.313000
818.556000
819.800000
822.270000
823.513000
825.984000
827.227000
828.471000
829.714000
830.957000
832.184000
833.428000
835.915000
837.158000
838.385000
850.023000
851.267000
852.510000
853.754000
854.997000
856.224000
857.468000
858.711000
861.198000
862.425000
863.668000
864.912000
866.155000
868.625000
869.869000
871.112000
873.599000
874.826000
876.069000
877.313000
879.800000
881.027000
882.270000
883.514000
884.757000
893.428000
894.671000
895.915000
897.158000
898.385000
910.024000
912.511000
913.754000
914.997000
916.224000
918.711000
919.955000
921.198000
922.425000
923.668000
924.912000
926.155000
928.626000
929.869000
931.112000
932.356000
934.826000
936.070000
937.313000
938.556000
939.800000
941.027000
942.270000
943.514000
944.757000
945.984000
950.958000
954.671000
957.158000
958.385000
970.024000
972.511000
973.754000
978.711000
981.198000
982.425000
983.669000
984.912000
986.155000
988.626000
989.869000
991.113000
992.356000
993.599000
996.070000
997.313000
998.557000
999.784000
1001.027000
1005.984000
1007.228000
1008.471000
1009.715000
1010.958000
1012.185000
1014.672000
1017.159000
1018.385000
