1040.525000
1044.255000
1047.969000
1055.413000
1062.840000
1064.084000
1074.015000
1104.255000
1109.213000
1115.413000
1122.841000
1126.571000
1129.041000
1134.015000
1141.443000
1142.686000
1143.929000
1164.256000
1171.683000
1172.926000
1175.413000
1177.884000
1179.127000
1195.242000
1196.486000
1198.972000
1200.216000
1201.443000
1205.173000
1206.400000
1218.055000
1223.012000
1225.483000
1231.683000
1239.127000
1241.614000
1242.841000
1254.015000
1263.930000
1289.213000
1292.927000
1294.170000
1295.414000
1300.371000
1311.529000
1315.242000
1318.973000
1339.282000
1341.753000
1350.440000
1354.154000
1365.312000
1372.756000
1381.443000
1398.039000
1406.726000
1421.598000
1432.756000
1437.713000
1443.914000
1462.996000
1475.398000
1482.842000
1484.085000
1492.756000
1493.999000
1502.687000
1520.526000
1526.727000
1527.954000
1529.197000
1545.312000
1549.042000
1551.513000
1566.401000
1579.283000
1581.753000
1584.240000
1587.954000
1597.885000
1600.355000
1604.085000
1609.043000
1611.513000
1614.000000
1615.243000
1617.714000
1638.040000
1646.727000
1650.441000
1651.684000
1656.642000
1661.599000
1671.513000
1676.487000
1699.283000
1701.754000
1706.727000
1707.954000
1710.441000
1715.398000
1716.642000
1724.086000
1737.714000
1740.201000
