1768.521000
1769.764000
1771.007000
1772.251000
1773.494000
1775.965000
1778.452000
1779.695000
1780.922000
1782.165000
1783.409000
1784.652000
1785.896000
1787.122000
1789.609000
1790.853000
1794.567000
1795.810000
1799.524000
1802.011000
1803.254000
1804.481000
1805.724000
1806.968000
1809.455000
1813.168000
1814.412000
1826.050000
1827.294000
1828.521000
1829.764000
1831.008000
1832.251000
1833.495000
1834.721000
1835.965000
1837.208000
1838.452000
1839.695000
1842.165000
1843.409000
1844.652000
1845.896000
1848.366000
1852.080000
1855.810000
1857.054000
1859.524000
1860.767000
1862.011000
1863.254000
1864.481000
1865.725000
1868.211000
1869.455000
1870.682000
1871.925000
1873.169000
1874.412000
1886.051000
1887.294000
1888.521000
1889.764000
1892.251000
1893.495000
1894.722000
1895.965000
1897.208000
1898.452000
1900.922000
1902.166000
1905.896000
1907.123000
1908.366000
1909.610000
1912.080000
1913.323000
1914.567000
1915.810000
1917.054000
1918.281000
1920.768000
1923.254000
1925.725000
1926.968000
1928.212000
1929.455000
1930.682000
1931.925000
1933.169000
1946.051000
1947.294000
1948.521000
1949.765000
1951.008000
1952.251000
1953.495000
1954.722000
1955.965000
1957.209000
1958.452000
1959.695000
1962.166000
1963.409000
1964.653000
1965.880000
1968.366000
1969.610000
1970.853000
1972.080000
1973.324000
1975.810000
1977.054000
1978.281000
1979.524000
1984.481000
1985.725000
1986.968000
1988.212000
1989.455000
1990.682000
1991.925000
1993.169000
1994.412000
2006.051000
2007.294000
2008.521000
2009.765000
2011.008000
2012.252000
2013.495000
2014.722000
2015.965000
2018.452000
2019.696000
2020.922000
2022.166000
2023.409000
2029.610000
2030.853000
2033.324000
2034.567000
2035.811000
2038.281000
2040.768000
2042.011000
2043.255000
2044.482000
2045.725000
2046.968000
2048.212000
2049.455000
2053.169000
2054.412000
2066.051000
2068.521000
2071.008000
2072.252000
2073.495000
2074.722000
2075.965000
2077.209000
2078.452000
2079.696000
2082.166000
2083.410000
2084.653000
2085.880000
2087.123000
2088.367000
2089.610000
2092.080000
2093.324000
2099.525000
2102.011000
2103.255000
2104.482000
2106.969000
2108.212000
2109.455000
2110.682000
2113.169000
2127.278000
2128.522000
2129.765000
2133.479000
2135.966000
2139.679000
2140.923000
2142.166000
2143.393000
2145.880000
2148.367000
2149.594000
2150.837000
2152.081000
2153.324000
2155.794000
2157.038000
2160.752000
2161.995000
2163.238000
2164.482000
2168.196000
2169.439000
2171.926000
2173.153000
2186.035000
2187.278000
2190.992000
2192.235000
2194.722000
2195.966000
2197.193000
2198.436000
2199.680000
2200.923000
2203.393000
2205.880000
2208.367000
2209.594000
2210.837000
2212.081000
2213.324000
2215.795000
2218.281000
2219.525000
2220.752000
2221.995000
2223.239000
2224.482000
2228.196000
2230.683000
2231.926000
2233.153000
2246.035000
2247.278000
2249.765000
2252.236000
2254.723000
2255.966000
2258.436000
2260.923000
2262.167000
2265.880000
2269.594000
2270.838000
2272.081000
2273.324000
2274.568000
2275.795000
2277.038000
2278.282000
2279.525000
2280.752000
2281.995000
2288.196000
2289.439000
2290.683000
2293.153000
2294.397000
2306.035000
2307.279000
2309.766000
2310.992000
2313.479000
2317.193000
2318.436000
2319.680000
2320.923000
2324.637000
2325.880000
2327.124000
2328.367000
2329.594000
2330.838000
2332.081000
2333.325000
2335.795000
2337.038000
2340.752000
2341.995000
2344.482000
2348.196000
2349.440000
2350.683000
2351.926000
2366.035000
2367.279000
2369.766000
2370.993000
2372.236000
2373.479000
2374.723000
2375.966000
2378.437000
2379.680000
2383.394000
2384.637000
2385.881000
2387.124000
2388.368000
2389.594000
2390.838000
2392.081000
2393.325000
2395.795000
2397.038000
2398.282000
2399.525000
2400.752000
2401.996000
2403.239000
2404.483000
2405.726000
2406.953000
2408.196000
2409.440000
2410.683000
2411.927000
2413.153000
2414.397000
2426.036000
2427.279000
2428.522000
2430.993000
2432.236000
2433.480000
2434.723000
2435.966000
2437.193000
2438.437000
2440.924000
2442.167000
2444.637000
2447.124000
2449.595000
2450.838000
2453.325000
2454.552000
2455.795000
2457.039000
2458.282000
2459.526000
2460.752000
2461.996000
2463.239000
2464.483000
2465.726000
2466.953000
2468.196000
2470.683000
2471.927000
