311.282000
313.752000
319.953000
332.354000
336.085000
342.285000
344.755000
348.486000
349.713000
350.956000
358.400000
372.526000
374.996000
377.483000
389.884000
391.128000
410.956000
413.443000
437.483000
448.641000
456.085000
464.756000
465.999000
474.687000
490.039000
498.727000
502.440000
506.154000
507.398000
509.884000
512.355000
518.555000
523.513000
533.443000
537.157000
550.039000
552.526000
553.753000
564.927000
568.641000
569.885000
576.085000
582.286000
594.687000
613.753000
619.954000
631.112000
637.312000
644.756000
647.243000
653.444000
681.197000
684.911000
686.155000
704.756000
708.470000
710.957000
717.158000
731.267000
733.753000
737.467000
753.599000
757.313000
767.227000
775.914000
796.224000
798.711000
802.425000
804.911000
814.826000
824.757000
834.671000
859.954000
872.356000
878.556000
887.227000
888.471000
889.714000
890.958000
911.267000
927.399000
933.599000
947.227000
949.714000
952.185000
953.428000
955.915000
971.267000
974.998000
976.224000
977.468000
979.955000
1002.270000
1004.757000
1013.428000
