310.652000
311.282000
311.895000
312.525000
313.139000
313.752000
314.382000
315.626000
316.239000
316.853000
317.483000
318.096000
318.726000
319.340000
319.953000
320.583000
321.196000
321.826000
322.440000
323.683000
324.297000
324.927000
325.540000
326.154000
326.784000
327.397000
328.027000
328.640000
329.254000
329.884000
330.497000
331.127000
332.354000
332.984000
333.598000
334.228000
334.841000
335.455000
336.085000
336.698000
337.328000
337.941000
338.555000
339.185000
339.798000
340.412000
341.042000
341.655000
342.285000
342.899000
343.512000
344.142000
344.755000
345.385000
345.999000
346.612000
347.242000
347.856000
348.486000
349.099000
349.713000
350.343000
350.956000
351.586000
352.200000
352.813000
353.443000
354.056000
354.686000
355.300000
355.913000
356.543000
357.157000
358.400000
369.425000
370.039000
370.652000
371.282000
371.896000
372.526000
373.139000
373.753000
374.383000
374.996000
375.626000
376.239000
376.853000
377.483000
378.096000
378.726000
379.340000
379.953000
380.583000
381.197000
381.827000
382.440000
383.053000
384.297000
384.927000
385.540000
386.154000
386.784000
387.397000
388.027000
388.641000
389.254000
389.884000
390.498000
391.128000
391.741000
392.354000
392.984000
393.598000
394.228000
394.841000
395.455000
396.698000
397.312000
397.942000
398.555000
399.185000
400.412000
401.042000
401.655000
402.285000
402.899000
403.512000
404.142000
404.756000
405.386000
405.999000
406.612000
407.243000
407.856000
408.486000
409.099000
409.713000
410.343000
410.956000
411.586000
412.200000
412.813000
413.443000
414.057000
414.687000
415.300000
415.913000
416.543000
417.157000
417.787000
418.400000
429.426000
430.039000
430.652000
431.282000
431.896000
432.526000
433.139000
433.753000
434.383000
434.996000
435.626000
436.240000
437.483000
438.096000
438.726000
439.340000
439.953000
440.583000
441.197000
441.827000
442.440000
443.054000
443.684000
444.297000
444.927000
445.540000
446.154000
446.784000
447.397000
448.027000
448.641000
449.254000
450.498000
451.128000
451.741000
452.355000
452.985000
453.598000
454.228000
454.841000
455.455000
456.085000
456.698000
457.312000
457.942000
458.555000
459.185000
459.799000
460.412000
461.042000
461.655000
462.286000
462.899000
463.512000
464.142000
464.756000
465.386000
465.999000
466.613000
467.243000
467.856000
468.486000
469.100000
469.713000
470.343000
470.956000
471.586000
472.813000
473.443000
474.057000
474.687000
475.300000
475.914000
476.544000
477.157000
477.787000
478.401000
489.426000
490.039000
490.653000
491.283000
491.896000
492.526000
493.139000
493.753000
494.383000
494.996000
495.626000
496.240000
496.853000
497.483000
498.097000
498.727000
499.340000
499.953000
500.583000
501.197000
501.827000
502.440000
503.054000
503.684000
504.297000
506.154000
506.784000
507.398000
508.028000
508.641000
509.254000
509.884000
510.498000
511.128000
511.741000
512.355000
512.985000
513.598000
514.212000
514.842000
515.455000
516.085000
516.698000
517.312000
518.555000
519.185000
519.799000
520.412000
521.042000
521.656000
522.899000
523.513000
524.143000
524.756000
525.386000
525.999000
527.243000
527.856000
528.486000
529.100000
529.713000
530.343000
530.957000
531.587000
532.200000
532.813000
533.443000
534.057000
534.687000
535.300000
535.914000
536.544000
537.157000
537.787000
538.401000
549.426000
550.039000
550.653000
551.283000
551.896000
552.526000
553.140000
553.753000
554.383000
554.996000
555.626000
556.240000
556.853000
557.483000
558.097000
558.727000
559.340000
559.954000
560.584000
561.197000
561.827000
562.441000
563.054000
563.684000
564.297000
564.927000
565.541000
566.154000
566.784000
567.398000
568.028000
568.641000
569.255000
569.885000
570.498000
571.128000
571.741000
572.355000
572.985000
573.598000
574.212000
574.842000
575.455000
576.085000
576.699000
577.312000
577.942000
578.556000
579.186000
579.799000
580.412000
581.042000
581.656000
582.286000
584.143000
584.756000
585.386000
586.000000
586.613000
587.243000
587.856000
588.486000
589.100000
589.713000
590.343000
590.957000
591.587000
592.200000
592.814000
593.444000
594.057000
594.687000
595.301000
595.914000
596.544000
597.787000
598.401000
609.426000
610.039000
610.653000
613.753000
614.383000
614.997000
615.627000
616.240000
616.853000
617.483000
618.727000
619.340000
619.954000
620.584000
621.197000
621.827000
622.441000
623.054000
623.684000
624.298000
624.928000
625.541000
626.154000
626.784000
627.398000
628.028000
628.641000
629.255000
629.885000
630.498000
631.112000
631.742000
632.355000
632.985000
634.842000
635.455000
636.085000
636.699000
637.312000
637.942000
638.556000
639.186000
639.799000
640.413000
641.043000
641.656000
642.286000
642.899000
643.513000
644.143000
644.756000
645.386000
646.000000
646.613000
647.243000
647.857000
648.487000
649.100000
649.713000
650.343000
650.957000
651.587000
652.200000
652.814000
653.444000
654.057000
654.687000
655.301000
656.544000
657.158000
657.788000
669.410000
670.040000
670.653000
671.266000
672.510000
673.140000
673.753000
674.367000
674.997000
675.610000
676.224000
676.854000
677.467000
678.097000
678.711000
679.324000
679.954000
680.567000
681.197000
681.811000
682.424000
683.054000
683.668000
684.298000
684.911000
685.525000
686.155000
686.768000
687.398000
688.011000
688.625000
689.255000
689.868000
690.498000
691.112000
691.725000
692.355000
692.969000
693.599000
694.212000
694.826000
697.926000
699.169000
699.799000
700.413000
701.026000
701.656000
702.270000
702.900000
703.513000
704.126000
704.756000
705.370000
706.000000
706.613000
707.227000
708.470000
709.084000
709.714000
710.327000
710.957000
711.570000
712.184000
714.057000
714.671000
715.284000
715.914000
716.528000
717.158000
717.771000
718.385000
729.410000
730.040000
731.267000
731.897000
732.510000
733.140000
733.753000
734.367000
734.997000
735.610000
736.224000
736.854000
737.467000
738.097000
738.711000
739.324000
739.954000
740.568000
741.198000
741.811000
743.054000
745.525000
746.155000
748.012000
748.625000
749.255000
749.868000
750.498000
751.112000
752.355000
752.969000
753.599000
754.212000
755.456000
756.069000
756.699000
757.313000
757.926000
758.556000
759.169000
759.799000
760.413000
761.026000
761.656000
762.270000
762.900000
763.513000
764.127000
764.757000
766.000000
766.613000
767.227000
767.857000
768.470000
769.084000
770.327000
770.957000
771.571000
772.184000
772.814000
773.428000
774.058000
775.284000
775.914000
776.528000
789.410000
790.040000
790.653000
791.267000
791.897000
792.510000
793.124000
793.754000
794.367000
794.997000
795.611000
796.224000
796.854000
798.097000
798.711000
799.324000
799.954000
800.568000
801.198000
802.425000
803.055000
803.668000
804.298000
804.911000
805.525000
806.155000
808.625000
809.255000
809.869000
810.499000
811.112000
811.726000
812.356000
812.969000
813.599000
814.212000
814.826000
815.456000
816.069000
816.699000
817.313000
817.926000
818.556000
819.170000
819.800000
820.413000
821.656000
822.270000
822.900000
823.513000
824.127000
824.757000
825.370000
825.984000
826.614000
827.227000
827.857000
828.471000
829.084000
829.714000
830.327000
830.957000
831.571000
832.184000
832.814000
833.428000
834.058000
834.671000
835.285000
835.915000
836.528000
837.158000
837.771000
838.385000
849.410000
850.023000
850.653000
851.267000
851.897000
852.510000
853.124000
853.754000
854.367000
854.997000
855.611000
856.224000
856.854000
857.468000
858.711000
859.324000
859.954000
860.568000
861.198000
861.811000
862.425000
863.055000
863.668000
864.298000
864.912000
865.525000
866.155000
868.012000
868.625000
869.255000
869.869000
870.499000
871.112000
872.356000
872.969000
873.599000
874.213000
874.826000
875.456000
876.069000
876.699000
877.313000
877.926000
878.556000
879.170000
879.800000
880.413000
881.027000
882.270000
882.883000
883.514000
884.127000
884.757000
885.370000
887.227000
887.857000
888.471000
889.084000
889.714000
890.328000
890.958000
891.571000
892.814000
893.428000
894.058000
894.671000
895.285000
895.915000
896.528000
897.158000
897.772000
898.385000
909.410000
910.024000
910.654000
911.267000
911.897000
912.511000
913.124000
913.754000
914.367000
914.997000
915.611000
916.224000
916.854000
918.711000
919.325000
919.955000
920.568000
921.198000
921.811000
922.425000
923.668000
924.298000
924.912000
925.525000
926.155000
926.769000
927.399000
928.012000
928.626000
929.256000
929.869000
930.499000
931.112000
931.726000
932.356000
932.969000
933.599000
934.213000
934.826000
936.070000
936.700000
937.313000
938.556000
939.170000
939.800000
940.413000
941.027000
941.657000
942.270000
942.884000
943.514000
944.127000
944.757000
945.371000
945.984000
946.614000
947.227000
947.857000
949.084000
949.714000
950.328000
950.958000
951.571000
952.185000
952.815000
953.428000
954.058000
954.671000
955.285000
955.915000
956.528000
957.158000
957.772000
958.385000
969.410000
970.024000
970.654000
971.267000
971.897000
972.511000
973.124000
973.754000
974.368000
974.998000
975.611000
976.224000
977.468000
978.711000
979.325000
979.955000
980.568000
981.198000
982.425000
983.669000
984.299000
984.912000
985.525000
986.155000
986.769000
988.626000
989.256000
989.869000
990.499000
991.113000
991.726000
992.356000
992.969000
993.599000
994.213000
995.456000
996.070000
996.700000
997.313000
997.927000
998.557000
999.170000
999.784000
1000.414000
1001.027000
1001.657000
1002.270000
1002.884000
1004.127000
1004.757000
1005.371000
1005.984000
1006.614000
1007.228000
1007.858000
1008.471000
1009.084000
1009.715000
1010.328000
1010.958000
1011.571000
1012.185000
1012.815000
1013.428000
1014.058000
1014.672000
1015.285000
1016.529000
1017.159000
1018.385000
