1038.668000
1039.911000
1041.155000
1042.382000
1043.625000
1044.869000
1046.112000
1047.356000
1048.582000
1051.069000
1052.313000
1053.540000
1054.783000
1056.026000
1057.270000
1058.513000
1059.740000
1060.984000
1062.227000
1063.471000
1064.714000
1065.941000
1068.428000
1069.671000
1070.915000
1072.141000
1073.385000
1075.872000
1077.115000
1078.342000
1079.586000
1080.829000
1082.072000
1084.543000
1085.786000
1097.425000
1098.668000
1099.912000
1101.155000
1102.382000
1103.625000
1104.869000
1106.112000
1107.356000
1109.826000
1111.069000
1112.313000
1113.540000
1114.783000
1116.027000
1117.270000
1118.513000
1119.740000
1120.984000
1122.227000
1123.471000
1124.714000
1125.941000
1127.184000
1128.428000
1129.671000
1130.915000
1132.142000
1133.385000
1134.628000
1135.872000
1137.115000
1138.342000
1139.586000
1140.829000
1142.073000
1143.316000
1144.543000
1145.786000
1157.425000
1158.668000
1159.912000
1161.155000
1163.626000
1164.869000
1166.112000
1167.356000
1169.826000
1171.070000
1172.313000
1173.540000
1174.783000
1176.027000
1177.270000
1178.514000
1180.984000
1182.227000
1183.471000
1184.714000
1185.941000
1187.185000
1190.915000
1192.142000
1193.385000
1194.629000
1195.872000
1197.116000
1198.342000
1199.586000
1200.829000
1202.073000
1203.300000
1204.543000
1205.786000
1217.425000
1218.669000
1219.912000
1222.382000
1223.626000
1224.869000
1227.356000
1228.583000
1229.826000
1231.070000
1232.313000
1233.540000
1234.784000
1237.270000
1238.514000
1239.741000
1240.984000
1242.228000
1243.471000
1244.714000
1245.941000
1247.185000
1248.428000
1252.142000
1253.385000
1254.629000
1255.872000
1257.116000
1258.343000
1259.586000
1260.829000
1262.073000
1263.300000
1264.543000
1265.787000
1278.669000
1279.912000
1281.156000
1282.382000
1283.626000
1284.869000
1286.113000
1287.340000
1289.826000
1291.070000
1292.313000
1293.540000
1296.027000
1297.271000
1298.514000
1299.741000
1300.984000
1302.228000
1303.471000
1304.715000
1305.941000
1307.185000
1308.428000
1309.672000
1310.915000
1312.142000
1313.386000
1314.629000
1315.872000
1317.116000
1318.343000
1319.586000
1320.830000
1322.073000
1323.300000
1324.543000
1337.425000
1339.896000
1341.139000
1342.383000
1343.626000
1344.853000
1346.096000
1347.340000
1348.583000
1349.827000
1351.054000
1352.297000
1353.540000
1354.784000
1356.027000
1357.254000
1358.498000
1360.984000
1362.228000
1364.698000
1365.942000
1368.412000
1369.655000
1370.899000
1372.142000
1373.386000
1374.613000
1377.099000
1378.343000
1379.586000
1380.813000
1382.057000
1383.300000
1384.544000
1385.787000
1397.426000
1398.652000
1401.139000
1402.383000
1403.626000
1404.853000
1406.096000
1407.340000
1409.827000
1411.054000
1412.297000
1413.541000
1414.784000
1416.027000
1417.254000
1418.498000
1419.741000
1420.985000
1422.228000
1423.455000
1424.698000
1425.942000
1427.185000
1428.412000
1429.656000
1430.899000
1432.142000
1433.386000
1434.613000
1435.856000
1437.100000
1438.343000
1440.813000
1442.057000
1443.300000
1445.787000
1457.426000
1458.653000
1459.896000
1461.139000
1462.383000
1463.626000
1464.853000
1466.097000
1467.340000
1468.584000
1469.827000
1472.297000
1473.541000
1476.028000
1477.254000
1478.498000
1479.741000
1480.985000
1482.212000
1483.455000
1484.699000
1485.942000
1487.185000
1488.412000
1489.656000
1490.899000
1492.143000
1493.386000
1494.613000
1495.856000
1497.100000
1500.814000
1502.057000
1503.300000
1505.787000
1517.426000
1518.653000
1519.896000
1521.140000
1522.383000
1523.627000
1524.853000
1526.097000
1527.340000
1528.584000
1529.827000
1531.054000
1532.297000
1533.541000
1534.784000
1536.028000
1537.255000
1538.498000
1539.742000
1540.985000
1542.212000
1543.455000
1544.699000
1545.942000
1547.186000
1548.412000
1549.656000
1552.143000
1553.386000
1554.613000
1555.856000
1557.100000
1558.343000
1559.587000
1560.814000
1562.057000
1563.301000
1564.544000
1565.787000
1577.426000
1578.653000
1579.896000
1581.140000
1582.383000
1583.627000
1584.854000
1586.097000
1587.340000
1588.584000
1589.827000
1591.054000
1592.298000
1593.541000
1594.784000
1596.028000
1597.255000
1598.498000
1599.742000
1600.985000
1602.212000
1603.455000
1604.699000
1605.942000
1607.186000
1608.413000
1609.656000
1610.899000
1612.143000
1613.386000
1614.613000
1615.857000
1617.100000
1618.344000
1619.587000
1620.814000
1622.057000
1623.301000
1624.544000
1625.788000
1637.426000
1638.653000
1641.140000
1642.383000
1644.854000
1647.341000
1648.584000
1649.827000
1651.054000
1652.298000
1653.541000
1654.785000
1656.012000
1657.255000
1659.742000
1662.212000
1663.456000
1664.699000
1667.186000
1668.413000
1669.656000
1670.900000
1672.143000
1673.387000
1674.613000
1675.857000
1677.100000
1678.344000
1679.587000
1680.814000
1682.057000
1683.301000
1684.544000
1697.426000
1698.653000
1699.897000
1701.140000
1702.384000
1703.627000
1704.854000
1706.097000
1707.341000
1708.584000
1709.828000
1711.054000
1712.298000
1713.541000
1714.785000
1716.012000
1717.255000
1718.499000
1719.742000
1720.985000
1722.212000
1724.699000
1725.943000
1727.186000
1728.413000
1729.656000
1730.900000
1732.143000
1733.387000
1734.614000
1735.857000
1737.100000
1738.344000
1739.587000
1740.814000
1742.058000
1743.301000
1745.788000
