9.424000
10.038000
10.668000
11.281000
11.895000
12.525000
13.138000
13.752000
14.382000
14.995000
15.625000
16.238000
16.852000
17.482000
18.095000
18.725000
19.339000
19.952000
20.582000
21.196000
21.826000
22.439000
23.052000
24.296000
24.926000
25.539000
26.153000
26.783000
27.396000
28.026000
28.640000
29.253000
29.883000
30.497000
31.127000
31.740000
32.353000
32.983000
33.597000
34.227000
34.840000
35.454000
36.084000
36.697000
37.327000
37.941000
38.554000
39.184000
39.797000
40.427000
41.041000
41.654000
42.284000
42.898000
43.528000
44.141000
44.755000
45.385000
45.998000
46.612000
47.242000
47.855000
48.485000
49.098000
49.712000
50.342000
50.955000
51.585000
52.199000
52.812000
53.442000
54.056000
54.686000
55.299000
55.912000
56.542000
57.156000
57.786000
58.399000
69.425000
70.668000
71.281000
71.895000
72.525000
73.138000
73.752000
74.382000
74.995000
75.625000
76.239000
76.852000
77.482000
78.095000
78.725000
79.339000
79.952000
80.582000
81.196000
81.826000
82.439000
83.053000
83.683000
84.296000
84.926000
85.540000
86.153000
86.783000
87.396000
88.026000
88.640000
89.253000
89.883000
90.497000
91.127000
91.740000
92.354000
92.984000
93.597000
94.227000
94.840000
95.454000
96.084000
96.697000
97.327000
97.941000
98.554000
99.184000
99.798000
100.428000
101.041000
101.655000
102.285000
102.898000
103.528000
104.141000
104.755000
105.385000
105.998000
106.612000
107.242000
107.855000
108.485000
109.099000
109.712000
110.342000
111.585000
112.199000
112.812000
113.442000
114.056000
114.686000
115.299000
115.913000
116.543000
117.156000
117.786000
118.400000
129.425000
130.038000
130.652000
131.282000
131.895000
132.525000
133.752000
134.382000
134.995000
135.625000
136.239000
136.852000
137.482000
138.096000
138.726000
139.339000
139.952000
140.582000
141.196000
141.826000
142.439000
143.053000
143.683000
144.296000
145.540000
146.153000
146.783000
147.397000
148.640000
149.253000
149.883000
150.497000
151.127000
151.740000
152.354000
152.984000
153.597000
154.227000
154.841000
155.454000
156.697000
157.328000
157.941000
158.554000
159.184000
160.428000
161.041000
161.655000
162.285000
163.512000
164.142000
164.755000
165.385000
165.998000
166.612000
167.855000
169.099000
170.342000
170.956000
171.586000
172.199000
172.812000
173.442000
174.056000
174.686000
175.299000
175.913000
176.543000
177.156000
177.786000
178.400000
189.425000
191.282000
191.895000
192.525000
193.139000
193.752000
194.382000
194.995000
195.625000
196.239000
196.852000
197.482000
198.096000
198.726000
199.339000
200.583000
201.196000
201.826000
202.440000
203.053000
203.683000
204.296000
204.926000
205.540000
206.153000
206.783000
207.397000
208.027000
208.640000
209.254000
209.884000
210.497000
211.127000
212.354000
212.984000
213.597000
214.227000
214.841000
215.454000
216.084000
216.698000
217.328000
217.941000
218.555000
219.185000
219.798000
220.428000
221.041000
221.655000
222.285000
222.898000
223.512000
224.142000
224.755000
225.385000
225.999000
226.612000
227.242000
227.855000
228.485000
229.099000
229.712000
230.956000
231.586000
232.199000
232.813000
233.443000
234.056000
234.686000
235.300000
235.913000
237.156000
237.786000
238.400000
249.425000
250.038000
250.652000
251.282000
251.895000
252.525000
253.139000
253.752000
254.382000
254.996000
255.626000
256.239000
256.852000
257.483000
258.096000
258.726000
259.339000
259.953000
260.583000
261.196000
261.826000
262.440000
263.053000
263.683000
264.297000
264.927000
265.540000
266.153000
266.783000
267.397000
268.027000
269.254000
269.884000
270.497000
271.127000
275.454000
276.084000
276.698000
277.328000
277.941000
278.555000
279.185000
279.798000
280.412000
281.042000
281.655000
282.285000
283.512000
284.755000
285.385000
285.999000
286.612000
287.242000
287.856000
288.486000
289.099000
289.712000
291.586000
292.199000
292.813000
294.056000
294.686000
295.300000
295.913000
296.543000
297.157000
297.787000
298.400000
