311.284000
312.528000
313.771000
316.242000
319.972000
321.215000
322.442000
323.686000
324.929000
326.173000
327.416000
329.886000
333.617000
334.843000
337.330000
338.574000
339.801000
341.044000
344.774000
346.001000
347.245000
349.732000
350.975000
352.202000
353.445000
354.689000
355.932000
357.176000
358.403000
370.041000
371.285000
372.528000
373.755000
374.998000
377.485000
378.729000
379.955000
382.442000
383.686000
386.156000
387.400000
388.643000
389.886000
391.113000
397.314000
398.557000
399.801000
401.044000
402.288000
403.515000
404.758000
406.001000
407.245000
409.715000
410.959000
412.202000
413.445000
414.689000
415.916000
417.159000
418.403000
431.285000
432.528000
436.242000
437.485000
441.199000
442.443000
443.686000
444.913000
446.156000
447.400000
448.643000
449.887000
452.357000
453.600000
454.844000
457.314000
458.558000
461.044000
462.288000
463.515000
466.002000
468.488000
469.715000
473.446000
474.672000
477.159000
490.041000
491.285000
493.755000
496.242000
498.729000
499.956000
501.199000
503.686000
504.913000
506.156000
508.643000
512.357000
514.844000
516.087000
519.801000
521.045000
522.288000
526.002000
527.245000
528.489000
530.959000
533.446000
534.673000
552.528000
553.755000
554.999000
556.242000
557.486000
558.713000
562.443000
563.686000
564.913000
566.157000
571.114000
572.357000
573.601000
574.844000
576.088000
578.558000
579.801000
581.045000
582.288000
584.759000
586.002000
587.245000
588.489000
589.716000
590.959000
592.203000
593.446000
594.673000
597.160000
610.042000
612.529000
614.999000
616.242000
619.956000
622.443000
623.686000
624.913000
627.400000
629.887000
633.601000
634.844000
636.088000
638.558000
641.045000
642.288000
643.515000
644.759000
646.002000
647.246000
648.489000
652.203000
653.446000
654.673000
657.160000
658.403000
670.042000
671.285000
673.756000
674.999000
676.243000
677.486000
678.713000
679.956000
681.200000
682.443000
683.687000
684.913000
686.157000
687.400000
691.114000
692.358000
694.844000
697.315000
698.558000
701.045000
704.759000
706.002000
707.246000
708.473000
709.716000
710.959000
712.203000
713.446000
715.917000
717.160000
718.403000
731.286000
732.529000
733.756000
734.999000
736.243000
739.956000
741.200000
742.443000
743.687000
744.914000
749.887000
751.114000
752.358000
753.601000
756.088000
759.802000
766.002000
767.246000
768.473000
770.960000
772.203000
775.917000
777.160000
778.404000
791.286000
792.513000
796.243000
798.713000
799.957000
801.200000
802.443000
803.687000
804.914000
807.401000
808.644000
812.358000
816.088000
818.559000
822.289000
823.516000
828.473000
829.716000
830.960000
832.203000
833.447000
834.673000
850.042000
851.286000
852.513000
853.756000
855.000000
857.486000
859.957000
861.200000
863.687000
867.401000
868.644000
869.888000
871.115000
872.358000
874.845000
876.088000
877.315000
882.289000
886.003000
887.246000
890.960000
892.203000
893.447000
894.674000
895.917000
910.043000
912.513000
913.756000
915.000000
916.243000
917.487000
918.713000
922.444000
923.687000
926.158000
929.888000
931.115000
933.602000
934.845000
936.088000
939.802000
942.273000
943.516000
944.759000
946.003000
948.473000
949.717000
953.447000
954.674000
957.161000
958.404000
972.513000
973.756000
975.000000
976.227000
978.714000
979.957000
981.201000
982.427000
983.671000
984.914000
992.358000
994.829000
996.072000
997.316000
998.559000
1002.273000
1004.760000
1007.230000
1008.473000
1012.187000
1013.431000
1014.674000
1015.917000
1017.161000
1018.388000
