311.284000
311.914000
312.528000
313.771000
314.385000
315.628000
316.242000
316.872000
317.485000
318.115000
319.342000
319.972000
320.585000
321.215000
321.829000
322.442000
323.072000
323.686000
324.316000
324.929000
325.542000
326.173000
326.786000
327.416000
328.029000
329.273000
329.886000
330.516000
331.743000
332.373000
333.617000
334.230000
334.843000
335.473000
336.087000
336.717000
337.330000
337.944000
338.574000
339.187000
339.801000
340.431000
341.044000
341.674000
342.901000
343.531000
344.144000
344.774000
346.001000
346.631000
347.245000
347.875000
348.488000
349.102000
349.732000
350.345000
350.975000
351.588000
352.202000
352.832000
353.445000
354.075000
354.689000
355.302000
355.932000
356.546000
357.176000
357.789000
358.403000
369.428000
370.041000
370.655000
371.285000
371.898000
372.528000
373.141000
373.755000
374.998000
375.628000
376.242000
376.855000
377.485000
378.099000
378.729000
379.342000
379.955000
381.199000
381.829000
382.442000
383.056000
383.686000
384.299000
384.913000
385.543000
386.156000
387.400000
388.013000
388.643000
389.256000
389.886000
390.500000
391.113000
391.743000
392.357000
393.600000
394.214000
395.457000
396.087000
396.700000
397.314000
397.944000
398.557000
399.187000
399.801000
400.414000
401.044000
401.658000
402.288000
402.901000
403.515000
404.145000
404.758000
405.388000
406.001000
406.615000
407.245000
407.858000
408.488000
409.102000
409.715000
410.345000
410.959000
411.589000
412.202000
412.815000
413.445000
414.059000
414.689000
415.302000
415.916000
417.159000
417.773000
418.403000
429.428000
430.655000
431.285000
431.898000
432.528000
433.142000
434.385000
435.628000
436.242000
436.855000
437.485000
438.729000
439.342000
439.956000
440.586000
441.199000
441.813000
442.443000
443.056000
443.686000
444.299000
444.913000
445.543000
446.156000
446.786000
447.400000
448.013000
448.643000
449.257000
449.887000
450.500000
451.113000
451.743000
452.357000
452.987000
453.600000
454.214000
454.844000
455.457000
456.087000
456.701000
457.314000
458.558000
459.188000
460.414000
461.044000
461.658000
462.288000
462.901000
463.515000
464.758000
465.388000
466.002000
466.615000
467.858000
468.488000
469.102000
469.715000
470.959000
471.589000
472.202000
472.816000
473.446000
474.059000
474.672000
475.303000
476.546000
477.159000
477.773000
489.428000
490.041000
490.655000
491.285000
493.142000
493.755000
494.385000
495.629000
496.242000
496.855000
497.485000
498.099000
498.729000
499.342000
499.956000
500.586000
501.199000
501.813000
502.443000
503.056000
503.686000
504.300000
504.913000
505.543000
506.156000
506.786000
507.400000
508.013000
508.643000
509.257000
509.887000
510.500000
511.114000
511.744000
512.357000
512.987000
514.214000
514.844000
515.457000
516.087000
516.701000
517.314000
517.944000
518.558000
519.188000
519.801000
520.415000
521.045000
521.658000
522.288000
526.002000
526.615000
527.245000
527.859000
528.489000
529.102000
530.345000
530.959000
531.589000
532.202000
532.816000
533.446000
534.059000
534.673000
535.916000
536.546000
537.160000
537.773000
538.403000
549.428000
550.042000
550.655000
551.898000
552.528000
553.142000
553.755000
554.385000
554.999000
555.629000
556.242000
556.856000
557.486000
558.099000
558.713000
559.343000
559.956000
560.586000
561.199000
561.813000
562.443000
563.056000
563.686000
564.300000
564.913000
565.543000
566.157000
566.787000
567.400000
568.013000
568.643000
569.257000
569.887000
570.500000
571.114000
571.744000
572.357000
572.987000
573.601000
574.214000
574.844000
575.458000
576.088000
576.701000
577.314000
577.944000
578.558000
579.188000
579.801000
581.045000
581.658000
582.288000
582.902000
584.145000
584.759000
585.388000
586.002000
586.615000
587.245000
588.489000
589.102000
589.716000
590.346000
590.959000
591.573000
592.203000
592.816000
593.446000
594.059000
594.673000
595.303000
595.916000
596.546000
597.160000
597.773000
598.403000
610.042000
610.655000
611.285000
611.899000
612.529000
613.142000
613.756000
614.999000
615.629000
616.242000
616.856000
617.486000
618.099000
618.713000
619.343000
619.956000
620.586000
621.200000
621.813000
622.443000
623.056000
623.686000
624.300000
624.913000
625.543000
626.787000
627.400000
628.014000
628.644000
629.257000
629.887000
630.501000
631.114000
632.987000
633.601000
634.214000
634.844000
635.458000
636.088000
636.701000
637.315000
637.945000
638.558000
639.188000
639.801000
640.415000
641.045000
641.658000
642.288000
642.902000
643.515000
644.145000
644.759000
645.389000
646.002000
646.615000
647.246000
647.859000
648.489000
649.102000
649.716000
650.346000
651.573000
652.203000
652.816000
653.446000
654.060000
654.673000
655.303000
656.546000
657.160000
657.773000
658.403000
669.428000
670.042000
670.655000
671.285000
671.899000
672.529000
673.142000
673.756000
674.386000
674.999000
675.613000
676.243000
676.856000
677.486000
678.099000
678.713000
679.343000
679.956000
680.586000
681.200000
681.813000
682.443000
683.057000
683.687000
684.300000
684.913000
686.157000
686.787000
687.400000
689.257000
691.114000
691.744000
692.358000
692.988000
693.601000
694.214000
694.844000
695.458000
696.701000
697.315000
697.945000
698.558000
699.188000
699.802000
700.415000
701.045000
701.658000
702.288000
702.902000
703.515000
704.145000
704.759000
705.389000
706.002000
706.616000
707.246000
707.859000
708.473000
709.103000
709.716000
710.346000
710.959000
711.573000
712.203000
712.816000
713.446000
714.060000
714.673000
715.303000
715.917000
717.160000
717.773000
718.403000
729.429000
730.042000
730.656000
731.286000
731.899000
732.529000
733.756000
734.386000
734.999000
735.613000
736.243000
736.856000
737.486000
738.100000
738.713000
739.956000
740.586000
741.200000
741.813000
742.443000
743.057000
743.687000
744.300000
744.914000
746.787000
747.401000
748.014000
748.644000
749.887000
750.501000
751.114000
751.744000
752.358000
752.988000
753.601000
754.215000
754.845000
756.088000
756.701000
757.315000
757.945000
758.558000
759.188000
759.802000
760.415000
761.045000
761.659000
762.289000
762.902000
763.516000
764.146000
764.759000
765.389000
766.002000
766.616000
767.246000
767.859000
768.473000
769.103000
769.716000
770.346000
770.960000
771.573000
772.203000
772.816000
774.060000
774.673000
775.303000
775.917000
776.547000
777.160000
777.774000
778.404000
789.429000
790.656000
791.286000
791.899000
792.513000
793.143000
793.756000
794.386000
794.999000
795.613000
796.243000
796.856000
798.100000
798.713000
799.343000
799.957000
800.587000
801.200000
801.813000
802.443000
803.057000
803.687000
804.300000
804.914000
805.544000
806.157000
806.787000
807.401000
808.014000
808.644000
809.888000
811.114000
811.744000
812.358000
812.988000
813.601000
814.215000
814.845000
815.458000
816.088000
816.702000
817.315000
817.945000
818.559000
819.188000
820.415000
822.289000
822.902000
823.516000
824.146000
824.759000
825.373000
826.616000
827.246000
827.859000
828.473000
829.103000
829.716000
830.346000
830.960000
831.573000
832.203000
832.817000
833.447000
834.060000
834.673000
835.303000
835.917000
836.547000
837.160000
837.774000
849.429000
850.042000
850.656000
851.286000
851.899000
852.513000
853.756000
854.386000
855.000000
855.613000
856.856000
857.486000
858.100000
858.713000
859.343000
859.957000
861.200000
861.814000
862.444000
863.687000
864.301000
864.914000
865.544000
866.157000
867.401000
868.014000
868.644000
869.258000
869.888000
870.501000
871.115000
871.745000
872.358000
873.601000
874.215000
874.845000
875.458000
876.088000
876.702000
877.315000
877.945000
878.559000
879.189000
880.416000
881.046000
882.289000
883.516000
884.146000
884.759000
885.373000
886.003000
886.616000
887.246000
888.473000
889.103000
889.716000
890.346000
890.960000
891.573000
892.203000
892.817000
893.447000
894.060000
894.674000
895.304000
895.917000
897.161000
897.774000
910.043000
910.656000
911.899000
912.513000
913.143000
913.756000
915.000000
915.613000
916.243000
916.857000
917.487000
918.100000
918.713000
919.344000
919.957000
920.587000
921.814000
922.444000
923.057000
923.687000
924.301000
925.544000
926.158000
926.788000
928.644000
929.258000
929.888000
930.501000
931.115000
931.745000
932.988000
933.602000
934.215000
934.845000
935.458000
936.088000
936.702000
937.315000
938.559000
939.802000
940.416000
941.659000
942.273000
942.903000
943.516000
944.146000
944.759000
945.373000
946.003000
946.616000
947.246000
947.860000
948.473000
949.103000
949.717000
950.347000
951.573000
952.817000
953.447000
954.674000
955.304000
955.917000
956.547000
957.161000
957.774000
958.404000
970.026000
970.656000
971.900000
972.513000
973.126000
973.756000
974.370000
975.000000
975.613000
976.227000
976.857000
977.470000
978.100000
978.714000
979.327000
979.957000
981.201000
981.814000
982.427000
983.057000
983.671000
984.301000
984.914000
985.528000
986.771000
987.385000
989.258000
990.485000
991.115000
991.728000
992.358000
992.972000
993.585000
994.215000
994.829000
995.459000
996.072000
996.686000
997.316000
998.559000
999.172000
999.786000
1000.416000
1001.029000
1001.659000
1002.273000
1002.886000
1003.516000
1004.130000
1004.760000
1005.373000
1005.986000
1006.616000
1007.230000
1007.860000
1008.473000
1009.087000
1010.330000
1010.960000
1011.574000
1012.187000
1012.817000
1013.431000
1014.061000
1014.674000
1015.287000
1015.917000
1016.531000
1017.161000
1017.774000
1018.388000
