1766.667000
1767.280000
1768.524000
1769.767000
1770.381000
1771.011000
1771.624000
1772.868000
1773.481000
1774.725000
1775.355000
1775.968000
1776.581000
1777.211000
1777.825000
1778.455000
1779.068000
1779.682000
1780.312000
1780.925000
1781.539000
1782.169000
1782.782000
1783.412000
1784.025000
1785.269000
1785.882000
1786.512000
1787.126000
1787.739000
1788.369000
1788.983000
1789.613000
1790.226000
1790.840000
1791.470000
1792.713000
1793.326000
1793.940000
1794.570000
1795.183000
1795.813000
1796.427000
1797.040000
1798.284000
1798.914000
1799.527000
1800.140000
1800.770000
1801.384000
1802.014000
1803.241000
1803.871000
1804.484000
1805.728000
1806.341000
1806.971000
1807.585000
1808.215000
1808.828000
1809.441000
1810.071000
1810.685000
1811.315000
1811.928000
1812.542000
1813.172000
1813.785000
1825.424000
1826.054000
1826.667000
1827.281000
1827.911000
1829.154000
1829.768000
1830.381000
1831.011000
1831.624000
1832.254000
1833.481000
1834.111000
1834.725000
1835.355000
1835.968000
1836.582000
1837.825000
1838.455000
1839.068000
1839.682000
1840.312000
1842.169000
1843.412000
1844.026000
1844.656000
1845.269000
1845.882000
1846.513000
1847.126000
1847.756000
1848.369000
1848.983000
1849.613000
1850.226000
1850.840000
1851.470000
1852.083000
1852.713000
1853.327000
1853.940000
1854.570000
1855.183000
1855.813000
1856.427000
1857.040000
1857.670000
1858.284000
1858.914000
1859.527000
1860.141000
1860.771000
1861.384000
1862.014000
1862.628000
1863.241000
1864.484000
1865.114000
1865.728000
1866.341000
1866.971000
1867.585000
1868.215000
1868.828000
1869.442000
1870.072000
1870.685000
1871.315000
1871.928000
1872.542000
1873.172000
1873.785000
1874.415000
1885.424000
1886.054000
1886.667000
1887.281000
1887.911000
1888.524000
1889.154000
1889.768000
1890.381000
1891.011000
1892.868000
1893.481000
1894.111000
1895.355000
1895.968000
1896.582000
1897.212000
1897.825000
1898.455000
1899.069000
1899.682000
1900.312000
1900.925000
1901.555000
1902.169000
1902.782000
1903.412000
1904.026000
1905.269000
1905.883000
1906.513000
1907.126000
1907.740000
1908.370000
1908.983000
1909.613000
1910.226000
1910.840000
1911.470000
1912.083000
1912.713000
1913.327000
1914.570000
1915.184000
1915.814000
1916.427000
1917.040000
1917.670000
1918.284000
1918.914000
1919.527000
1920.141000
1920.771000
1921.384000
1922.014000
1922.628000
1923.241000
1923.871000
1924.485000
1925.115000
1925.728000
1926.341000
1926.971000
1927.585000
1928.215000
1928.828000
1929.442000
1930.072000
1930.685000
1931.315000
1931.929000
1932.542000
1933.172000
1933.785000
1934.415000
1946.054000
1946.668000
1947.281000
1947.911000
1948.524000
1949.154000
1949.768000
1950.381000
1951.011000
1951.625000
1952.255000
1952.868000
1954.112000
1954.725000
1955.355000
1955.968000
1956.582000
1957.212000
1957.825000
1958.455000
1959.682000
1960.312000
1960.926000
1961.556000
1962.169000
1962.783000
1963.413000
1964.026000
1964.656000
1965.269000
1965.883000
1967.126000
1967.740000
1968.370000
1969.613000
1970.227000
1970.840000
1971.470000
1972.083000
1972.713000
1973.327000
1973.940000
1974.570000
1975.184000
1975.814000
1976.427000
1977.041000
1977.671000
1978.284000
1978.914000
1979.528000
1980.141000
1980.771000
1981.384000
1982.014000
1982.628000
1983.241000
1983.871000
1985.115000
1986.342000
1986.972000
1987.585000
1988.215000
1989.442000
1990.072000
1990.685000
1991.315000
1991.929000
1992.542000
1993.172000
1993.786000
1994.416000
2005.424000
2006.054000
2006.668000
2007.281000
2007.911000
2008.525000
2009.155000
2010.381000
2011.011000
2011.625000
2012.255000
2013.482000
2014.112000
2014.725000
2015.355000
2015.969000
2016.582000
2017.212000
2017.825000
2018.455000
2019.069000
2019.682000
2020.312000
2020.926000
2021.556000
2022.783000
2023.413000
2024.026000
2024.640000
2025.270000
2025.883000
2026.513000
2027.126000
2027.740000
2028.370000
2028.983000
2029.613000
2030.227000
2031.470000
2032.084000
2033.327000
2033.940000
2034.570000
2035.184000
2035.814000
2036.427000
2037.671000
2038.284000
2038.914000
2039.528000
2040.141000
2040.771000
2041.385000
2042.015000
2042.628000
2043.241000
2043.871000
2044.485000
2045.115000
2045.728000
2046.972000
2047.585000
2048.215000
2048.829000
2049.442000
2050.072000
2050.686000
2051.315000
2051.929000
2053.172000
2053.786000
2054.416000
2065.424000
2066.054000
2066.668000
2067.911000
2068.525000
2069.768000
2070.382000
2071.012000
2071.625000
2072.255000
2072.868000
2073.482000
2074.112000
2074.725000
2075.355000
2075.969000
2076.582000
2077.212000
2077.826000
2078.456000
2079.069000
2079.683000
2080.313000
2081.556000
2082.169000
2082.783000
2083.413000
2084.640000
2085.270000
2085.883000
2086.513000
2087.740000
2088.370000
2088.983000
2089.613000
2090.227000
2090.840000
2091.470000
2092.084000
2092.714000
2093.327000
2093.941000
2094.571000
2095.184000
2095.814000
2097.041000
2098.284000
2098.914000
2099.528000
2100.141000
2100.771000
2101.385000
2102.015000
2103.242000
2103.872000
2104.485000
2105.115000
2105.728000
2106.342000
2106.972000
2107.585000
2108.215000
2108.829000
2109.442000
2110.072000
2110.686000
2111.316000
2111.929000
2112.543000
2113.173000
2113.786000
2114.416000
2125.425000
2126.038000
2127.281000
2127.895000
2128.525000
2129.752000
2130.382000
2130.995000
2131.625000
2132.239000
2132.852000
2134.096000
2134.726000
2135.339000
2136.582000
2137.196000
2137.826000
2138.439000
2139.053000
2140.296000
2140.926000
2141.540000
2142.153000
2142.783000
2143.396000
2144.026000
2144.640000
2145.253000
2145.883000
2146.497000
2147.127000
2147.740000
2148.354000
2148.984000
2149.597000
2150.227000
2150.840000
2151.454000
2152.084000
2152.697000
2153.327000
2153.941000
2154.554000
2155.184000
2155.798000
2156.428000
2157.655000
2158.285000
2158.898000
2160.141000
2160.755000
2161.385000
2161.998000
2162.612000
2163.242000
2163.855000
2164.485000
2165.099000
2165.712000
2166.342000
2166.955000
2167.585000
2168.199000
2168.812000
2169.442000
2170.056000
2170.686000
2171.299000
2171.913000
2172.543000
2173.156000
2173.786000
2174.400000
2185.425000
2186.038000
2186.652000
2187.282000
2187.895000
2188.525000
2189.138000
2189.752000
2190.382000
2190.995000
2191.625000
2192.239000
2193.482000
2194.096000
2194.726000
2195.339000
2195.953000
2196.583000
2197.196000
2197.826000
2198.439000
2199.053000
2199.683000
2200.296000
2201.540000
2202.153000
2202.783000
2203.397000
2204.027000
2204.640000
2205.253000
2206.497000
2207.127000
2207.740000
2208.984000
2209.597000
2210.227000
2210.841000
2211.454000
2212.084000
2212.698000
2213.328000
2213.941000
2214.554000
2215.184000
2215.798000
2216.428000
2217.655000
2218.285000
2218.898000
2219.512000
2220.142000
2220.755000
2221.385000
2221.998000
2222.612000
2223.242000
2223.855000
2225.099000
2225.712000
2226.342000
2227.586000
2228.199000
2228.813000
2229.443000
2230.056000
2230.686000
2231.299000
2231.913000
2232.543000
2233.156000
2233.786000
2234.400000
2245.425000
2246.038000
2247.282000
2247.895000
2248.525000
2249.139000
2249.752000
2250.382000
2250.995000
2251.626000
2252.239000
2252.852000
2253.482000
2254.096000
2254.726000
2255.339000
2255.953000
2256.583000
2257.196000
2257.826000
2259.053000
2259.683000
2260.296000
2261.540000
2262.153000
2262.783000
2263.397000
2264.027000
2264.640000
2265.254000
2265.884000
2266.497000
2267.127000
2267.741000
2268.354000
2268.984000
2269.597000
2270.227000
2270.841000
2271.454000
2272.084000
2272.698000
2273.941000
2274.555000
2275.185000
2275.798000
2276.428000
2277.041000
2277.655000
2278.285000
2278.898000
2279.512000
2280.142000
2280.755000
2281.999000
2282.612000
2283.855000
2284.486000
2285.099000
2285.712000
2286.342000
2286.956000
2287.586000
2288.199000
2288.813000
2289.443000
2290.056000
2290.686000
2291.300000
2291.913000
2293.156000
2294.400000
2306.038000
2306.652000
2307.282000
2307.895000
2308.525000
2309.139000
2309.752000
2310.996000
2311.626000
2312.239000
2312.853000
2313.483000
2314.096000
2314.726000
2315.339000
2315.953000
2316.583000
2317.196000
2317.826000
2318.440000
2319.053000
2319.683000
2320.297000
2320.927000
2321.540000
2322.153000
2322.783000
2323.397000
2324.027000
2324.640000
2325.254000
2326.497000
2327.127000
2327.741000
2328.354000
2328.984000
2329.598000
2330.228000
2330.841000
2331.454000
2332.084000
2332.698000
2333.941000
2334.555000
2335.185000
2335.798000
2337.042000
2337.655000
2338.285000
2338.898000
2339.512000
2340.142000
2340.755000
2341.999000
2342.612000
2343.242000
2344.486000
2345.099000
2345.713000
2346.343000
2346.956000
2347.586000
2348.199000
2348.813000
2349.443000
2350.056000
2350.686000
2351.300000
2352.543000
2353.157000
2365.425000
2366.039000
2366.652000
2367.282000
2367.896000
2368.526000
2369.139000
2369.752000
2370.382000
2370.996000
2371.626000
2372.239000
2372.853000
2374.096000
2374.726000
2375.340000
2375.953000
2376.583000
2377.196000
2377.826000
2378.440000
2379.053000
2379.683000
2380.297000
2380.927000
2381.540000
2382.154000
2382.784000
2383.397000
2384.027000
2384.641000
2385.254000
2385.884000
2386.497000
2387.741000
2388.354000
2389.598000
2390.228000
2390.841000
2391.455000
2392.085000
2392.698000
2393.941000
2394.555000
2395.185000
2395.798000
2396.412000
2397.042000
2397.655000
2398.899000
2399.512000
2400.142000
2400.756000
2401.386000
2401.999000
2402.612000
2403.242000
2403.856000
2404.486000
2405.099000
2405.713000
2406.343000
2406.956000
2407.586000
2408.200000
2408.813000
2409.443000
2410.056000
2410.686000
2411.300000
2411.913000
2413.157000
2413.787000
2414.400000
2425.425000
2426.039000
2427.282000
2427.896000
2428.526000
2429.139000
2429.753000
2430.383000
2430.996000
2431.626000
2432.239000
2432.853000
2434.726000
2435.953000
2436.583000
2437.197000
2437.827000
2438.440000
2439.053000
2439.684000
2440.297000
2440.927000
2441.540000
2442.154000
2442.784000
2443.397000
2444.027000
2444.641000
2445.254000
2446.498000
2447.128000
2447.741000
2448.354000
2448.984000
2450.228000
2450.841000
2451.455000
2452.085000
2452.698000
2453.312000
2453.942000
2454.555000
2455.185000
2455.799000
2456.412000
2457.042000
2457.655000
2458.285000
2458.899000
2459.512000
2460.142000
2460.756000
2461.386000
2461.999000
2462.613000
2463.243000
2463.856000
2464.486000
2465.099000
2465.713000
2466.343000
2466.956000
2468.200000
2468.813000
2469.443000
2470.057000
2470.687000
2471.300000
2471.913000
2472.544000
2473.787000
2474.400000
