1038.669000
1039.912000
1041.156000
1042.399000
1043.642000
1044.869000
1046.113000
1047.356000
1048.600000
1049.843000
1051.070000
1052.313000
1053.557000
1054.800000
1056.044000
1057.271000
1058.514000
1059.757000
1061.001000
1062.228000
1063.471000
1064.715000
1067.201000
1068.428000
1069.672000
1072.159000
1073.402000
1074.629000
1075.872000
1078.359000
1079.603000
1080.830000
1082.073000
1083.316000
1084.560000
1085.803000
1097.425000
1098.669000
1099.912000
1101.156000
1102.383000
1103.626000
1104.869000
1106.113000
1107.340000
1108.583000
1109.827000
1111.070000
1112.314000
1113.540000
1114.784000
1116.027000
1118.514000
1119.741000
1120.984000
1122.228000
1123.471000
1124.715000
1125.942000
1127.185000
1128.429000
1129.672000
1130.915000
1132.142000
1133.386000
1134.629000
1135.873000
1137.116000
1138.343000
1139.586000
1140.830000
1142.073000
1143.300000
1145.787000
1157.426000
1158.669000
1159.912000
1161.156000
1162.383000
1163.626000
1164.870000
1166.113000
1167.340000
1168.583000
1169.827000
1172.314000
1173.541000
1174.784000
1176.027000
1177.271000
1178.514000
1179.741000
1180.985000
1182.228000
1183.471000
1184.715000
1185.942000
1187.185000
1188.429000
1189.672000
1190.916000
1192.142000
1193.386000
1197.100000
1199.586000
1200.830000
1202.073000
1203.300000
1204.544000
1205.787000
1217.426000
1218.669000
1219.913000
1221.156000
1222.383000
1223.626000
1224.870000
1226.113000
1227.340000
1228.584000
1229.827000
1231.070000
1233.541000
1234.784000
1236.028000
1237.271000
1238.514000
1239.741000
1240.985000
1242.228000
1243.472000
1244.715000
1247.185000
1248.429000
1249.672000
1250.916000
1252.143000
1253.386000
1254.629000
1255.873000
1259.587000
1260.830000
1262.074000
1263.300000
1264.544000
1265.787000
1277.426000
1278.669000
1281.140000
1282.383000
1283.627000
1284.870000
1286.113000
1287.340000
1288.584000
1289.827000
1291.071000
1292.314000
1293.541000
1294.784000
1296.028000
1297.271000
1298.515000
1299.741000
1300.985000
1302.228000
1303.472000
1304.715000
1305.942000
1307.186000
1308.429000
1309.672000
1310.916000
1312.143000
1313.386000
1314.630000
1315.873000
1318.343000
1319.587000
1320.830000
1322.074000
1323.301000
1324.544000
1325.787000
1337.426000
1338.669000
1339.913000
1341.140000
1342.383000
1343.627000
1344.870000
1346.114000
1348.584000
1349.827000
1351.071000
1352.314000
1353.541000
1354.784000
1356.028000
1358.515000
1359.742000
1360.985000
1363.472000
1364.715000
1365.942000
1367.186000
1368.429000
1369.673000
1370.916000
1372.143000
1373.386000
1374.630000
1375.873000
1377.100000
1378.344000
1379.587000
1380.830000
1382.074000
1383.301000
1384.544000
1385.788000
1397.426000
1399.913000
1401.140000
1402.383000
1403.627000
1404.870000
1406.114000
1408.584000
1409.827000
1411.071000
1412.314000
1413.541000
1414.785000
1417.272000
1420.985000
1423.472000
1424.716000
1425.942000
1427.186000
1428.429000
1430.900000
1432.143000
1433.387000
1434.630000
1435.873000
1437.100000
1438.344000
1439.587000
1440.831000
1442.074000
1443.301000
1444.544000
1445.788000
1457.426000
1458.670000
1459.913000
1462.384000
1463.627000
1464.870000
1466.114000
1467.341000
1468.584000
1471.071000
1472.314000
1473.541000
1474.785000
1476.028000
1477.272000
1479.742000
1480.985000
1482.229000
1483.472000
1484.716000
1485.943000
1487.186000
1488.429000
1489.673000
1492.143000
1493.387000
1494.630000
1495.874000
1497.100000
1498.344000
1499.587000
1500.831000
1502.074000
1503.301000
1504.544000
1505.788000
1517.427000
1519.913000
1521.140000
1522.384000
1524.871000
1526.114000
1527.341000
1528.584000
1529.828000
1531.071000
1532.315000
1533.542000
1536.028000
1537.272000
1538.515000
1539.742000
1540.986000
1542.229000
1543.472000
1544.716000
1545.943000
1547.186000
1548.430000
1550.900000
1552.143000
1553.387000
1555.874000
1557.101000
1558.344000
1559.587000
1560.831000
1562.074000
1563.301000
1564.545000
1565.788000
1577.427000
1578.670000
1579.914000
1581.157000
1582.384000
1583.627000
1584.871000
1586.114000
1587.341000
1588.584000
1589.828000
1591.071000
1592.315000
1593.542000
1594.785000
1596.029000
1597.272000
1598.515000
1599.742000
1600.986000
1602.229000
1603.473000
1604.716000
1605.943000
1607.186000
1608.430000
1610.917000
1612.144000
1614.630000
1615.874000
1617.101000
1618.344000
1619.588000
1620.831000
1622.075000
1623.301000
1624.545000
1625.788000
1638.670000
1639.914000
1641.141000
1642.384000
1643.627000
1644.871000
1646.114000
1647.341000
1648.585000
1651.072000
1652.315000
1653.542000
1654.785000
1656.029000
1657.272000
1659.742000
1660.986000
1662.229000
1663.473000
1664.716000
1665.943000
1667.187000
1668.430000
1669.673000
1670.917000
1672.144000
1673.387000
1674.631000
1675.874000
1677.101000
1678.344000
1679.588000
1680.831000
1682.075000
1683.302000
1684.545000
1685.788000
1697.427000
1698.654000
1699.897000
1701.141000
1703.628000
1704.854000
1706.098000
1707.341000
1708.585000
1709.828000
1711.055000
1712.299000
1713.542000
1714.785000
1717.256000
1718.499000
1719.743000
1720.986000
1722.213000
1723.456000
1724.700000
1725.943000
1729.657000
1730.900000
1732.144000
1733.387000
1734.614000
1735.858000
1737.101000
1738.345000
1739.588000
1740.815000
1742.058000
1743.302000
1744.545000
1745.789000
