311.914000
314.385000
315.628000
316.872000
318.115000
319.342000
320.585000
321.829000
323.072000
324.316000
325.542000
326.786000
328.029000
329.273000
330.516000
331.743000
334.230000
335.473000
336.717000
337.944000
339.187000
340.431000
341.674000
342.901000
344.144000
346.631000
347.875000
349.102000
350.345000
351.588000
352.832000
354.075000
355.302000
356.546000
357.789000
369.428000
370.655000
371.898000
373.141000
375.628000
376.855000
378.099000
379.342000
381.829000
383.056000
384.299000
385.543000
388.013000
389.256000
390.500000
391.743000
394.214000
395.457000
396.700000
397.944000
399.187000
400.414000
401.658000
402.901000
404.145000
405.388000
406.615000
407.858000
409.102000
410.345000
411.589000
412.815000
414.059000
415.302000
417.773000
429.428000
430.655000
431.898000
433.142000
434.385000
435.628000
436.855000
439.342000
440.586000
441.813000
443.056000
444.299000
445.543000
446.786000
448.013000
449.257000
450.500000
451.743000
452.987000
454.214000
455.457000
456.701000
459.188000
460.414000
461.658000
462.901000
465.388000
466.615000
467.858000
469.102000
471.589000
472.816000
474.059000
475.303000
476.546000
477.773000
489.428000
490.655000
493.142000
494.385000
495.629000
496.855000
498.099000
499.342000
500.586000
501.813000
503.056000
504.300000
505.543000
506.786000
508.013000
509.257000
510.500000
511.744000
512.987000
514.214000
515.457000
516.701000
517.944000
519.188000
520.415000
521.658000
526.615000
527.859000
529.102000
530.345000
531.589000
532.816000
534.059000
536.546000
537.773000
549.428000
550.655000
551.898000
553.142000
554.385000
555.629000
556.856000
558.099000
559.343000
560.586000
561.813000
563.056000
564.300000
565.543000
566.787000
568.013000
569.257000
570.500000
571.744000
572.987000
574.214000
575.458000
576.701000
577.944000
579.188000
581.658000
582.902000
584.145000
585.388000
586.615000
589.102000
590.346000
591.573000
592.816000
594.059000
595.303000
596.546000
597.773000
610.655000
611.899000
613.142000
615.629000
616.856000
618.099000
619.343000
620.586000
621.813000
623.056000
624.300000
625.543000
626.787000
628.014000
629.257000
630.501000
632.987000
634.214000
635.458000
636.701000
637.945000
639.188000
640.415000
641.658000
642.902000
644.145000
645.389000
646.615000
647.859000
649.102000
650.346000
651.573000
652.816000
654.060000
655.303000
656.546000
657.773000
669.428000
670.655000
671.899000
673.142000
674.386000
675.613000
676.856000
678.099000
679.343000
680.586000
681.813000
683.057000
684.300000
686.787000
689.257000
691.744000
692.988000
694.214000
695.458000
696.701000
697.945000
699.188000
700.415000
701.658000
702.902000
704.145000
705.389000
706.616000
707.859000
709.103000
710.346000
711.573000
712.816000
714.060000
715.303000
717.773000
729.429000
730.656000
731.899000
734.386000
735.613000
736.856000
738.100000
740.586000
741.813000
743.057000
744.300000
746.787000
748.014000
750.501000
751.744000
752.988000
754.215000
756.701000
757.945000
759.188000
760.415000
761.659000
762.902000
764.146000
765.389000
766.616000
767.859000
769.103000
770.346000
771.573000
772.816000
774.060000
775.303000
776.547000
777.774000
789.429000
790.656000
791.899000
793.143000
794.386000
795.613000
796.856000
798.100000
799.343000
800.587000
801.813000
803.057000
804.300000
805.544000
806.787000
808.014000
811.744000
812.988000
814.215000
815.458000
816.702000
817.945000
819.188000
820.415000
822.902000
824.146000
825.373000
826.616000
827.859000
829.103000
830.346000
831.573000
832.817000
834.060000
835.303000
836.547000
837.774000
849.429000
850.656000
851.899000
854.386000
855.613000
856.856000
858.100000
859.343000
861.814000
864.301000
865.544000
868.014000
869.258000
870.501000
871.745000
874.215000
875.458000
876.702000
877.945000
879.189000
880.416000
884.146000
885.373000
886.616000
889.103000
890.346000
891.573000
892.817000
894.060000
895.304000
897.774000
910.656000
911.899000
913.143000
915.613000
916.857000
918.100000
919.344000
920.587000
921.814000
923.057000
924.301000
925.544000
926.788000
929.258000
930.501000
931.745000
932.988000
934.215000
935.458000
936.702000
940.416000
941.659000
942.903000
944.146000
945.373000
946.616000
947.860000
949.103000
950.347000
951.573000
952.817000
955.304000
956.547000
957.774000
970.656000
971.900000
973.126000
974.370000
975.613000
976.857000
978.100000
979.327000
981.814000
983.057000
984.301000
985.528000
986.771000
989.258000
990.485000
991.728000
992.972000
994.215000
995.459000
996.686000
999.172000
1000.416000
1001.659000
1002.886000
1004.130000
1005.373000
1006.616000
1007.860000
1009.087000
1010.330000
1011.574000
1012.817000
1014.061000
1015.287000
1016.531000
1017.774000
