9.427000
10.040000
10.670000
11.284000
11.914000
12.527000
13.140000
13.770000
14.384000
15.014000
15.627000
16.241000
16.871000
17.484000
18.114000
18.728000
19.341000
19.971000
21.214000
21.828000
22.441000
23.071000
23.685000
24.315000
24.928000
25.542000
26.172000
26.785000
27.415000
28.029000
28.642000
29.272000
29.885000
30.515000
31.129000
31.742000
32.372000
32.986000
33.616000
34.229000
34.843000
35.473000
36.086000
36.699000
37.330000
37.943000
38.573000
39.800000
40.430000
41.043000
42.287000
42.900000
43.530000
44.144000
44.774000
45.387000
46.000000
46.630000
47.244000
47.874000
48.487000
49.101000
49.731000
50.344000
50.974000
52.201000
52.831000
53.444000
54.688000
55.301000
55.931000
56.545000
57.788000
58.402000
69.427000
70.040000
70.670000
71.284000
71.914000
72.527000
73.141000
73.771000
74.384000
75.014000
76.241000
77.484000
78.114000
78.728000
79.341000
79.971000
80.585000
81.828000
82.442000
83.072000
83.685000
84.315000
84.928000
85.542000
86.172000
86.785000
87.415000
88.029000
88.642000
89.272000
89.886000
90.516000
91.129000
91.742000
92.372000
92.986000
93.616000
94.229000
94.843000
95.473000
96.086000
96.700000
97.330000
97.943000
98.573000
99.187000
99.800000
100.430000
101.043000
101.673000
102.287000
102.900000
104.144000
104.774000
105.387000
106.001000
106.631000
107.244000
107.874000
108.487000
109.101000
109.731000
110.344000
110.974000
111.588000
112.201000
113.445000
114.075000
115.302000
115.932000
116.545000
117.175000
117.788000
118.402000
129.427000
130.040000
130.670000
131.284000
132.527000
133.141000
133.771000
134.384000
135.014000
135.628000
136.241000
136.871000
137.485000
138.115000
138.728000
139.341000
139.971000
140.585000
141.215000
142.442000
143.072000
143.685000
144.315000
144.929000
145.542000
146.172000
146.785000
147.415000
148.029000
148.642000
149.886000
150.516000
151.129000
151.743000
152.373000
152.986000
153.599000
154.230000
154.843000
155.473000
156.086000
156.700000
157.330000
158.573000
159.187000
159.800000
161.044000
161.674000
162.287000
162.900000
163.530000
164.144000
164.774000
165.387000
166.001000
166.631000
167.244000
167.874000
168.488000
169.101000
169.731000
170.345000
170.975000
172.201000
172.831000
173.445000
174.075000
174.688000
175.302000
175.932000
176.545000
177.175000
177.789000
178.402000
189.427000
190.041000
190.671000
191.284000
191.914000
192.527000
193.141000
193.771000
195.014000
195.628000
196.241000
196.871000
197.485000
198.115000
198.728000
199.342000
199.972000
200.585000
201.215000
201.828000
202.442000
203.685000
204.315000
204.929000
205.542000
206.786000
207.416000
208.029000
208.642000
209.272000
209.886000
210.516000
211.129000
211.743000
212.373000
212.986000
213.600000
214.230000
214.843000
215.473000
216.087000
216.700000
217.330000
217.943000
218.573000
219.187000
219.800000
220.430000
221.044000
221.674000
222.287000
222.901000
223.531000
224.774000
225.387000
226.001000
226.631000
227.244000
227.874000
228.488000
229.101000
229.731000
230.345000
230.975000
231.588000
232.202000
232.832000
233.445000
234.075000
234.688000
235.302000
235.932000
236.545000
237.175000
237.789000
238.402000
249.427000
250.041000
250.671000
251.284000
251.914000
252.528000
253.141000
253.771000
254.385000
255.015000
255.628000
256.241000
256.871000
257.485000
258.115000
258.728000
259.342000
259.972000
261.215000
261.829000
262.442000
263.072000
263.685000
264.315000
264.929000
265.542000
266.172000
266.786000
267.416000
268.029000
268.643000
269.273000
269.886000
270.516000
271.743000
272.373000
272.986000
273.616000
274.230000
274.843000
275.473000
276.087000
276.717000
277.330000
277.944000
278.574000
279.187000
280.430000
281.044000
281.674000
282.287000
282.901000
283.531000
284.144000
284.774000
285.388000
286.001000
286.631000
287.875000
288.488000
289.101000
289.731000
290.345000
290.975000
291.588000
292.832000
293.445000
294.075000
294.689000
295.302000
295.932000
296.545000
297.175000
298.402000
