1767.280000
1768.524000
1769.767000
1771.011000
1774.725000
1775.968000
1778.455000
1780.925000
1782.169000
1783.412000
1785.882000
1787.126000
1788.369000
1789.613000
1790.840000
1793.326000
1797.040000
1798.284000
1799.527000
1802.014000
1803.241000
1804.484000
1805.728000
1810.685000
1811.928000
1813.172000
1827.281000
1831.011000
1832.254000
1833.481000
1838.455000
1839.682000
1842.169000
1844.656000
1845.882000
1847.126000
1848.369000
1850.840000
1853.327000
1854.570000
1857.040000
1858.284000
1859.527000
1860.771000
1863.241000
1864.484000
1865.728000
1870.685000
1871.928000
1873.172000
1886.054000
1888.524000
1889.768000
1891.011000
1897.212000
1898.455000
1899.682000
1900.925000
1902.169000
1905.883000
1909.613000
1910.840000
1912.083000
1913.327000
1914.570000
1915.814000
1917.040000
1918.284000
1919.527000
1920.771000
1923.241000
1924.485000
1925.728000
1926.971000
1930.685000
1933.172000
1934.415000
1946.054000
1947.281000
1948.524000
1949.768000
1951.011000
1952.255000
1957.212000
1958.455000
1959.682000
1960.926000
1962.169000
1963.413000
1964.656000
1968.370000
1969.613000
1970.840000
1972.083000
1973.327000
1974.570000
1977.041000
1978.284000
1979.528000
1980.771000
1983.241000
1986.972000
1988.215000
1989.442000
1990.685000
1991.929000
2006.054000
2008.525000
2013.482000
2014.725000
2017.212000
2018.455000
2019.682000
2020.926000
2023.413000
2024.640000
2025.883000
2028.370000
2029.613000
2033.327000
2034.570000
2035.814000
2038.284000
2039.528000
2043.241000
2044.485000
2045.728000
2046.972000
2048.215000
2049.442000
2051.929000
2053.172000
2054.416000
2069.768000
2071.012000
2072.255000
2073.482000
2074.725000
2075.969000
2077.212000
2078.456000
2079.683000
2082.169000
2084.640000
2085.883000
2088.370000
2092.084000
2094.571000
2095.814000
2097.041000
2098.284000
2099.528000
2102.015000
2103.242000
2104.485000
2106.972000
2109.442000
2110.686000
2111.929000
2113.173000
2114.416000
2126.038000
2127.281000
2130.995000
2134.726000
2137.196000
2142.153000
2143.396000
2144.640000
2145.883000
2148.354000
2149.597000
2150.840000
2153.327000
2155.798000
2158.285000
2160.755000
2161.998000
2163.242000
2164.485000
2166.955000
2168.199000
2169.442000
2170.686000
2171.913000
2173.156000
2186.038000
2187.282000
2189.752000
2193.482000
2195.953000
2197.196000
2198.439000
2199.683000
2202.153000
2203.397000
2204.640000
2207.127000
2210.841000
2212.084000
2213.328000
2219.512000
2221.998000
2223.242000
2225.712000
2229.443000
2230.686000
2231.913000
2233.156000
2246.038000
2248.525000
2249.752000
2250.995000
2253.482000
2254.726000
2262.153000
2263.397000
2265.884000
2267.127000
2274.555000
2275.798000
2277.041000
2278.285000
2279.512000
2280.755000
2281.999000
2284.486000
2285.712000
2286.956000
2288.199000
2289.443000
2290.686000
2291.913000
2293.156000
2306.038000
2307.282000
2308.525000
2309.752000
2310.996000
2312.239000
2313.483000
2314.726000
2317.196000
2318.440000
2319.683000
2322.153000
2323.397000
2324.640000
2327.127000
2329.598000
2330.841000
2332.084000
2335.798000
2339.512000
2341.999000
2343.242000
2344.486000
2345.713000
2346.956000
2348.199000
2349.443000
2368.526000
2369.752000
2370.996000
2374.726000
2375.953000
2377.196000
2378.440000
2379.683000
2380.927000
2382.154000
2384.641000
2385.884000
2390.841000
2392.085000
2394.555000
2395.798000
2397.042000
2399.512000
2401.999000
2403.242000
2404.486000
2405.713000
2408.200000
2409.443000
2410.686000
2411.913000
2426.039000
2427.282000
2428.526000
2430.996000
2432.239000
2438.440000
2439.684000
2440.927000
2442.154000
2443.397000
2444.641000
2447.128000
2448.354000
2450.841000
2452.085000
2453.312000
2454.555000
2457.042000
2458.285000
2460.756000
2463.243000
2464.486000
2465.713000
2468.200000
2469.443000
2471.913000
