1773.481000
1777.211000
1779.682000
1794.570000
1795.813000
1800.770000
1806.971000
1808.215000
1809.441000
1826.054000
1829.768000
1834.725000
1835.968000
1843.412000
1849.613000
1852.083000
1855.813000
1862.014000
1866.971000
1868.215000
1869.442000
1874.415000
1887.281000
1893.481000
1895.968000
1903.412000
1907.126000
1908.370000
1922.014000
1928.215000
1929.442000
1931.929000
1954.725000
1955.968000
1965.883000
1967.126000
1975.814000
1982.014000
1993.172000
1994.416000
2007.281000
2011.011000
2012.255000
2015.969000
2027.126000
2032.084000
2040.771000
2042.015000
2050.686000
2066.054000
2068.525000
2083.413000
2089.613000
2090.840000
2093.327000
2100.771000
2105.728000
2108.215000
2128.525000
2129.752000
2132.239000
2138.439000
2140.926000
2147.127000
2152.084000
2154.554000
2165.712000
2174.400000
2188.525000
2190.995000
2192.239000
2194.726000
2209.597000
2214.554000
2215.798000
2218.285000
2220.755000
2228.199000
2234.400000
2247.282000
2252.239000
2255.953000
2257.196000
2259.683000
2264.640000
2268.354000
2269.597000
2270.841000
2272.084000
2294.400000
2315.953000
2320.927000
2328.354000
2334.555000
2337.042000
2338.285000
2340.755000
2350.686000
2353.157000
2366.039000
2367.282000
2372.239000
2383.397000
2388.354000
2389.598000
2400.756000
2406.956000
2413.157000
2414.400000
2429.753000
2434.726000
2435.953000
2437.197000
2455.799000
2459.512000
2461.999000
2466.956000
2470.687000
2474.400000
