1038.669000
1039.912000
1040.542000
1041.156000
1041.769000
1042.399000
1043.642000
1044.256000
1044.869000
1046.113000
1046.743000
1047.356000
1047.970000
1048.600000
1049.213000
1049.843000
1050.456000
1051.070000
1051.700000
1052.313000
1052.943000
1053.557000
1054.170000
1054.800000
1056.044000
1056.657000
1057.271000
1058.514000
1059.144000
1059.757000
1060.371000
1061.001000
1061.614000
1062.228000
1062.858000
1063.471000
1064.101000
1064.715000
1065.328000
1066.571000
1067.201000
1068.428000
1069.058000
1069.672000
1070.302000
1071.529000
1072.159000
1072.772000
1073.402000
1074.629000
1075.259000
1075.872000
1076.502000
1077.729000
1078.359000
1078.973000
1079.603000
1080.216000
1080.830000
1081.460000
1082.073000
1082.703000
1083.316000
1083.930000
1084.560000
1085.173000
1085.803000
1086.417000
1097.425000
1098.055000
1098.669000
1099.282000
1099.912000
1100.526000
1101.156000
1102.383000
1103.013000
1103.626000
1104.256000
1104.869000
1105.483000
1106.113000
1106.726000
1107.340000
1107.970000
1108.583000
1109.213000
1109.827000
1110.440000
1111.070000
1112.314000
1112.927000
1113.540000
1114.170000
1114.784000
1115.414000
1116.027000
1116.641000
1117.884000
1118.514000
1119.128000
1119.741000
1120.371000
1120.984000
1121.614000
1122.228000
1122.841000
1123.471000
1124.085000
1124.715000
1125.328000
1125.942000
1126.572000
1127.185000
1127.815000
1128.429000
1129.672000
1130.285000
1130.915000
1131.529000
1132.142000
1133.386000
1134.016000
1134.629000
1135.243000
1135.873000
1136.486000
1137.116000
1137.729000
1138.343000
1138.973000
1139.586000
1140.200000
1140.830000
1141.443000
1142.073000
1142.687000
1143.300000
1143.930000
1145.174000
1145.787000
1146.400000
1157.426000
1158.669000
1159.282000
1159.912000
1160.526000
1161.156000
1161.769000
1162.383000
1163.013000
1163.626000
1164.240000
1164.870000
1165.483000
1166.113000
1166.726000
1167.340000
1167.970000
1168.583000
1169.213000
1169.827000
1170.440000
1172.314000
1173.541000
1174.171000
1174.784000
1176.027000
1176.641000
1177.271000
1177.884000
1178.514000
1179.128000
1179.741000
1180.371000
1180.985000
1181.615000
1182.228000
1182.841000
1183.471000
1184.085000
1184.715000
1185.328000
1185.942000
1186.572000
1187.185000
1187.815000
1188.429000
1189.042000
1189.672000
1190.286000
1190.916000
1191.529000
1192.142000
1192.772000
1193.386000
1194.016000
1195.243000
1196.486000
1197.100000
1197.730000
1198.973000
1199.586000
1200.200000
1200.830000
1201.443000
1202.073000
1202.687000
1203.300000
1203.930000
1204.544000
1205.174000
1205.787000
1206.401000
1217.426000
1218.056000
1218.669000
1219.283000
1219.913000
1220.526000
1221.156000
1221.769000
1222.383000
1223.626000
1224.240000
1224.870000
1225.483000
1226.113000
1226.727000
1227.340000
1227.970000
1228.584000
1229.214000
1229.827000
1230.440000
1231.070000
1232.927000
1233.541000
1234.171000
1234.784000
1235.414000
1236.028000
1236.641000
1237.271000
1237.884000
1238.514000
1239.128000
1239.741000
1240.371000
1240.985000
1241.615000
1242.228000
1242.842000
1243.472000
1244.085000
1244.715000
1245.329000
1246.572000
1247.185000
1247.815000
1248.429000
1249.042000
1249.672000
1250.286000
1250.916000
1251.529000
1252.143000
1252.773000
1253.386000
1254.016000
1254.629000
1255.243000
1255.873000
1256.486000
1257.730000
1259.587000
1260.200000
1260.830000
1261.444000
1262.074000
1262.687000
1263.300000
1263.930000
1264.544000
1265.174000
1265.787000
1266.401000
1277.426000
1278.669000
1279.283000
1280.526000
1281.140000
1281.770000
1282.383000
1283.013000
1283.627000
1284.240000
1284.870000
1285.483000
1286.113000
1286.727000
1287.340000
1287.970000
1288.584000
1289.214000
1289.827000
1290.441000
1291.071000
1291.684000
1292.314000
1292.927000
1293.541000
1294.171000
1294.784000
1296.028000
1297.271000
1297.885000
1298.515000
1299.128000
1299.741000
1300.372000
1300.985000
1301.615000
1302.228000
1302.842000
1303.472000
1304.085000
1304.715000
1305.329000
1305.942000
1306.572000
1307.186000
1307.816000
1308.429000
1309.042000
1309.672000
1310.286000
1310.916000
1311.529000
1312.143000
1312.773000
1313.386000
1314.000000
1314.630000
1315.243000
1315.873000
1316.487000
1317.730000
1318.343000
1318.973000
1319.587000
1320.830000
1321.444000
1322.074000
1322.687000
1323.301000
1323.931000
1324.544000
1325.174000
1325.787000
1326.401000
1337.426000
1338.056000
1338.669000
1339.283000
1339.913000
1340.526000
1341.140000
1342.383000
1343.013000
1343.627000
1344.870000
1345.484000
1346.114000
1346.727000
1347.970000
1348.584000
1349.827000
1350.441000
1351.071000
1352.314000
1352.928000
1353.541000
1354.171000
1354.784000
1355.414000
1356.028000
1356.641000
1357.885000
1358.515000
1359.128000
1359.742000
1360.372000
1360.985000
1361.615000
1362.842000
1363.472000
1364.715000
1365.329000
1365.942000
1367.186000
1367.816000
1368.429000
1369.043000
1369.673000
1370.286000
1370.916000
1371.529000
1372.143000
1372.773000
1373.386000
1374.000000
1374.630000
1375.243000
1375.873000
1376.487000
1377.100000
1377.730000
1378.344000
1378.974000
1379.587000
1380.200000
1380.830000
1381.444000
1382.074000
1382.687000
1383.301000
1383.931000
1384.544000
1385.174000
1385.788000
1386.401000
1397.426000
1398.040000
1399.283000
1399.913000
1400.527000
1401.140000
1401.770000
1402.383000
1403.627000
1404.240000
1404.870000
1405.484000
1406.114000
1406.727000
1407.971000
1408.584000
1409.214000
1409.827000
1410.441000
1411.071000
1411.684000
1412.314000
1412.928000
1413.541000
1414.785000
1415.415000
1416.642000
1417.272000
1419.128000
1420.985000
1421.615000
1422.842000
1423.472000
1424.086000
1424.716000
1425.942000
1426.572000
1427.186000
1428.429000
1429.043000
1430.900000
1431.530000
1432.143000
1432.773000
1433.387000
1434.000000
1434.630000
1435.243000
1435.873000
1437.100000
1437.730000
1438.344000
1438.974000
1439.587000
1440.201000
1440.831000
1441.444000
1442.074000
1442.687000
1443.301000
1443.931000
1444.544000
1445.174000
1445.788000
1446.401000
1457.426000
1458.040000
1458.670000
1459.913000
1460.527000
1461.770000
1462.384000
1463.014000
1463.627000
1464.240000
1464.870000
1465.484000
1466.114000
1466.727000
1467.341000
1467.971000
1468.584000
1470.441000
1471.071000
1471.684000
1472.314000
1472.928000
1473.541000
1474.171000
1474.785000
1476.028000
1476.642000
1477.272000
1477.885000
1479.129000
1479.742000
1480.372000
1480.985000
1481.615000
1482.229000
1482.842000
1483.472000
1484.086000
1484.716000
1485.329000
1485.943000
1486.573000
1487.186000
1487.816000
1488.429000
1489.043000
1489.673000
1490.286000
1491.530000
1492.143000
1492.773000
1493.387000
1494.000000
1494.630000
1495.244000
1495.874000
1496.487000
1497.100000
1498.344000
1498.974000
1499.587000
1500.201000
1500.831000
1501.444000
1502.074000
1502.688000
1503.301000
1504.544000
1505.174000
1505.788000
1506.401000
1517.427000
1518.040000
1519.283000
1519.913000
1520.527000
1521.140000
1521.770000
1522.384000
1523.014000
1524.241000
1524.871000
1525.484000
1526.114000
1526.727000
1527.341000
1527.971000
1528.584000
1529.214000
1529.828000
1530.441000
1531.071000
1531.685000
1532.315000
1532.928000
1533.542000
1535.415000
1536.028000
1536.642000
1537.272000
1537.885000
1538.515000
1539.129000
1539.742000
1540.372000
1540.986000
1541.616000
1542.229000
1542.842000
1543.472000
1544.086000
1544.716000
1545.329000
1545.943000
1546.573000
1547.186000
1548.430000
1549.043000
1550.287000
1550.900000
1551.530000
1552.143000
1552.773000
1553.387000
1554.000000
1555.244000
1555.874000
1556.487000
1557.101000
1557.731000
1558.344000
1558.974000
1559.587000
1560.201000
1560.831000
1561.444000
1562.074000
1562.688000
1563.301000
1563.931000
1564.545000
1565.175000
1565.788000
1566.402000
1577.427000
1578.057000
1578.670000
1579.284000
1579.914000
1581.157000
1581.770000
1582.384000
1583.627000
1584.241000
1584.871000
1585.484000
1586.114000
1586.728000
1587.341000
1587.971000
1588.584000
1589.215000
1589.828000
1590.441000
1591.071000
1591.685000
1592.315000
1592.928000
1593.542000
1594.172000
1594.785000
1596.029000
1596.642000
1597.272000
1597.885000
1598.515000
1599.129000
1599.742000
1600.986000
1602.229000
1602.843000
1603.473000
1604.086000
1604.716000
1605.329000
1605.943000
1606.573000
1607.186000
1607.816000
1608.430000
1609.043000
1610.287000
1610.917000
1611.530000
1612.144000
1614.017000
1614.630000
1615.244000
1615.874000
1617.101000
1617.731000
1618.344000
1618.974000
1619.588000
1620.201000
1620.831000
1621.445000
1622.075000
1622.688000
1623.301000
1623.931000
1624.545000
1625.175000
1625.788000
1626.402000
1638.057000
1638.670000
1639.284000
1639.914000
1640.527000
1641.141000
1641.771000
1642.384000
1643.627000
1644.241000
1644.871000
1645.484000
1646.114000
1646.728000
1647.341000
1647.971000
1648.585000
1649.215000
1651.072000
1651.685000
1652.315000
1652.928000
1653.542000
1654.172000
1654.785000
1655.415000
1656.029000
1656.642000
1657.272000
1657.886000
1659.129000
1659.742000
1660.372000
1660.986000
1661.616000
1662.229000
1662.843000
1663.473000
1664.716000
1665.330000
1665.943000
1666.573000
1667.187000
1667.817000
1668.430000
1669.043000
1669.673000
1670.287000
1670.917000
1671.530000
1672.144000
1673.387000
1674.001000
1674.631000
1675.244000
1675.874000
1676.487000
1677.101000
1677.731000
1678.344000
1678.974000
1679.588000
1680.831000
1681.445000
1682.075000
1682.688000
1683.302000
1684.545000
1685.788000
1686.402000
1697.427000
1698.040000
1698.654000
1699.284000
1699.897000
1700.527000
1701.141000
1701.754000
1702.998000
1703.628000
1704.241000
1704.854000
1705.485000
1706.098000
1706.728000
1707.341000
1707.955000
1708.585000
1709.198000
1709.828000
1710.442000
1711.055000
1711.685000
1712.299000
1712.929000
1713.542000
1714.155000
1714.785000
1715.399000
1716.642000
1717.256000
1717.886000
1718.499000
1719.113000
1719.743000
1720.356000
1720.986000
1721.600000
1722.213000
1722.843000
1723.456000
1724.086000
1724.700000
1725.313000
1725.943000
1726.557000
1727.800000
1729.044000
1729.657000
1730.900000
1731.514000
1732.144000
1733.387000
1734.001000
1734.614000
1735.244000
1735.858000
1736.488000
1737.101000
1737.715000
1738.345000
1738.958000
1739.588000
1740.201000
1740.815000
1741.445000
1742.058000
1742.688000
1743.302000
1743.915000
1744.545000
1745.159000
1745.789000
1746.402000
