6.326000
6.940000
7.570000
8.183000
8.813000
9.427000
10.040000
10.670000
11.284000
11.914000
12.527000
13.140000
13.770000
14.384000
15.014000
15.627000
16.241000
16.871000
17.484000
18.114000
18.728000
19.341000
19.971000
20.585000
21.214000
21.828000
22.441000
23.071000
23.685000
24.315000
24.928000
25.542000
26.172000
26.785000
27.415000
28.029000
28.642000
29.272000
29.885000
30.515000
31.129000
31.742000
32.372000
32.986000
33.616000
34.229000
34.843000
35.473000
36.086000
36.699000
37.330000
37.943000
38.573000
39.186000
39.800000
40.430000
41.043000
41.673000
42.287000
42.900000
43.530000
44.144000
44.774000
45.387000
46.000000
46.630000
47.244000
47.874000
48.487000
49.101000
49.731000
50.344000
50.974000
51.588000
52.201000
52.831000
53.444000
54.074000
54.688000
55.301000
55.931000
56.545000
57.175000
57.788000
58.402000
66.327000
66.940000
67.570000
68.183000
68.813000
69.427000
70.040000
70.670000
71.284000
71.914000
72.527000
73.141000
73.771000
74.384000
75.014000
75.627000
76.241000
76.871000
77.484000
78.114000
78.728000
79.341000
79.971000
80.585000
81.215000
81.828000
82.442000
83.072000
83.685000
84.315000
84.928000
85.542000
86.172000
86.785000
87.415000
88.029000
88.642000
89.272000
89.886000
90.516000
91.129000
91.742000
92.372000
92.986000
93.616000
94.229000
94.843000
95.473000
96.086000
96.700000
97.330000
97.943000
98.573000
99.187000
99.800000
100.430000
101.043000
101.673000
102.287000
102.900000
103.530000
104.144000
104.774000
105.387000
106.001000
106.631000
107.244000
107.874000
108.487000
109.101000
109.731000
110.344000
110.974000
111.588000
112.201000
112.831000
113.445000
114.075000
114.688000
115.302000
115.932000
116.545000
117.175000
117.788000
118.402000
126.327000
126.940000
127.570000
128.184000
128.814000
129.427000
130.040000
130.670000
131.284000
131.914000
132.527000
133.141000
133.771000
134.384000
135.014000
135.628000
136.241000
136.871000
137.485000
138.115000
138.728000
139.341000
139.971000
140.585000
141.215000
141.828000
142.442000
143.072000
143.685000
144.315000
144.929000
145.542000
146.172000
146.785000
147.415000
148.029000
148.642000
149.272000
149.886000
150.516000
151.129000
151.743000
152.373000
152.986000
153.599000
154.230000
154.843000
155.473000
156.086000
156.700000
157.330000
157.943000
158.573000
159.187000
159.800000
160.430000
161.044000
161.674000
162.287000
162.900000
163.530000
164.144000
164.774000
165.387000
166.001000
166.631000
167.244000
167.874000
168.488000
169.101000
169.731000
170.345000
170.975000
171.588000
172.201000
172.831000
173.445000
174.075000
174.688000
175.302000
175.932000
176.545000
177.175000
177.789000
178.402000
186.327000
186.940000
187.570000
188.184000
188.814000
189.427000
190.041000
190.671000
191.284000
191.914000
192.527000
193.141000
193.771000
194.384000
195.014000
195.628000
196.241000
196.871000
197.485000
198.115000
198.728000
199.342000
199.972000
200.585000
201.215000
201.828000
202.442000
203.072000
203.685000
204.315000
204.929000
205.542000
206.172000
206.786000
207.416000
208.029000
208.642000
209.272000
209.886000
210.516000
211.129000
211.743000
212.373000
212.986000
213.600000
214.230000
214.843000
215.473000
216.087000
216.700000
217.330000
217.943000
218.573000
219.187000
219.800000
220.430000
221.044000
221.674000
222.287000
222.901000
223.531000
224.144000
224.774000
225.387000
226.001000
226.631000
227.244000
227.874000
228.488000
229.101000
229.731000
230.345000
230.975000
231.588000
232.202000
232.832000
233.445000
234.075000
234.688000
235.302000
235.932000
236.545000
237.175000
237.789000
238.402000
246.327000
246.957000
247.570000
248.184000
248.814000
249.427000
250.041000
250.671000
251.284000
251.914000
252.528000
253.141000
253.771000
254.385000
255.015000
255.628000
256.241000
256.871000
257.485000
258.115000
258.728000
259.342000
259.972000
260.585000
261.215000
261.829000
262.442000
263.072000
263.685000
264.315000
264.929000
265.542000
266.172000
266.786000
267.416000
268.029000
268.643000
269.273000
269.886000
270.516000
271.130000
271.743000
272.373000
272.986000
273.616000
274.230000
274.843000
275.473000
276.087000
276.717000
277.330000
277.944000
278.574000
279.187000
279.817000
280.430000
281.044000
281.674000
282.287000
282.901000
283.531000
284.144000
284.774000
285.388000
286.001000
286.631000
287.245000
287.875000
288.488000
289.101000
289.731000
290.345000
290.975000
291.588000
292.202000
292.832000
293.445000
294.075000
294.689000
295.302000
295.932000
296.545000
297.175000
297.789000
298.402000
306.327000
306.941000
307.571000
308.184000
308.814000
309.428000
310.041000
310.671000
311.284000
311.914000
312.528000
313.141000
313.771000
314.385000
315.015000
315.628000
316.242000
316.872000
317.485000
318.115000
318.728000
319.342000
319.972000
320.585000
321.215000
321.829000
322.442000
323.072000
323.686000
324.316000
324.929000
325.542000
326.173000
326.786000
327.416000
328.029000
328.643000
329.273000
329.886000
330.516000
331.130000
331.743000
332.373000
332.987000
333.617000
334.230000
334.843000
335.473000
336.087000
336.717000
337.330000
337.944000
338.574000
339.187000
339.801000
340.431000
341.044000
341.674000
342.287000
342.901000
343.531000
344.144000
344.774000
345.388000
346.001000
346.631000
347.245000
347.875000
348.488000
349.102000
349.732000
350.345000
350.975000
351.588000
352.202000
352.832000
353.445000
354.075000
354.689000
355.302000
355.932000
356.546000
357.176000
357.789000
358.403000
366.327000
366.941000
367.554000
368.184000
368.798000
369.428000
370.041000
370.655000
371.285000
371.898000
372.528000
373.141000
373.755000
374.385000
374.998000
375.628000
376.242000
376.855000
377.485000
378.099000
378.729000
379.342000
379.955000
380.585000
381.199000
381.829000
382.442000
383.056000
383.686000
384.299000
384.913000
385.543000
386.156000
386.786000
387.400000
388.013000
388.643000
389.256000
389.886000
390.500000
391.113000
391.743000
392.357000
392.987000
393.600000
394.214000
394.844000
395.457000
396.087000
396.700000
397.314000
397.944000
398.557000
399.187000
399.801000
400.414000
401.044000
401.658000
402.288000
402.901000
403.515000
404.145000
404.758000
405.388000
406.001000
406.615000
407.245000
407.858000
408.488000
409.102000
409.715000
410.345000
410.959000
411.589000
412.202000
412.815000
413.445000
414.059000
414.689000
415.302000
415.916000
416.546000
417.159000
417.773000
418.403000
426.328000
426.941000
427.554000
428.184000
428.798000
429.428000
430.041000
430.655000
431.285000
431.898000
432.528000
433.142000
433.755000
434.385000
434.998000
435.628000
436.242000
436.855000
437.485000
438.099000
438.729000
439.342000
439.956000
440.586000
441.199000
441.813000
442.443000
443.056000
443.686000
444.299000
444.913000
445.543000
446.156000
446.786000
447.400000
448.013000
448.643000
449.257000
449.887000
450.500000
451.113000
451.743000
452.357000
452.987000
453.600000
454.214000
454.844000
455.457000
456.087000
456.701000
457.314000
457.944000
458.558000
459.188000
459.801000
460.414000
461.044000
461.658000
462.288000
462.901000
463.515000
464.145000
464.758000
465.388000
466.002000
466.615000
467.245000
467.858000
468.488000
469.102000
469.715000
470.345000
470.959000
471.589000
472.202000
472.816000
473.446000
474.059000
474.672000
475.303000
475.916000
476.546000
477.159000
477.773000
478.403000
486.328000
486.941000
487.555000
488.185000
488.798000
489.428000
490.041000
490.655000
491.285000
491.898000
492.528000
493.142000
493.755000
494.385000
494.999000
495.629000
496.242000
496.855000
497.485000
498.099000
498.729000
499.342000
499.956000
500.586000
501.199000
501.813000
502.443000
503.056000
503.686000
504.300000
504.913000
505.543000
506.156000
506.786000
507.400000
508.013000
508.643000
509.257000
509.887000
510.500000
511.114000
511.744000
512.357000
512.987000
513.600000
514.214000
514.844000
515.457000
516.087000
516.701000
517.314000
517.944000
518.558000
519.188000
519.801000
520.415000
521.045000
521.658000
522.288000
522.901000
523.515000
524.145000
524.758000
525.388000
526.002000
526.615000
527.245000
527.859000
528.489000
529.102000
529.715000
530.345000
530.959000
531.589000
532.202000
532.816000
533.446000
534.059000
534.673000
535.303000
535.916000
536.546000
537.160000
537.773000
538.403000
546.328000
546.941000
547.555000
548.185000
548.798000
549.428000
550.042000
550.655000
551.285000
551.898000
552.528000
553.142000
553.755000
554.385000
554.999000
555.629000
556.242000
556.856000
557.486000
558.099000
558.713000
559.343000
559.956000
560.586000
561.199000
561.813000
562.443000
563.056000
563.686000
564.300000
564.913000
565.543000
566.157000
566.787000
567.400000
568.013000
568.643000
569.257000
569.887000
570.500000
571.114000
571.744000
572.357000
572.987000
573.601000
574.214000
574.844000
575.458000
576.088000
576.701000
577.314000
577.944000
578.558000
579.188000
579.801000
580.415000
581.045000
581.658000
582.288000
582.902000
583.515000
584.145000
584.759000
585.388000
586.002000
586.615000
587.245000
587.859000
588.489000
589.102000
589.716000
590.346000
590.959000
591.573000
592.203000
592.816000
593.446000
594.059000
594.673000
595.303000
595.916000
596.546000
597.160000
597.773000
598.403000
606.328000
606.941000
607.555000
608.185000
608.798000
609.428000
610.042000
610.655000
611.285000
611.899000
612.529000
613.142000
613.756000
614.385000
614.999000
615.629000
616.242000
616.856000
617.486000
618.099000
618.713000
619.343000
619.956000
620.586000
621.200000
621.813000
622.443000
623.056000
623.686000
624.300000
624.913000
625.543000
626.157000
626.787000
627.400000
628.014000
628.644000
629.257000
629.887000
630.501000
631.114000
631.744000
632.357000
632.987000
633.601000
634.214000
634.844000
635.458000
636.088000
636.701000
637.315000
637.945000
638.558000
639.188000
639.801000
640.415000
641.045000
641.658000
642.288000
642.902000
643.515000
644.145000
644.759000
645.389000
646.002000
646.615000
647.246000
647.859000
648.489000
649.102000
649.716000
650.346000
650.959000
651.573000
652.203000
652.816000
653.446000
654.060000
654.673000
655.303000
655.916000
656.546000
657.160000
657.773000
658.403000
666.328000
666.942000
667.555000
668.185000
668.798000
669.428000
670.042000
670.655000
671.285000
671.899000
672.529000
673.142000
673.756000
674.386000
674.999000
675.613000
676.243000
676.856000
677.486000
678.099000
678.713000
679.343000
679.956000
680.586000
681.200000
681.813000
682.443000
683.057000
683.687000
684.300000
684.913000
685.543000
686.157000
686.787000
687.400000
688.014000
688.644000
689.257000
689.887000
690.501000
691.114000
691.744000
692.358000
692.988000
693.601000
694.214000
694.844000
695.458000
696.088000
696.701000
697.315000
697.945000
698.558000
699.188000
699.802000
700.415000
701.045000
701.658000
702.288000
702.902000
703.515000
704.145000
704.759000
705.389000
706.002000
706.616000
707.246000
707.859000
708.473000
709.103000
709.716000
710.346000
710.959000
711.573000
712.203000
712.816000
713.446000
714.060000
714.673000
715.303000
715.917000
716.547000
717.160000
717.773000
718.403000
726.328000
726.942000
727.555000
728.185000
728.799000
729.429000
730.042000
730.656000
731.286000
731.899000
732.529000
733.142000
733.756000
734.386000
734.999000
735.613000
736.243000
736.856000
737.486000
738.100000
738.713000
739.343000
739.956000
740.586000
741.200000
741.813000
742.443000
743.057000
743.687000
744.300000
744.914000
745.544000
746.157000
746.787000
747.401000
748.014000
748.644000
749.257000
749.887000
750.501000
751.114000
751.744000
752.358000
752.988000
753.601000
754.215000
754.845000
755.458000
756.088000
756.701000
757.315000
757.945000
758.558000
759.188000
759.802000
760.415000
761.045000
761.659000
762.289000
762.902000
763.516000
764.146000
764.759000
765.389000
766.002000
766.616000
767.246000
767.859000
768.473000
769.103000
769.716000
770.346000
770.960000
771.573000
772.203000
772.816000
773.446000
774.060000
774.673000
775.303000
775.917000
776.547000
777.160000
777.774000
778.404000
786.328000
786.942000
787.555000
788.185000
788.799000
789.429000
790.042000
790.656000
791.286000
791.899000
792.513000
793.143000
793.756000
794.386000
794.999000
795.613000
796.243000
796.856000
797.486000
798.100000
798.713000
799.343000
799.957000
800.587000
801.200000
801.813000
802.443000
803.057000
803.687000
804.300000
804.914000
805.544000
806.157000
806.787000
807.401000
808.014000
808.644000
809.258000
809.888000
810.501000
811.114000
811.744000
812.358000
812.988000
813.601000
814.215000
814.845000
815.458000
816.088000
816.702000
817.315000
817.945000
818.559000
819.188000
819.802000
820.415000
821.045000
821.659000
822.289000
822.902000
823.516000
824.146000
824.759000
825.373000
826.003000
826.616000
827.246000
827.859000
828.473000
829.103000
829.716000
830.346000
830.960000
831.573000
832.203000
832.817000
833.447000
834.060000
834.673000
835.303000
835.917000
836.547000
837.160000
837.774000
838.404000
846.329000
846.942000
847.556000
848.186000
848.799000
849.429000
850.042000
850.656000
851.286000
851.899000
852.513000
853.143000
853.756000
854.386000
855.000000
855.613000
856.243000
856.856000
857.486000
858.100000
858.713000
859.343000
859.957000
860.587000
861.200000
861.814000
862.444000
863.057000
863.687000
864.301000
864.914000
865.544000
866.157000
866.787000
867.401000
868.014000
868.644000
869.258000
869.888000
870.501000
871.115000
871.745000
872.358000
872.988000
873.601000
874.215000
874.845000
875.458000
876.088000
876.702000
877.315000
877.945000
878.559000
879.189000
879.802000
880.416000
881.046000
881.659000
882.289000
882.902000
883.516000
884.146000
884.759000
885.373000
886.003000
886.616000
887.246000
887.860000
888.473000
889.103000
889.716000
890.346000
890.960000
891.573000
892.203000
892.817000
893.447000
894.060000
894.674000
895.304000
895.917000
896.547000
897.161000
897.774000
898.404000
906.329000
906.942000
907.556000
908.186000
908.799000
909.413000
910.043000
910.656000
911.286000
911.899000
912.513000
913.143000
913.756000
914.386000
915.000000
915.613000
916.243000
916.857000
917.487000
918.100000
918.713000
919.344000
919.957000
920.587000
921.200000
921.814000
922.444000
923.057000
923.687000
924.301000
924.914000
925.544000
926.158000
926.788000
927.401000
928.014000
928.644000
929.258000
929.888000
930.501000
931.115000
931.745000
932.358000
932.988000
933.602000
934.215000
934.845000
935.458000
936.088000
936.702000
937.315000
937.945000
938.559000
939.189000
939.802000
940.416000
941.046000
941.659000
942.273000
942.903000
943.516000
944.146000
944.759000
945.373000
946.003000
946.616000
947.246000
947.860000
948.473000
949.103000
949.717000
950.347000
950.960000
951.573000
952.203000
952.817000
953.447000
954.060000
954.674000
955.304000
955.917000
956.547000
957.161000
957.774000
958.404000
966.312000
966.926000
967.556000
968.169000
968.799000
969.413000
970.026000
970.656000
971.270000
971.900000
972.513000
973.126000
973.756000
974.370000
975.000000
975.613000
976.227000
976.857000
977.470000
978.100000
978.714000
979.327000
979.957000
980.571000
981.201000
981.814000
982.427000
983.057000
983.671000
984.301000
984.914000
985.528000
986.158000
986.771000
987.385000
988.015000
988.628000
989.258000
989.871000
990.485000
991.115000
991.728000
992.358000
992.972000
993.585000
994.215000
994.829000
995.459000
996.072000
996.686000
997.316000
997.929000
998.559000
999.172000
999.786000
1000.416000
1001.029000
1001.659000
1002.273000
1002.886000
1003.516000
1004.130000
1004.760000
1005.373000
1005.986000
1006.616000
1007.230000
1007.860000
1008.473000
1009.087000
1009.717000
1010.330000
1010.960000
1011.574000
1012.187000
1012.817000
1013.431000
1014.061000
1014.674000
1015.287000
1015.917000
1016.531000
1017.161000
1017.774000
1018.388000
