317.485000
332.373000
336.087000
343.531000
348.488000
376.242000
381.199000
384.913000
392.357000
393.600000
396.087000
408.488000
438.729000
439.956000
451.113000
456.087000
464.758000
470.959000
472.202000
497.485000
502.443000
507.400000
509.887000
511.114000
517.314000
518.558000
532.202000
535.916000
537.160000
538.403000
550.042000
559.956000
561.199000
567.400000
568.643000
569.887000
577.314000
595.916000
598.403000
611.285000
613.756000
617.486000
618.713000
621.200000
628.644000
631.114000
637.315000
639.801000
649.716000
672.529000
693.601000
699.802000
702.288000
703.515000
714.673000
730.042000
737.486000
738.713000
747.401000
748.644000
754.845000
757.315000
758.558000
761.045000
762.289000
763.516000
764.759000
769.716000
774.673000
793.756000
794.999000
806.157000
809.888000
811.114000
813.601000
814.845000
817.315000
824.759000
827.246000
835.917000
837.160000
858.713000
862.444000
864.914000
866.157000
873.601000
878.559000
881.046000
883.516000
884.759000
888.473000
889.716000
897.161000
919.957000
928.644000
937.315000
938.559000
947.246000
955.917000
970.026000
977.470000
987.385000
991.115000
993.585000
999.786000
1001.029000
1003.516000
1005.986000
1010.960000
