1044.256000
1051.700000
1064.101000
1066.571000
1072.772000
1075.259000
1086.417000
1106.726000
1116.641000
1120.371000
1121.614000
1146.400000
1160.526000
1181.615000
1191.529000
1195.243000
1198.973000
1200.200000
1201.443000
1206.401000
1220.526000
1224.240000
1246.572000
1249.042000
1280.526000
1281.770000
1292.927000
1301.615000
1309.042000
1314.000000
1321.444000
1340.526000
1350.441000
1352.928000
1356.641000
1359.128000
1399.283000
1405.484000
1406.727000
1409.214000
1410.441000
1411.684000
1422.842000
1426.572000
1429.043000
1432.773000
1435.243000
1437.730000
1438.974000
1440.201000
1445.174000
1465.484000
1466.727000
1467.971000
1470.441000
1477.885000
1485.329000
1486.573000
1496.487000
1529.214000
1530.441000
1540.372000
1545.329000
1551.530000
1561.444000
1565.175000
1589.215000
1597.885000
1604.086000
1605.329000
1617.731000
1623.931000
1625.175000
1640.527000
1645.484000
1659.129000
1666.573000
1682.688000
1698.040000
1699.284000
1702.998000
1710.442000
1712.929000
1721.600000
1729.044000
1731.514000
1734.001000
1740.201000
1743.915000
