1766.667000
1770.381000
1771.624000
1772.868000
1775.355000
1776.581000
1777.825000
1779.068000
1780.312000
1781.539000
1782.782000
1784.025000
1785.269000
1786.512000
1787.739000
1788.983000
1790.226000
1791.470000
1792.713000
1793.940000
1795.183000
1796.427000
1798.914000
1800.140000
1801.384000
1803.871000
1806.341000
1807.585000
1808.828000
1810.071000
1811.315000
1812.542000
1813.785000
1825.424000
1826.667000
1827.911000
1829.154000
1830.381000
1831.624000
1834.111000
1835.355000
1836.582000
1837.825000
1839.068000
1840.312000
1844.026000
1845.269000
1846.513000
1847.756000
1848.983000
1850.226000
1851.470000
1852.713000
1853.940000
1855.183000
1856.427000
1857.670000
1858.914000
1860.141000
1861.384000
1862.628000
1865.114000
1866.341000
1867.585000
1868.828000
1870.072000
1871.315000
1872.542000
1873.785000
1885.424000
1886.667000
1887.911000
1889.154000
1890.381000
1892.868000
1894.111000
1895.355000
1896.582000
1897.825000
1899.069000
1900.312000
1901.555000
1902.782000
1904.026000
1905.269000
1906.513000
1907.740000
1908.983000
1910.226000
1911.470000
1912.713000
1915.184000
1916.427000
1917.670000
1918.914000
1920.141000
1921.384000
1922.628000
1923.871000
1925.115000
1926.341000
1927.585000
1928.828000
1930.072000
1931.315000
1932.542000
1933.785000
1946.668000
1947.911000
1949.154000
1950.381000
1951.625000
1952.868000
1954.112000
1955.355000
1956.582000
1957.825000
1960.312000
1961.556000
1962.783000
1964.026000
1965.269000
1967.740000
1970.227000
1971.470000
1972.713000
1973.940000
1975.184000
1976.427000
1977.671000
1978.914000
1980.141000
1981.384000
1982.628000
1983.871000
1985.115000
1986.342000
1987.585000
1990.072000
1991.315000
1992.542000
1993.786000
2005.424000
2006.668000
2007.911000
2009.155000
2010.381000
2011.625000
2014.112000
2015.355000
2016.582000
2017.825000
2019.069000
2020.312000
2021.556000
2022.783000
2024.026000
2025.270000
2026.513000
2027.740000
2028.983000
2030.227000
2031.470000
2033.940000
2035.184000
2036.427000
2037.671000
2038.914000
2040.141000
2041.385000
2042.628000
2043.871000
2045.115000
2047.585000
2048.829000
2050.072000
2051.315000
2053.786000
2065.424000
2066.668000
2067.911000
2070.382000
2071.625000
2072.868000
2074.112000
2075.355000
2076.582000
2077.826000
2079.069000
2080.313000
2081.556000
2082.783000
2085.270000
2086.513000
2087.740000
2088.983000
2090.227000
2091.470000
2092.714000
2093.941000
2095.184000
2098.914000
2100.141000
2101.385000
2103.872000
2105.115000
2106.342000
2107.585000
2108.829000
2110.072000
2111.316000
2112.543000
2113.786000
2125.425000
2127.895000
2130.382000
2131.625000
2132.852000
2134.096000
2135.339000
2136.582000
2137.826000
2139.053000
2140.296000
2141.540000
2142.783000
2144.026000
2145.253000
2146.497000
2147.740000
2148.984000
2150.227000
2151.454000
2152.697000
2153.941000
2155.184000
2156.428000
2157.655000
2158.898000
2160.141000
2161.385000
2162.612000
2163.855000
2165.099000
2166.342000
2167.585000
2168.812000
2170.056000
2171.299000
2172.543000
2173.786000
2185.425000
2186.652000
2187.895000
2189.138000
2190.382000
2191.625000
2194.096000
2195.339000
2196.583000
2197.826000
2199.053000
2200.296000
2201.540000
2202.783000
2204.027000
2205.253000
2206.497000
2207.740000
2208.984000
2210.227000
2211.454000
2212.698000
2213.941000
2215.184000
2216.428000
2217.655000
2218.898000
2220.142000
2221.385000
2222.612000
2223.855000
2225.099000
2226.342000
2227.586000
2228.813000
2230.056000
2231.299000
2232.543000
2233.786000
2245.425000
2247.895000
2249.139000
2250.382000
2251.626000
2252.852000
2254.096000
2255.339000
2256.583000
2257.826000
2259.053000
2260.296000
2261.540000
2262.783000
2264.027000
2265.254000
2266.497000
2267.741000
2268.984000
2270.227000
2271.454000
2272.698000
2273.941000
2275.185000
2276.428000
2277.655000
2278.898000
2280.142000
2282.612000
2283.855000
2285.099000
2286.342000
2287.586000
2288.813000
2290.056000
2291.300000
2306.652000
2307.895000
2309.139000
2311.626000
2312.853000
2314.096000
2315.339000
2316.583000
2317.826000
2319.053000
2320.297000
2321.540000
2322.783000
2324.027000
2325.254000
2326.497000
2327.741000
2328.984000
2330.228000
2331.454000
2332.698000
2333.941000
2335.185000
2337.655000
2338.898000
2340.142000
2342.612000
2345.099000
2346.343000
2347.586000
2348.813000
2350.056000
2351.300000
2352.543000
2365.425000
2366.652000
2367.896000
2369.139000
2370.382000
2371.626000
2372.853000
2374.096000
2375.340000
2376.583000
2377.826000
2379.053000
2380.297000
2381.540000
2382.784000
2384.027000
2385.254000
2386.497000
2387.741000
2390.228000
2391.455000
2392.698000
2393.941000
2395.185000
2396.412000
2397.655000
2398.899000
2400.142000
2401.386000
2402.612000
2403.856000
2405.099000
2406.343000
2407.586000
2408.813000
2410.056000
2411.300000
2413.787000
2425.425000
2427.896000
2429.139000
2430.383000
2431.626000
2432.853000
2436.583000
2437.827000
2439.053000
2440.297000
2441.540000
2442.784000
2444.027000
2445.254000
2446.498000
2447.741000
2448.984000
2450.228000
2451.455000
2452.698000
2453.942000
2455.185000
2456.412000
2457.655000
2458.899000
2460.142000
2461.386000
2462.613000
2463.856000
2465.099000
2466.343000
2468.813000
2470.057000
2471.300000
2472.544000
2473.787000
