1040.542000
1041.769000
1046.743000
1047.970000
1049.213000
1050.456000
1052.943000
1054.170000
1056.657000
1059.144000
1060.371000
1061.614000
1062.858000
1065.328000
1069.058000
1070.302000
1071.529000
1076.502000
1077.729000
1078.973000
1080.216000
1081.460000
1082.703000
1083.930000
1085.173000
1098.055000
1099.282000
1100.526000
1103.013000
1104.256000
1105.483000
1107.970000
1109.213000
1110.440000
1112.927000
1114.170000
1115.414000
1117.884000
1119.128000
1122.841000
1124.085000
1125.328000
1126.572000
1127.815000
1130.285000
1131.529000
1134.016000
1135.243000
1136.486000
1137.729000
1138.973000
1140.200000
1141.443000
1142.687000
1143.930000
1145.174000
1159.282000
1161.769000
1163.013000
1164.240000
1165.483000
1166.726000
1167.970000
1169.213000
1170.440000
1174.171000
1176.641000
1177.884000
1179.128000
1180.371000
1182.841000
1184.085000
1185.328000
1186.572000
1187.815000
1189.042000
1190.286000
1192.772000
1194.016000
1196.486000
1197.730000
1202.687000
1203.930000
1205.174000
1218.056000
1219.283000
1221.769000
1225.483000
1226.727000
1227.970000
1229.214000
1230.440000
1232.927000
1234.171000
1235.414000
1236.641000
1237.884000
1239.128000
1240.371000
1241.615000
1242.842000
1244.085000
1245.329000
1247.815000
1250.286000
1251.529000
1252.773000
1254.016000
1255.243000
1256.486000
1257.730000
1260.200000
1261.444000
1262.687000
1263.930000
1265.174000
1266.401000
1279.283000
1283.013000
1284.240000
1285.483000
1286.727000
1287.970000
1289.214000
1290.441000
1291.684000
1294.171000
1297.885000
1299.128000
1300.372000
1302.842000
1304.085000
1305.329000
1306.572000
1307.816000
1310.286000
1311.529000
1312.773000
1315.243000
1316.487000
1317.730000
1318.973000
1322.687000
1323.931000
1325.174000
1326.401000
1338.056000
1339.283000
1343.013000
1345.484000
1346.727000
1347.970000
1354.171000
1355.414000
1357.885000
1360.372000
1361.615000
1362.842000
1365.329000
1367.816000
1369.043000
1370.286000
1371.529000
1372.773000
1374.000000
1375.243000
1376.487000
1377.730000
1378.974000
1380.200000
1381.444000
1382.687000
1383.931000
1385.174000
1386.401000
1398.040000
1400.527000
1401.770000
1404.240000
1407.971000
1412.928000
1415.415000
1416.642000
1419.128000
1421.615000
1424.086000
1431.530000
1434.000000
1441.444000
1442.687000
1443.931000
1446.401000
1458.040000
1460.527000
1461.770000
1463.014000
1464.240000
1471.684000
1472.928000
1474.171000
1476.642000
1479.129000
1480.372000
1481.615000
1482.842000
1484.086000
1487.816000
1489.043000
1490.286000
1491.530000
1492.773000
1494.000000
1495.244000
1498.974000
1500.201000
1501.444000
1502.688000
1505.174000
1506.401000
1518.040000
1519.283000
1520.527000
1521.770000
1523.014000
1524.241000
1525.484000
1526.727000
1527.971000
1531.685000
1532.928000
1535.415000
1536.642000
1537.885000
1539.129000
1541.616000
1542.842000
1544.086000
1546.573000
1549.043000
1550.287000
1552.773000
1554.000000
1555.244000
1556.487000
1557.731000
1558.974000
1560.201000
1562.688000
1563.931000
1566.402000
1578.057000
1579.284000
1581.770000
1584.241000
1585.484000
1586.728000
1587.971000
1590.441000
1591.685000
1592.928000
1594.172000
1596.642000
1599.129000
1602.843000
1606.573000
1607.816000
1609.043000
1610.287000
1611.530000
1614.017000
1615.244000
1618.974000
1620.201000
1621.445000
1622.688000
1626.402000
1638.057000
1639.284000
1641.771000
1644.241000
1646.728000
1647.971000
1649.215000
1651.685000
1652.928000
1654.172000
1655.415000
1656.642000
1657.886000
1660.372000
1661.616000
1662.843000
1665.330000
1667.817000
1669.043000
1670.287000
1671.530000
1674.001000
1675.244000
1676.487000
1677.731000
1678.974000
1681.445000
1686.402000
1700.527000
1701.754000
1704.241000
1705.485000
1706.728000
1707.955000
1709.198000
1711.685000
1714.155000
1715.399000
1716.642000
1717.886000
1719.113000
1720.356000
1722.843000
1724.086000
1725.313000
1726.557000
1727.800000
1735.244000
1736.488000
1737.715000
1738.958000
1741.445000
1742.688000
1745.159000
1746.402000
