1773.487000
1775.957000
1787.115000
1792.072000
1795.802000
1800.760000
1802.003000
1811.917000
1814.404000
1827.286000
1831.000000
1838.444000
1839.688000
1840.931000
1843.401000
1850.845000
1855.802000
1865.733000
1895.974000
1899.688000
1902.174000
1903.401000
1910.845000
1914.576000
1924.490000
1925.733000
1946.043000
1952.244000
1957.201000
1960.914000
1967.115000
1968.358000
1991.917000
1993.161000
2011.000000
2014.714000
2017.201000
2018.444000
2020.914000
2022.158000
2037.046000
2042.003000
2067.286000
2069.757000
2072.244000
2075.957000
2080.914000
2085.872000
2092.072000
2095.803000
2097.046000
2108.204000
2132.244000
2134.714000
2137.201000
2138.444000
2145.872000
2148.359000
2152.072000
2158.273000
2166.960000
2173.161000
2186.043000
2195.957000
2197.201000
2199.671000
2200.915000
2213.316000
2214.559000
2215.803000
2225.717000
2228.204000
2231.918000
2234.404000
2247.286000
2252.244000
2264.645000
2265.872000
2274.559000
2285.717000
2286.960000
2289.431000
2291.918000
2307.286000
2308.513000
2311.000000
2318.444000
2322.158000
2324.645000
2325.872000
2327.115000
2349.431000
2371.000000
2373.471000
2375.957000
2377.201000
2395.803000
2398.273000
2400.760000
2409.431000
2427.287000
2433.471000
2443.401000
2445.872000
2447.115000
2450.846000
2452.072000
2453.316000
2460.760000
2469.431000
2474.405000
