310.666000
311.893000
313.137000
314.380000
315.624000
316.867000
318.094000
319.337000
320.581000
321.824000
323.068000
324.295000
325.538000
326.781000
328.025000
329.252000
330.495000
331.739000
332.982000
334.225000
335.452000
336.696000
337.939000
339.183000
341.653000
342.896000
344.140000
345.383000
346.627000
347.854000
349.097000
350.340000
351.584000
352.827000
354.054000
355.298000
356.541000
357.784000
369.423000
370.666000
371.893000
373.137000
374.380000
375.624000
376.867000
378.094000
379.337000
380.581000
381.824000
383.068000
384.295000
385.538000
386.781000
388.025000
389.252000
390.495000
391.739000
392.982000
394.225000
395.452000
396.696000
397.939000
399.183000
400.426000
401.653000
402.896000
404.140000
405.383000
406.627000
407.854000
409.097000
410.340000
411.584000
412.827000
414.054000
415.298000
416.541000
417.785000
429.423000
430.667000
431.893000
433.137000
434.380000
435.624000
436.867000
438.094000
439.337000
440.581000
441.824000
443.068000
444.295000
445.538000
446.781000
448.025000
449.252000
450.495000
451.739000
452.982000
454.226000
455.452000
456.696000
457.939000
459.183000
460.426000
461.653000
462.896000
464.140000
465.383000
466.627000
467.854000
469.097000
470.340000
471.584000
472.827000
474.054000
475.298000
476.541000
477.785000
489.423000
490.667000
491.893000
493.137000
494.380000
495.624000
496.851000
498.094000
499.337000
500.581000
501.824000
503.051000
504.295000
505.538000
506.782000
508.025000
509.252000
510.495000
511.739000
512.982000
514.226000
515.452000
517.939000
519.183000
520.426000
521.653000
522.896000
524.140000
525.383000
526.627000
527.854000
529.097000
530.341000
531.584000
532.811000
534.054000
535.298000
536.541000
537.785000
549.407000
550.650000
551.893000
553.137000
554.364000
555.607000
556.851000
559.337000
560.564000
561.808000
563.051000
564.295000
565.538000
566.765000
568.008000
569.252000
570.495000
571.739000
572.966000
574.209000
575.452000
576.696000
577.923000
579.166000
580.410000
581.653000
582.896000
584.123000
585.367000
586.610000
587.854000
589.097000
590.324000
591.567000
592.811000
594.054000
595.298000
596.525000
597.768000
609.407000
610.650000
611.893000
613.137000
614.364000
615.607000
616.851000
618.094000
620.564000
621.808000
623.051000
624.295000
625.538000
626.765000
628.008000
629.252000
630.495000
631.739000
632.966000
634.209000
635.452000
636.696000
637.923000
639.166000
640.410000
641.653000
642.896000
644.123000
645.367000
646.610000
647.854000
649.097000
650.324000
651.567000
652.811000
654.054000
655.298000
656.525000
657.768000
669.407000
670.650000
671.893000
673.137000
674.364000
675.607000
676.851000
678.094000
679.338000
680.564000
681.808000
683.051000
684.295000
685.538000
686.765000
688.008000
689.252000
690.495000
691.739000
692.966000
694.209000
695.452000
696.696000
697.923000
699.166000
700.410000
701.653000
702.897000
704.123000
705.367000
706.610000
707.854000
709.097000
710.324000
711.567000
712.811000
714.054000
715.298000
716.525000
717.768000
729.423000
730.667000
731.894000
733.137000
734.380000
735.624000
736.851000
738.094000
739.338000
740.581000
741.824000
743.051000
744.295000
745.538000
746.782000
748.025000
749.252000
750.495000
751.739000
752.982000
754.226000
755.453000
756.696000
757.939000
759.183000
760.426000
761.653000
762.897000
764.140000
765.383000
766.627000
767.854000
769.097000
770.341000
771.584000
772.811000
774.054000
775.298000
776.541000
777.785000
789.407000
790.650000
791.894000
793.137000
794.364000
795.607000
796.851000
798.094000
799.338000
800.564000
801.808000
803.051000
804.295000
805.538000
806.765000
808.008000
809.252000
810.495000
811.739000
812.966000
814.209000
815.453000
816.696000
817.923000
819.166000
820.410000
821.653000
822.897000
824.123000
825.367000
826.610000
827.854000
829.097000
830.324000
831.568000
832.811000
834.054000
835.298000
836.525000
837.768000
849.407000
850.650000
851.894000
853.137000
854.364000
855.607000
856.851000
858.094000
859.338000
860.564000
861.808000
863.051000
864.295000
865.538000
866.765000
868.008000
869.252000
870.495000
871.739000
872.966000
874.209000
875.453000
876.696000
877.923000
880.410000
881.653000
882.897000
884.123000
885.367000
886.610000
887.854000
889.097000
890.324000
891.567000
892.811000
894.054000
895.298000
896.525000
897.768000
909.407000
910.650000
913.137000
914.364000
915.607000
916.851000
918.094000
919.338000
920.564000
921.808000
923.051000
924.295000
925.538000
926.765000
928.009000
929.252000
930.495000
931.739000
932.966000
934.209000
935.453000
936.696000
937.923000
939.166000
940.410000
941.653000
944.123000
945.367000
946.610000
947.854000
949.097000
950.324000
951.568000
952.811000
954.054000
955.298000
956.525000
957.768000
969.407000
970.650000
971.894000
973.137000
974.364000
975.607000
976.851000
978.094000
979.338000
980.564000
981.808000
983.051000
984.295000
985.538000
986.765000
988.009000
989.252000
990.495000
991.739000
992.966000
994.209000
995.453000
996.696000
997.923000
999.166000
1000.410000
1002.897000
1004.123000
1005.367000
1006.610000
1007.854000
1009.097000
1010.324000
1011.568000
1012.811000
1014.054000
1015.298000
1016.525000
1017.768000
