1766.656000
1767.900000
1769.143000
1770.387000
1771.613000
1772.857000
1774.100000
1775.344000
1776.587000
1777.814000
1779.057000
1780.301000
1781.544000
1782.788000
1784.015000
1785.258000
1786.502000
1787.745000
1788.972000
1790.215000
1791.459000
1792.702000
1795.172000
1796.416000
1797.659000
1798.903000
1800.146000
1801.373000
1802.616000
1803.860000
1805.103000
1806.347000
1807.574000
1808.817000
1810.061000
1811.304000
1812.547000
1813.774000
1825.429000
1826.673000
1827.900000
1829.143000
1830.387000
1831.630000
1832.873000
1834.100000
1835.344000
1836.587000
1837.831000
1839.074000
1840.301000
1841.544000
1842.788000
1844.031000
1845.275000
1846.502000
1847.745000
1848.988000
1850.232000
1851.475000
1852.702000
1853.946000
1855.189000
1856.432000
1857.676000
1858.903000
1860.146000
1861.390000
1862.633000
1863.860000
1865.103000
1866.347000
1867.590000
1868.834000
1870.061000
1871.304000
1872.547000
1873.791000
1885.429000
1886.673000
1887.900000
1889.143000
1890.387000
1891.630000
1892.874000
1894.100000
1895.344000
1896.587000
1897.831000
1899.074000
1900.301000
1901.544000
1902.788000
1904.031000
1905.275000
1907.745000
1908.988000
1910.232000
1911.475000
1912.702000
1913.946000
1915.189000
1916.432000
1917.676000
1918.903000
1920.146000
1921.390000
1922.633000
1923.860000
1925.103000
1926.347000
1927.590000
1928.834000
1930.061000
1931.304000
1932.547000
1933.791000
1945.413000
1946.656000
1947.900000
1949.143000
1950.387000
1951.613000
1952.857000
1954.100000
1955.344000
1956.587000
1957.814000
1959.058000
1960.301000
1961.544000
1962.788000
1964.015000
1965.258000
1966.502000
1967.745000
1968.972000
1970.215000
1971.459000
1972.702000
1973.946000
1975.172000
1976.416000
1977.659000
1978.903000
1980.146000
1981.373000
1982.617000
1983.860000
1985.103000
1986.347000
1987.574000
1988.817000
1990.061000
1991.304000
1992.547000
1993.774000
2005.413000
2006.656000
2007.900000
2009.143000
2010.387000
2011.614000
2012.857000
2014.100000
2015.344000
2016.587000
2017.814000
2019.058000
2020.301000
2021.544000
2022.788000
2024.015000
2025.258000
2026.502000
2027.745000
2028.972000
2030.215000
2031.459000
2032.702000
2033.946000
2035.173000
2036.416000
2037.659000
2038.903000
2040.146000
2041.373000
2042.617000
2043.860000
2045.103000
2046.347000
2047.574000
2048.817000
2050.061000
2051.304000
2052.547000
2053.774000
2065.413000
2066.656000
2067.900000
2069.143000
2070.387000
2071.614000
2072.857000
2074.100000
2075.344000
2076.587000
2077.814000
2079.058000
2080.301000
2081.544000
2082.788000
2084.015000
2085.258000
2086.502000
2087.745000
2088.972000
2090.215000
2091.459000
2092.702000
2093.946000
2095.173000
2096.416000
2097.659000
2098.903000
2100.146000
2101.373000
2102.617000
2103.860000
2105.103000
2106.347000
2107.574000
2108.817000
2110.061000
2111.304000
2112.548000
2113.774000
2126.656000
2127.900000
2129.143000
2130.387000
2131.614000
2132.857000
2134.100000
2135.344000
2136.587000
2137.814000
2139.058000
2140.301000
2141.544000
2142.788000
2144.015000
2145.258000
2146.502000
2147.745000
2148.972000
2150.215000
2151.459000
2152.702000
2153.946000
2155.173000
2156.416000
2158.903000
2160.146000
2162.617000
2163.860000
2166.347000
2167.574000
2168.817000
2170.061000
2171.304000
2172.548000
2173.774000
2185.413000
2186.656000
2187.900000
2190.387000
2191.614000
2192.857000
2194.100000
2195.344000
2196.571000
2197.814000
2199.058000
2200.301000
2201.545000
2202.771000
2204.015000
2205.258000
2206.502000
2207.745000
2208.972000
2210.215000
2211.459000
2212.702000
2213.946000
2215.173000
2216.416000
2217.659000
2218.903000
2220.146000
2221.373000
2222.617000
2223.860000
2225.104000
2226.347000
2227.574000
2228.817000
2230.061000
2231.304000
2232.531000
2233.774000
2245.413000
2246.656000
2247.900000
2249.143000
2250.387000
2251.614000
2252.857000
2254.101000
2255.344000
2256.571000
2257.814000
2259.058000
2260.301000
2261.545000
2262.771000
2264.015000
2265.258000
2266.502000
2267.745000
2268.972000
2270.215000
2271.459000
2272.702000
2273.946000
2275.173000
2276.416000
2277.659000
2278.903000
2280.146000
2281.373000
2282.617000
2283.860000
2285.104000
2286.347000
2287.574000
2288.817000
2290.061000
2291.304000
2292.531000
2293.774000
2305.413000
2306.656000
2307.900000
2309.143000
2310.387000
2311.614000
2312.857000
2314.101000
2315.344000
2316.571000
2317.814000
2319.058000
2320.301000
2321.545000
2322.771000
2324.015000
2325.258000
2326.502000
2327.745000
2328.972000
2330.215000
2331.459000
2332.702000
2333.946000
2335.173000
2336.416000
2337.660000
2338.903000
2340.146000
2341.373000
2343.860000
2345.104000
2346.347000
2347.574000
2348.817000
2350.061000
2351.304000
2352.531000
2353.774000
2365.413000
2366.656000
2367.900000
2369.143000
2370.387000
2371.614000
2372.857000
2374.101000
2375.344000
2376.571000
2379.058000
2380.301000
2381.545000
2382.771000
2384.015000
2385.258000
2386.502000
2387.745000
2388.972000
2390.215000
2391.459000
2392.702000
2393.946000
2396.416000
2397.660000
2398.903000
2400.146000
2401.373000
2402.617000
2403.860000
2406.347000
2407.574000
2408.817000
2410.061000
2411.304000
2412.531000
2413.775000
2425.413000
2426.657000
2427.900000
2429.143000
2431.614000
2432.857000
2434.101000
2435.344000
2436.571000
2437.814000
2439.058000
2440.301000
2441.545000
2444.015000
2445.258000
2446.502000
2447.745000
2448.972000
2451.459000
2452.702000
2453.946000
2455.173000
2456.416000
2457.660000
2458.903000
2460.146000
2461.373000
2463.860000
2465.104000
2466.347000
2467.574000
2468.817000
2470.061000
2471.304000
2472.531000
2473.775000
