1038.672000
1039.915000
1041.142000
1042.385000
1043.629000
1044.872000
1046.116000
1047.343000
1048.586000
1049.830000
1051.073000
1052.300000
1053.543000
1054.787000
1056.030000
1057.274000
1058.500000
1059.744000
1060.987000
1062.231000
1063.474000
1064.701000
1065.944000
1067.188000
1068.431000
1069.675000
1070.902000
1072.145000
1073.389000
1074.632000
1075.875000
1077.102000
1078.346000
1079.589000
1080.833000
1082.076000
1083.303000
1084.546000
1085.790000
1097.412000
1098.655000
1099.899000
1101.142000
1102.386000
1103.612000
1104.856000
1106.099000
1107.343000
1108.586000
1109.813000
1111.056000
1112.300000
1113.543000
1114.787000
1116.014000
1117.257000
1118.501000
1119.744000
1120.987000
1122.214000
1123.458000
1124.701000
1125.945000
1127.188000
1128.415000
1130.902000
1132.145000
1133.372000
1134.615000
1135.859000
1137.102000
1138.346000
1139.573000
1140.816000
1142.059000
1143.303000
1144.546000
1145.773000
1157.412000
1158.655000
1159.899000
1161.142000
1162.386000
1163.612000
1164.856000
1166.099000
1167.343000
1168.586000
1169.813000
1171.056000
1172.300000
1173.543000
1174.787000
1176.014000
1177.257000
1178.500000
1179.744000
1180.971000
1182.214000
1183.458000
1184.701000
1185.945000
1187.171000
1188.415000
1189.658000
1190.902000
1192.145000
1193.372000
1194.615000
1195.859000
1197.102000
1198.346000
1199.573000
1200.816000
1202.059000
1203.303000
1204.546000
1205.773000
1217.412000
1218.655000
1219.899000
1221.142000
1222.386000
1223.612000
1224.856000
1227.343000
1228.586000
1229.813000
1231.056000
1232.300000
1233.543000
1234.787000
1236.014000
1237.257000
1238.501000
1239.744000
1240.971000
1242.214000
1243.458000
1244.701000
1245.945000
1247.171000
1248.415000
1249.658000
1250.902000
1252.145000
1253.372000
1254.615000
1255.859000
1257.102000
1258.346000
1259.573000
1260.816000
1262.060000
1263.303000
1264.546000
1265.773000
1277.412000
1278.655000
1279.899000
1281.142000
1282.386000
1283.612000
1284.856000
1286.099000
1287.343000
1288.586000
1289.813000
1291.056000
1292.300000
1293.543000
1294.787000
1296.014000
1297.257000
1298.501000
1299.744000
1300.971000
1303.458000
1304.701000
1305.945000
1307.171000
1308.415000
1309.658000
1310.902000
1312.145000
1313.372000
1314.615000
1315.859000
1317.102000
1318.346000
1319.573000
1320.816000
1322.060000
1323.303000
1324.546000
1325.773000
1337.412000
1338.655000
1339.899000
1341.142000
1342.386000
1343.612000
1344.856000
1346.099000
1347.343000
1348.586000
1349.813000
1351.057000
1352.300000
1353.543000
1354.787000
1356.014000
1357.257000
1358.501000
1359.744000
1360.971000
1362.214000
1363.458000
1364.701000
1365.945000
1367.171000
1368.415000
1369.658000
1370.902000
1372.145000
1373.372000
1374.616000
1375.859000
1377.102000
1378.346000
1379.573000
1380.816000
1382.060000
1383.303000
1384.546000
1385.773000
1397.412000
1398.655000
1399.899000
1401.142000
1402.386000
1403.612000
1404.856000
1406.099000
1407.343000
1408.586000
1409.813000
1411.057000
1412.300000
1413.543000
1414.787000
1416.014000
1417.257000
1418.501000
1419.744000
1420.971000
1422.214000
1423.458000
1424.701000
1425.945000
1427.171000
1429.658000
1430.902000
1432.145000
1433.372000
1434.616000
1435.859000
1438.346000
1439.573000
1440.816000
1442.060000
1443.303000
1444.546000
1445.773000
1457.412000
1458.655000
1459.899000
1461.142000
1462.386000
1463.613000
1464.856000
1466.099000
1467.343000
1468.586000
1469.813000
1471.057000
1472.300000
1473.543000
1474.787000
1476.014000
1477.257000
1478.501000
1479.744000
1480.971000
1482.214000
1483.458000
1484.701000
1485.945000
1487.172000
1488.415000
1489.658000
1490.902000
1492.145000
1493.372000
1495.859000
1497.102000
1498.346000
1499.573000
1500.816000
1502.060000
1503.303000
1504.546000
1505.773000
1518.655000
1519.899000
1521.142000
1522.386000
1523.613000
1524.856000
1526.099000
1527.343000
1528.586000
1529.813000
1531.057000
1532.300000
1533.543000
1534.787000
1536.014000
1538.501000
1539.744000
1540.971000
1542.214000
1543.458000
1544.701000
1545.945000
1547.172000
1548.415000
1549.658000
1550.902000
1553.372000
1554.616000
1555.859000
1557.103000
1558.346000
1559.573000
1560.816000
1562.060000
1563.303000
1564.547000
1565.773000
1577.412000
1578.655000
1579.899000
1581.142000
1582.386000
1583.613000
1584.856000
1586.099000
1587.343000
1588.586000
1589.813000
1591.057000
1592.300000
1593.543000
1594.787000
1596.014000
1597.257000
1598.501000
1599.744000
1600.971000
1602.214000
1603.458000
1604.701000
1605.945000
1607.172000
1608.415000
1609.658000
1610.902000
1612.145000
1613.372000
1614.616000
1615.859000
1617.102000
1618.346000
1619.573000
1620.816000
1622.060000
1623.303000
1624.547000
1625.773000
1637.412000
1638.655000
1639.899000
1641.142000
1642.386000
1643.613000
1644.856000
1646.099000
1647.343000
1648.586000
1649.813000
1651.057000
1652.300000
1653.544000
1654.787000
1656.014000
1657.257000
1658.501000
1659.744000
1660.971000
1662.214000
1663.458000
1664.701000
1665.945000
1667.172000
1668.415000
1669.658000
1670.902000
1672.145000
1673.372000
1674.616000
1675.859000
1677.103000
1678.346000
1679.573000
1680.816000
1682.060000
1683.303000
1684.547000
1685.773000
1697.412000
1698.655000
1699.899000
1702.369000
1703.613000
1704.856000
1706.083000
1707.326000
1708.570000
1709.813000
1711.057000
1712.284000
1713.527000
1714.770000
1716.014000
1718.484000
1719.728000
1720.971000
1722.214000
1723.458000
1724.685000
1725.928000
1727.172000
1728.415000
1729.658000
1730.885000
1732.129000
1737.086000
1738.329000
1739.573000
1740.816000
1742.043000
1743.287000
1744.530000
1745.773000
