9.423000
10.036000
10.666000
11.280000
11.893000
12.523000
13.137000
13.767000
14.380000
14.994000
15.624000
16.237000
16.867000
17.480000
18.094000
18.724000
19.337000
19.967000
20.581000
21.194000
21.824000
22.438000
23.068000
23.681000
24.294000
24.924000
25.538000
26.168000
26.781000
27.395000
28.025000
28.638000
29.252000
29.882000
30.495000
31.125000
31.738000
32.352000
32.982000
33.595000
34.225000
34.839000
35.452000
36.082000
36.696000
37.326000
37.939000
38.553000
39.183000
39.796000
40.426000
41.039000
41.653000
42.283000
42.896000
43.526000
44.140000
44.753000
45.383000
45.997000
46.627000
47.240000
47.853000
48.483000
49.727000
50.340000
50.954000
51.584000
52.197000
52.827000
53.441000
54.054000
54.684000
55.297000
55.927000
56.541000
57.154000
57.784000
58.398000
69.423000
70.036000
70.666000
71.280000
71.893000
72.523000
73.137000
73.767000
74.380000
74.994000
75.624000
76.237000
76.867000
77.480000
78.094000
78.724000
79.337000
79.967000
80.581000
81.194000
81.824000
82.438000
83.068000
83.681000
84.294000
84.924000
85.538000
86.168000
86.781000
87.395000
88.025000
88.638000
89.252000
89.882000
90.495000
91.125000
91.739000
92.352000
92.982000
93.595000
94.225000
94.839000
95.452000
96.082000
96.696000
97.326000
97.939000
98.553000
99.183000
99.796000
100.426000
101.039000
101.653000
102.283000
102.896000
103.526000
104.140000
104.753000
105.383000
105.997000
106.627000
107.240000
107.853000
108.483000
109.097000
109.727000
110.340000
110.954000
111.584000
112.197000
112.827000
113.441000
114.054000
114.684000
115.298000
115.928000
116.541000
117.154000
117.784000
118.398000
129.423000
130.053000
130.666000
131.280000
132.523000
133.153000
133.767000
134.380000
135.010000
135.624000
136.254000
136.867000
137.480000
138.110000
138.724000
139.354000
139.967000
140.581000
141.211000
141.824000
142.454000
143.068000
143.681000
144.311000
144.924000
145.554000
146.168000
146.781000
147.411000
148.025000
148.655000
149.268000
149.882000
150.512000
151.125000
151.755000
152.369000
152.982000
153.612000
154.225000
154.855000
155.469000
156.082000
156.712000
157.326000
157.956000
158.569000
159.183000
159.813000
160.426000
161.056000
161.669000
162.283000
162.913000
163.526000
164.140000
164.770000
165.383000
166.013000
166.627000
167.240000
167.870000
168.484000
169.114000
169.727000
170.340000
170.970000
171.584000
172.214000
172.827000
173.441000
174.071000
174.684000
175.314000
175.928000
176.541000
177.171000
177.784000
178.414000
189.423000
190.036000
190.666000
191.280000
192.523000
193.137000
193.767000
194.380000
194.994000
195.624000
196.237000
196.867000
197.480000
198.094000
198.724000
199.337000
199.967000
200.581000
202.438000
203.068000
203.681000
204.294000
204.925000
205.538000
206.168000
206.781000
207.395000
208.025000
208.638000
209.252000
209.882000
210.495000
211.125000
211.739000
212.352000
212.982000
213.595000
214.225000
214.839000
215.452000
216.082000
216.696000
217.326000
217.939000
218.553000
219.183000
220.426000
221.039000
221.653000
222.283000
222.896000
223.526000
224.140000
224.753000
225.383000
225.997000
226.627000
227.240000
227.854000
228.483000
229.097000
229.727000
230.340000
230.954000
231.584000
232.197000
232.827000
233.441000
234.054000
234.684000
235.298000
235.928000
237.154000
237.784000
238.398000
249.423000
250.036000
250.666000
251.893000
252.523000
253.137000
253.767000
254.380000
254.994000
255.624000
256.237000
256.867000
257.480000
258.094000
258.724000
259.337000
259.967000
260.581000
261.194000
261.824000
262.438000
263.068000
263.681000
264.295000
264.925000
265.538000
266.168000
266.781000
267.395000
268.025000
268.638000
269.252000
269.882000
270.495000
271.125000
271.739000
272.352000
272.982000
273.595000
274.225000
274.839000
275.452000
276.082000
276.696000
277.326000
277.939000
278.553000
279.183000
279.796000
280.426000
281.039000
281.653000
282.283000
282.896000
283.526000
284.140000
284.753000
285.383000
285.997000
286.627000
287.240000
287.854000
288.484000
289.097000
289.727000
290.340000
290.954000
291.584000
292.197000
292.827000
293.441000
294.054000
294.684000
295.298000
295.928000
296.541000
297.154000
297.784000
298.398000
