1767.286000
1768.513000
1769.757000
1771.000000
1772.243000
1774.714000
1777.201000
1778.444000
1779.687000
1780.914000
1782.158000
1783.401000
1784.645000
1785.872000
1788.358000
1789.602000
1790.845000
1793.316000
1797.046000
1798.273000
1799.516000
1803.246000
1804.473000
1805.717000
1806.960000
1808.204000
1809.447000
1810.674000
1813.161000
1826.043000
1828.530000
1829.773000
1832.243000
1833.487000
1834.730000
1835.974000
1837.201000
1842.174000
1844.645000
1845.888000
1847.132000
1848.375000
1849.602000
1852.089000
1853.332000
1854.576000
1857.046000
1858.289000
1859.533000
1860.760000
1862.003000
1863.247000
1864.490000
1866.960000
1868.204000
1870.691000
1871.934000
1873.161000
1874.404000
1886.043000
1887.286000
1888.530000
1889.773000
1891.000000
1892.243000
1893.487000
1894.730000
1897.201000
1898.444000
1900.931000
1904.645000
1905.888000
1907.132000
1908.375000
1909.602000
1912.089000
1913.332000
1915.802000
1917.046000
1918.289000
1919.533000
1920.760000
1922.003000
1923.247000
1926.960000
1928.204000
1929.447000
1930.691000
1931.934000
1933.161000
1934.404000
1947.286000
1948.513000
1949.757000
1951.000000
1953.487000
1954.714000
1958.444000
1959.688000
1962.158000
1963.401000
1964.645000
1965.872000
1969.602000
1970.845000
1972.072000
1973.316000
1974.559000
1975.803000
1977.046000
1978.273000
1979.516000
1980.760000
1982.003000
1983.247000
1984.473000
1985.717000
1986.960000
1988.204000
1989.447000
1994.404000
2006.043000
2007.286000
2008.513000
2009.757000
2012.244000
2013.487000
2015.957000
2019.688000
2023.401000
2024.645000
2025.872000
2027.115000
2028.358000
2029.602000
2030.845000
2032.072000
2033.316000
2035.803000
2038.273000
2039.516000
2040.760000
2043.247000
2044.474000
2045.717000
2046.960000
2048.204000
2049.447000
2050.674000
2051.917000
2053.161000
2054.404000
2066.043000
2068.513000
2071.000000
2073.487000
2074.714000
2077.201000
2078.444000
2079.688000
2082.158000
2083.401000
2084.645000
2087.115000
2088.359000
2089.602000
2090.845000
2093.316000
2094.559000
2098.273000
2099.516000
2100.760000
2102.003000
2103.247000
2104.473000
2105.717000
2106.960000
2109.447000
2110.674000
2111.918000
2113.161000
2126.043000
2127.286000
2128.513000
2129.757000
2131.000000
2133.487000
2135.957000
2139.688000
2140.914000
2142.158000
2143.401000
2144.645000
2147.115000
2149.602000
2150.845000
2153.316000
2154.559000
2155.803000
2157.046000
2159.516000
2160.760000
2162.003000
2163.247000
2164.473000
2165.717000
2168.204000
2169.447000
2170.674000
2171.918000
2174.404000
2187.286000
2189.757000
2191.000000
2192.244000
2193.487000
2194.714000
2198.444000
2202.158000
2203.401000
2204.645000
2205.872000
2207.115000
2209.602000
2210.845000
2212.072000
2217.046000
2218.273000
2219.516000
2220.760000
2223.247000
2224.474000
2226.960000
2229.431000
2230.674000
2233.161000
2246.043000
2248.513000
2249.757000
2251.000000
2254.714000
2255.957000
2257.201000
2258.444000
2259.671000
2260.915000
2262.158000
2267.115000
2268.359000
2270.845000
2272.072000
2273.316000
2275.803000
2277.046000
2278.273000
2279.516000
2280.760000
2282.003000
2283.247000
2284.474000
2288.204000
2290.674000
2293.161000
2294.404000
2306.043000
2309.757000
2312.244000
2313.471000
2314.714000
2315.957000
2317.201000
2320.915000
2323.401000
2328.359000
2330.845000
2332.072000
2333.316000
2334.559000
2337.046000
2338.273000
2339.516000
2340.760000
2342.003000
2343.247000
2344.474000
2345.717000
2346.960000
2348.204000
2350.674000
2351.918000
2353.161000
2354.404000
2366.043000
2368.513000
2369.757000
2374.714000
2378.444000
2379.671000
2380.915000
2382.158000
2383.401000
2384.645000
2385.872000
2387.115000
2388.359000
2389.602000
2390.846000
2392.072000
2393.316000
2397.046000
2399.516000
2402.003000
2403.247000
2404.474000
2405.717000
2406.960000
2408.204000
2410.674000
2411.918000
2413.161000
2414.404000
2426.043000
2428.513000
2429.757000
2431.000000
2432.244000
2434.714000
2435.957000
2438.444000
2439.671000
2440.915000
2442.158000
2444.645000
2448.359000
2449.602000
2454.559000
2455.803000
2457.046000
2458.273000
2462.003000
2463.247000
2464.474000
2465.717000
2468.204000
2470.674000
2473.161000
