310.666000
311.280000
311.893000
312.523000
313.137000
313.767000
314.380000
314.994000
315.624000
316.237000
316.867000
317.481000
318.094000
318.724000
319.337000
319.967000
320.581000
321.194000
321.824000
322.438000
323.068000
323.681000
324.295000
324.925000
325.538000
326.168000
326.781000
327.395000
328.025000
328.638000
329.252000
329.882000
330.495000
331.125000
331.739000
332.352000
332.982000
333.595000
334.225000
334.839000
335.452000
336.082000
336.696000
337.326000
337.939000
338.553000
339.183000
339.796000
341.040000
341.653000
342.283000
342.896000
343.526000
344.140000
344.753000
345.383000
345.997000
346.627000
347.240000
347.854000
348.484000
349.097000
349.727000
350.340000
350.954000
351.584000
352.197000
352.827000
353.441000
354.054000
354.684000
355.298000
355.928000
356.541000
357.155000
357.784000
358.398000
369.423000
370.036000
370.666000
371.280000
371.893000
372.523000
373.137000
373.767000
374.380000
374.994000
375.624000
376.237000
376.867000
377.481000
378.094000
378.724000
379.337000
379.967000
380.581000
381.194000
381.824000
382.438000
383.068000
383.681000
384.295000
384.925000
385.538000
386.168000
386.781000
387.395000
388.025000
389.252000
389.882000
390.495000
391.125000
391.739000
392.352000
392.982000
393.595000
394.225000
394.839000
395.452000
396.082000
396.696000
397.326000
397.939000
398.553000
399.183000
399.796000
400.426000
401.040000
401.653000
402.283000
402.896000
403.526000
404.140000
404.753000
405.383000
405.997000
406.627000
407.240000
407.854000
408.484000
409.097000
409.727000
410.340000
411.584000
412.197000
412.827000
413.441000
414.054000
414.684000
415.298000
415.928000
416.541000
417.154000
417.785000
418.398000
429.423000
430.037000
430.667000
431.280000
431.893000
432.523000
433.137000
433.767000
434.380000
434.994000
435.624000
436.237000
436.867000
437.481000
438.094000
438.724000
439.337000
439.967000
440.581000
441.194000
441.824000
442.438000
443.068000
443.681000
444.295000
444.925000
445.538000
446.168000
446.781000
447.395000
448.025000
448.638000
449.252000
449.882000
450.495000
451.125000
451.739000
452.352000
452.982000
453.595000
454.226000
454.839000
455.452000
456.082000
456.696000
457.326000
457.939000
458.553000
459.183000
459.796000
460.426000
461.040000
461.653000
462.283000
462.896000
463.526000
464.140000
464.753000
465.383000
465.997000
466.627000
467.240000
467.854000
468.484000
469.097000
469.727000
470.340000
470.954000
471.584000
472.197000
472.827000
473.441000
474.054000
474.684000
475.298000
475.928000
476.541000
477.154000
477.785000
478.398000
489.423000
490.037000
490.667000
491.280000
491.893000
492.523000
493.137000
493.767000
494.380000
494.994000
495.624000
496.237000
496.851000
497.481000
498.094000
498.724000
499.337000
499.951000
500.581000
501.194000
501.824000
502.438000
503.051000
503.681000
504.295000
504.925000
505.538000
506.151000
506.782000
507.395000
508.025000
508.638000
509.252000
509.882000
510.495000
511.125000
511.739000
512.352000
512.982000
513.596000
514.226000
514.839000
515.452000
516.082000
517.326000
517.939000
518.553000
519.183000
519.796000
520.426000
521.040000
521.653000
522.283000
522.896000
523.526000
524.140000
524.753000
525.383000
525.997000
526.627000
527.240000
527.854000
528.484000
529.097000
529.710000
530.341000
530.954000
531.584000
532.197000
532.811000
533.441000
534.054000
534.684000
535.298000
535.911000
536.541000
537.155000
537.785000
538.398000
549.407000
550.037000
550.650000
551.263000
551.893000
552.507000
553.137000
553.750000
554.364000
554.994000
555.607000
556.237000
556.851000
557.464000
558.707000
559.337000
559.951000
560.564000
561.194000
561.808000
562.438000
563.051000
563.665000
564.295000
564.908000
565.538000
566.152000
566.765000
567.395000
568.008000
568.638000
569.252000
569.865000
570.495000
571.109000
571.739000
572.352000
572.966000
573.596000
574.209000
574.839000
575.452000
576.066000
576.696000
577.309000
577.923000
578.553000
579.166000
579.796000
580.410000
581.023000
581.653000
582.266000
582.896000
583.510000
584.123000
584.753000
585.367000
585.997000
586.610000
587.224000
587.854000
588.467000
589.097000
589.711000
590.324000
590.954000
591.567000
592.197000
592.811000
593.424000
594.054000
594.668000
595.298000
595.911000
596.525000
597.155000
597.768000
598.398000
609.407000
610.037000
610.650000
611.263000
611.893000
612.507000
613.137000
613.750000
614.364000
614.994000
615.607000
616.237000
616.851000
617.464000
618.094000
618.707000
619.951000
620.564000
621.194000
621.808000
622.438000
623.051000
623.665000
624.295000
624.908000
625.538000
626.152000
626.765000
627.395000
628.008000
628.638000
629.252000
629.865000
630.495000
631.109000
631.739000
632.352000
632.966000
633.596000
634.209000
634.839000
635.452000
636.066000
636.696000
637.309000
637.923000
638.553000
639.166000
639.796000
640.410000
641.023000
641.653000
642.266000
642.896000
643.510000
644.123000
644.753000
645.367000
645.997000
646.610000
647.224000
647.854000
648.467000
649.097000
649.711000
650.324000
650.954000
651.567000
652.197000
652.811000
653.424000
654.054000
654.668000
655.298000
655.911000
656.525000
657.155000
657.768000
658.398000
669.407000
670.037000
670.650000
671.263000
671.893000
672.507000
673.137000
673.750000
674.364000
674.994000
675.607000
676.237000
676.851000
677.464000
678.094000
678.708000
679.338000
679.951000
680.564000
681.194000
681.808000
682.438000
683.051000
683.665000
684.295000
684.908000
685.538000
686.152000
686.765000
687.395000
688.008000
688.638000
689.252000
689.865000
690.495000
691.109000
691.739000
692.352000
692.966000
693.596000
694.209000
694.839000
695.452000
696.066000
696.696000
697.309000
697.923000
698.553000
699.166000
699.796000
700.410000
701.023000
701.653000
702.267000
702.897000
703.510000
704.123000
704.753000
705.367000
705.997000
706.610000
707.224000
707.854000
708.467000
709.097000
709.711000
710.324000
710.954000
711.567000
712.197000
712.811000
713.424000
714.054000
714.668000
715.298000
715.911000
716.525000
717.155000
717.768000
718.398000
729.423000
730.037000
730.667000
731.280000
731.894000
732.524000
733.137000
733.767000
734.380000
734.994000
735.624000
736.237000
736.851000
737.481000
738.094000
738.724000
739.338000
739.951000
740.581000
741.194000
741.824000
742.438000
743.051000
743.681000
744.295000
744.925000
745.538000
746.152000
746.782000
747.395000
748.025000
748.638000
749.252000
749.882000
750.495000
751.125000
751.739000
752.352000
752.982000
753.596000
754.226000
754.839000
755.453000
756.083000
756.696000
757.326000
757.939000
758.553000
759.183000
759.796000
760.426000
761.040000
761.653000
762.283000
762.897000
763.527000
764.140000
764.753000
765.383000
765.997000
766.627000
767.240000
767.854000
768.484000
769.097000
769.711000
770.341000
770.954000
771.584000
772.197000
772.811000
773.441000
774.054000
774.684000
775.298000
775.911000
776.541000
777.155000
777.785000
778.398000
789.407000
790.037000
790.650000
791.264000
791.894000
792.507000
793.137000
793.750000
794.364000
794.994000
795.607000
796.237000
796.851000
797.464000
798.094000
798.708000
799.338000
799.951000
800.564000
801.195000
801.808000
802.438000
803.051000
803.665000
804.295000
804.908000
805.538000
806.152000
806.765000
807.395000
808.008000
808.638000
809.252000
809.865000
810.495000
811.109000
811.739000
812.352000
812.966000
813.596000
814.209000
814.823000
815.453000
816.066000
816.696000
817.309000
817.923000
818.553000
819.166000
819.796000
820.410000
821.023000
821.653000
822.267000
822.897000
823.510000
824.123000
824.753000
825.367000
825.997000
826.610000
827.224000
827.854000
828.467000
829.097000
829.711000
830.324000
830.954000
831.568000
832.198000
832.811000
833.424000
834.054000
834.668000
835.298000
835.911000
836.525000
837.155000
837.768000
849.407000
850.037000
850.650000
851.264000
851.894000
852.507000
853.137000
853.750000
854.364000
854.994000
855.607000
856.237000
856.851000
857.464000
858.094000
858.708000
859.338000
859.951000
860.564000
861.194000
861.808000
862.438000
863.051000
863.665000
864.295000
864.908000
865.538000
866.152000
866.765000
867.395000
868.008000
868.639000
869.252000
869.865000
870.495000
871.109000
871.739000
872.352000
872.966000
873.596000
874.209000
874.823000
875.453000
876.066000
876.696000
877.309000
877.923000
878.553000
879.796000
880.410000
881.023000
881.653000
882.267000
882.897000
883.510000
884.123000
884.753000
885.367000
885.997000
886.610000
887.224000
887.854000
888.467000
889.097000
889.711000
890.324000
890.954000
891.567000
892.198000
892.811000
893.424000
894.054000
894.668000
895.298000
895.911000
896.525000
897.155000
897.768000
898.398000
909.407000
910.037000
910.650000
911.264000
912.507000
913.137000
913.750000
914.364000
914.994000
915.607000
916.237000
916.851000
917.464000
918.094000
918.708000
919.338000
919.951000
920.564000
921.194000
921.808000
922.438000
923.051000
923.665000
924.295000
924.908000
925.538000
926.152000
926.765000
927.395000
928.009000
928.639000
929.252000
929.865000
930.495000
931.109000
931.739000
932.352000
932.966000
933.596000
934.209000
934.823000
935.453000
936.066000
936.696000
937.309000
937.923000
938.553000
939.166000
939.796000
940.410000
941.023000
941.653000
942.267000
943.510000
944.123000
944.753000
945.367000
945.997000
946.610000
947.224000
947.854000
948.467000
949.097000
949.711000
950.324000
950.954000
951.568000
952.198000
952.811000
953.424000
954.054000
954.668000
955.298000
955.911000
956.525000
957.155000
957.768000
958.398000
969.407000
970.037000
970.650000
971.264000
971.894000
972.507000
973.137000
973.750000
974.364000
974.994000
975.607000
976.237000
976.851000
977.464000
978.094000
978.708000
979.338000
979.951000
980.564000
981.194000
981.808000
982.438000
983.051000
983.665000
984.295000
984.908000
985.538000
986.152000
986.765000
987.395000
988.009000
988.639000
989.252000
989.865000
990.495000
991.109000
991.739000
992.352000
992.966000
993.596000
994.209000
994.823000
995.453000
996.066000
996.696000
997.309000
997.923000
998.553000
999.166000
999.796000
1000.410000
1001.023000
1002.267000
1002.897000
1003.510000
1004.123000
1004.754000
1005.367000
1005.997000
1006.610000
1007.224000
1007.854000
1008.467000
1009.097000
1009.711000
1010.324000
1010.954000
1011.568000
1012.198000
1012.811000
1013.424000
1014.054000
1014.668000
1015.298000
1015.911000
1016.525000
1017.155000
1017.768000
1018.398000
