311.280000
314.994000
316.237000
321.194000
323.681000
334.839000
341.040000
343.526000
347.240000
352.197000
357.155000
370.036000
373.767000
379.967000
381.194000
384.925000
386.168000
387.395000
389.882000
392.352000
397.326000
398.553000
401.040000
415.928000
431.280000
434.994000
446.168000
447.395000
459.796000
470.954000
473.441000
474.684000
491.280000
494.994000
502.438000
503.681000
518.553000
524.753000
529.710000
533.441000
538.398000
550.037000
552.507000
558.707000
561.194000
564.908000
567.395000
571.109000
579.796000
590.954000
593.424000
594.668000
614.994000
631.109000
638.553000
639.796000
642.266000
644.753000
645.997000
649.711000
650.954000
654.668000
655.911000
657.155000
658.398000
672.507000
674.994000
691.109000
698.553000
702.267000
704.753000
707.224000
708.467000
712.197000
713.424000
714.668000
718.398000
739.951000
753.596000
754.839000
758.553000
762.283000
765.997000
767.240000
770.954000
794.994000
796.237000
797.464000
798.708000
801.195000
804.908000
811.109000
813.596000
819.796000
822.267000
833.424000
834.668000
835.911000
854.994000
861.194000
867.395000
872.352000
876.066000
879.796000
884.753000
913.750000
924.908000
927.395000
934.823000
937.309000
939.796000
949.711000
953.424000
954.668000
957.155000
958.398000
979.951000
986.152000
987.395000
1002.267000
1005.997000
1007.224000
1012.198000
1017.155000
