1039.285000
1043.015000
1055.400000
1056.644000
1059.130000
1072.775000
1074.002000
1080.203000
1098.042000
1099.285000
1100.512000
1105.486000
1106.713000
1109.200000
1116.644000
1117.887000
1124.088000
1138.959000
1141.446000
1161.756000
1171.686000
1180.357000
1196.472000
1201.446000
1205.160000
1206.403000
1218.042000
1220.512000
1221.756000
1226.713000
1236.644000
1241.601000
1245.315000
1246.558000
1247.801000
1250.272000
1252.759000
1266.403000
1285.486000
1287.956000
1292.913000
1295.400000
1296.644000
1301.601000
1302.844000
1307.801000
1309.045000
1318.959000
1349.200000
1350.443000
1360.357000
1361.601000
1362.844000
1371.515000
1374.002000
1376.472000
1378.959000
1382.673000
1383.916000
1385.160000
1399.285000
1402.999000
1404.242000
1406.713000
1411.687000
1412.913000
1414.157000
1416.644000
1429.045000
1446.403000
1462.999000
1476.644000
1480.357000
1487.802000
1490.272000
1491.515000
1492.759000
1500.203000
1501.446000
1532.913000
1539.114000
1562.673000
1585.486000
1586.713000
1602.844000
1605.315000
1606.558000
1609.045000
1612.759000
1615.246000
1617.716000
1618.959000
1641.756000
1646.713000
1650.443000
1652.914000
1664.071000
1683.917000
1702.983000
1706.713000
1711.670000
1717.871000
1722.828000
1724.071000
1725.315000
1729.028000
1740.186000
