1040.529000
1041.772000
1044.242000
1045.486000
1046.729000
1047.973000
1049.200000
1050.443000
1051.686000
1052.930000
1054.173000
1057.887000
1060.374000
1061.601000
1062.844000
1064.088000
1065.331000
1066.575000
1067.801000
1069.045000
1070.288000
1071.532000
1075.245000
1076.489000
1077.732000
1078.976000
1081.446000
1082.689000
1083.933000
1085.160000
1086.403000
1101.755000
1102.999000
1104.242000
1107.956000
1110.443000
1111.686000
1112.913000
1114.157000
1115.400000
1119.114000
1120.357000
1121.601000
1122.844000
1125.315000
1126.558000
1127.801000
1129.045000
1130.272000
1131.515000
1132.759000
1134.002000
1135.245000
1136.472000
1137.716000
1140.203000
1142.673000
1143.916000
1145.160000
1146.403000
1158.042000
1159.285000
1160.512000
1162.999000
1164.242000
1165.486000
1166.713000
1167.956000
1169.200000
1170.443000
1172.913000
1174.157000
1175.400000
1176.644000
1177.870000
1179.114000
1181.601000
1182.844000
1184.071000
1185.315000
1186.558000
1187.801000
1189.045000
1190.272000
1191.515000
1192.759000
1194.002000
1195.245000
1197.716000
1198.959000
1200.203000
1203.916000
1219.285000
1222.999000
1225.486000
1227.956000
1229.200000
1230.443000
1231.686000
1232.913000
1234.157000
1235.400000
1237.871000
1239.114000
1240.357000
1242.844000
1244.071000
1249.045000
1251.515000
1254.002000
1255.245000
1256.472000
1257.716000
1258.959000
1260.203000
1261.446000
1262.673000
1263.916000
1265.160000
1278.042000
1279.285000
1280.512000
1281.756000
1282.999000
1286.713000
1289.200000
1290.443000
1291.687000
1294.157000
1297.871000
1299.114000
1300.357000
1304.071000
1305.315000
1306.558000
1310.272000
1311.515000
1312.759000
1314.002000
1315.246000
1316.472000
1317.716000
1320.203000
1321.446000
1322.673000
1323.916000
1325.160000
1326.403000
1338.042000
1339.285000
1340.512000
1341.756000
1342.999000
1344.242000
1345.486000
1346.713000
1347.956000
1351.687000
1352.913000
1354.157000
1355.400000
1356.644000
1357.871000
1359.114000
1364.071000
1365.315000
1366.558000
1367.801000
1369.045000
1370.272000
1372.759000
1375.246000
1377.716000
1380.203000
1381.446000
1386.403000
1398.042000
1400.512000
1401.756000
1405.486000
1407.956000
1409.200000
1410.443000
1415.400000
1417.871000
1419.114000
1420.357000
1421.601000
1422.844000
1424.071000
1425.315000
1426.558000
1427.801000
1430.272000
1431.515000
1432.759000
1434.002000
1435.246000
1436.472000
1437.716000
1438.959000
1440.203000
1441.446000
1442.673000
1443.916000
1445.160000
1458.042000
1459.285000
1460.512000
1461.756000
1464.243000
1465.486000
1466.713000
1467.956000
1469.200000
1470.443000
1471.687000
1472.913000
1474.157000
1475.400000
1477.871000
1479.114000
1481.601000
1482.844000
1484.071000
1485.315000
1486.558000
1489.045000
1494.002000
1495.246000
1496.472000
1497.716000
1498.959000
1502.673000
1503.916000
1505.160000
1506.403000
1518.042000
1519.285000
1520.512000
1521.756000
1522.999000
1524.243000
1525.486000
1526.713000
1527.956000
1529.200000
1530.443000
1534.157000
1535.400000
1536.644000
1537.871000
1540.358000
1541.601000
1542.844000
1544.071000
1545.315000
1546.558000
1547.802000
1549.045000
1550.272000
1551.515000
1554.002000
1555.246000
1556.472000
1557.716000
1560.203000
1561.446000
1563.916000
1565.160000
1566.403000
1578.042000
1579.285000
1580.512000
1581.756000
1582.999000
1584.243000
1587.956000
1589.200000
1590.443000
1591.687000
1592.913000
1594.157000
1595.400000
1596.644000
1597.871000
1599.114000
1600.358000
1601.601000
1604.071000
1607.802000
1610.272000
1611.515000
1614.002000
1616.472000
1620.203000
1621.446000
1622.673000
1623.917000
1625.160000
1626.403000
1638.042000
1639.285000
1640.512000
1642.999000
1644.243000
1645.486000
1647.956000
1649.200000
1651.687000
1654.157000
1655.400000
1656.644000
1657.871000
1659.114000
1660.358000
1661.601000
1662.844000
1665.315000
1666.558000
1667.802000
1669.045000
1670.272000
1671.515000
1672.759000
1674.002000
1675.246000
1676.473000
1677.716000
1678.959000
1680.203000
1681.446000
1682.673000
1686.403000
1698.025000
1699.269000
1700.512000
1704.226000
1705.469000
1707.956000
1709.183000
1710.427000
1712.914000
1714.157000
1715.384000
1716.627000
1720.358000
1721.584000
1726.558000
1727.785000
1730.272000
1731.515000
1732.759000
1733.986000
1736.473000
1737.716000
1738.943000
1741.430000
1742.673000
1745.143000
1746.387000
