1034.328000
1034.941000
1035.571000
1036.185000
1036.815000
1037.428000
1038.042000
1038.672000
1039.285000
1039.915000
1040.529000
1041.142000
1041.772000
1042.385000
1043.015000
1043.629000
1044.242000
1044.872000
1045.486000
1046.116000
1046.729000
1047.343000
1047.973000
1048.586000
1049.200000
1049.830000
1050.443000
1051.073000
1051.686000
1052.300000
1052.930000
1053.543000
1054.173000
1054.787000
1055.400000
1056.030000
1056.644000
1057.274000
1057.887000
1058.500000
1059.130000
1059.744000
1060.374000
1060.987000
1061.601000
1062.231000
1062.844000
1063.474000
1064.088000
1064.701000
1065.331000
1065.944000
1066.575000
1067.188000
1067.801000
1068.431000
1069.045000
1069.675000
1070.288000
1070.902000
1071.532000
1072.145000
1072.775000
1073.389000
1074.002000
1074.632000
1075.245000
1075.875000
1076.489000
1077.102000
1077.732000
1078.346000
1078.976000
1079.589000
1080.203000
1080.833000
1081.446000
1082.076000
1082.689000
1083.303000
1083.933000
1084.546000
1085.160000
1085.790000
1086.403000
1094.328000
1094.941000
1095.555000
1096.185000
1096.798000
1097.412000
1098.042000
1098.655000
1099.285000
1099.899000
1100.512000
1101.142000
1101.755000
1102.386000
1102.999000
1103.612000
1104.242000
1104.856000
1105.486000
1106.099000
1106.713000
1107.343000
1107.956000
1108.586000
1109.200000
1109.813000
1110.443000
1111.056000
1111.686000
1112.300000
1112.913000
1113.543000
1114.157000
1114.787000
1115.400000
1116.014000
1116.644000
1117.257000
1117.887000
1118.501000
1119.114000
1119.744000
1120.357000
1120.987000
1121.601000
1122.214000
1122.844000
1123.458000
1124.088000
1124.701000
1125.315000
1125.945000
1126.558000
1127.188000
1127.801000
1128.415000
1129.045000
1129.658000
1130.272000
1130.902000
1131.515000
1132.145000
1132.759000
1133.372000
1134.002000
1134.615000
1135.245000
1135.859000
1136.472000
1137.102000
1137.716000
1138.346000
1138.959000
1139.573000
1140.203000
1140.816000
1141.446000
1142.059000
1142.673000
1143.303000
1143.916000
1144.546000
1145.160000
1145.773000
1146.403000
1154.311000
1154.941000
1155.555000
1156.185000
1156.798000
1157.412000
1158.042000
1158.655000
1159.285000
1159.899000
1160.512000
1161.142000
1161.756000
1162.386000
1162.999000
1163.612000
1164.242000
1164.856000
1165.486000
1166.099000
1166.713000
1167.343000
1167.956000
1168.586000
1169.200000
1169.813000
1170.443000
1171.056000
1171.686000
1172.300000
1172.913000
1173.543000
1174.157000
1174.787000
1175.400000
1176.014000
1176.644000
1177.257000
1177.870000
1178.500000
1179.114000
1179.744000
1180.357000
1180.971000
1181.601000
1182.214000
1182.844000
1183.458000
1184.071000
1184.701000
1185.315000
1185.945000
1186.558000
1187.171000
1187.801000
1188.415000
1189.045000
1189.658000
1190.272000
1190.902000
1191.515000
1192.145000
1192.759000
1193.372000
1194.002000
1194.615000
1195.245000
1195.859000
1196.472000
1197.102000
1197.716000
1198.346000
1198.959000
1199.573000
1200.203000
1200.816000
1201.446000
1202.059000
1202.673000
1203.303000
1203.916000
1204.546000
1205.160000
1205.773000
1206.403000
1214.311000
1214.942000
1215.555000
1216.185000
1216.798000
1217.412000
1218.042000
1218.655000
1219.285000
1219.899000
1220.512000
1221.142000
1221.756000
1222.386000
1222.999000
1223.612000
1224.242000
1224.856000
1225.486000
1226.099000
1226.713000
1227.343000
1227.956000
1228.586000
1229.200000
1229.813000
1230.443000
1231.056000
1231.686000
1232.300000
1232.913000
1233.543000
1234.157000
1234.787000
1235.400000
1236.014000
1236.644000
1237.257000
1237.871000
1238.501000
1239.114000
1239.744000
1240.357000
1240.971000
1241.601000
1242.214000
1242.844000
1243.458000
1244.071000
1244.701000
1245.315000
1245.945000
1246.558000
1247.171000
1247.801000
1248.415000
1249.045000
1249.658000
1250.272000
1250.902000
1251.515000
1252.145000
1252.759000
1253.372000
1254.002000
1254.615000
1255.245000
1255.859000
1256.472000
1257.102000
1257.716000
1258.346000
1258.959000
1259.573000
1260.203000
1260.816000
1261.446000
1262.060000
1262.673000
1263.303000
1263.916000
1264.546000
1265.160000
1265.773000
1266.403000
1274.312000
1274.942000
1275.555000
1276.185000
1276.798000
1277.412000
1278.042000
1278.655000
1279.285000
1279.899000
1280.512000
1281.142000
1281.756000
1282.386000
1282.999000
1283.612000
1284.242000
1284.856000
1285.486000
1286.099000
1286.713000
1287.343000
1287.956000
1288.586000
1289.200000
1289.813000
1290.443000
1291.056000
1291.687000
1292.300000
1292.913000
1293.543000
1294.157000
1294.787000
1295.400000
1296.014000
1296.644000
1297.257000
1297.871000
1298.501000
1299.114000
1299.744000
1300.357000
1300.971000
1301.601000
1302.214000
1302.844000
1303.458000
1304.071000
1304.701000
1305.315000
1305.945000
1306.558000
1307.171000
1307.801000
1308.415000
1309.045000
1309.658000
1310.272000
1310.902000
1311.515000
1312.145000
1312.759000
1313.372000
1314.002000
1314.615000
1315.246000
1315.859000
1316.472000
1317.102000
1317.716000
1318.346000
1318.959000
1319.573000
1320.203000
1320.816000
1321.446000
1322.060000
1322.673000
1323.303000
1323.916000
1324.546000
1325.160000
1325.773000
1326.403000
1334.312000
1334.942000
1335.555000
1336.185000
1336.798000
1337.412000
1338.042000
1338.655000
1339.285000
1339.899000
1340.512000
1341.142000
1341.756000
1342.386000
1342.999000
1343.612000
1344.242000
1344.856000
1345.486000
1346.099000
1346.713000
1347.343000
1347.956000
1348.586000
1349.200000
1349.813000
1350.443000
1351.057000
1351.687000
1352.300000
1352.913000
1353.543000
1354.157000
1354.787000
1355.400000
1356.014000
1356.644000
1357.257000
1357.871000
1358.501000
1359.114000
1359.744000
1360.357000
1360.971000
1361.601000
1362.214000
1362.844000
1363.458000
1364.071000
1364.701000
1365.315000
1365.945000
1366.558000
1367.171000
1367.801000
1368.415000
1369.045000
1369.658000
1370.272000
1370.902000
1371.515000
1372.145000
1372.759000
1373.372000
1374.002000
1374.616000
1375.246000
1375.859000
1376.472000
1377.102000
1377.716000
1378.346000
1378.959000
1379.573000
1380.203000
1380.816000
1381.446000
1382.060000
1382.673000
1383.303000
1383.916000
1384.546000
1385.160000
1385.773000
1386.403000
1394.312000
1394.942000
1395.555000
1396.185000
1396.798000
1397.412000
1398.042000
1398.655000
1399.285000
1399.899000
1400.512000
1401.142000
1401.756000
1402.386000
1402.999000
1403.612000
1404.242000
1404.856000
1405.486000
1406.099000
1406.713000
1407.343000
1407.956000
1408.586000
1409.200000
1409.813000
1410.443000
1411.057000
1411.687000
1412.300000
1412.913000
1413.543000
1414.157000
1414.787000
1415.400000
1416.014000
1416.644000
1417.257000
1417.871000
1418.501000
1419.114000
1419.744000
1420.357000
1420.971000
1421.601000
1422.214000
1422.844000
1423.458000
1424.071000
1424.701000
1425.315000
1425.945000
1426.558000
1427.171000
1427.801000
1428.415000
1429.045000
1429.658000
1430.272000
1430.902000
1431.515000
1432.145000
1432.759000
1433.372000
1434.002000
1434.616000
1435.246000
1435.859000
1436.472000
1437.102000
1437.716000
1438.346000
1438.959000
1439.573000
1440.203000
1440.816000
1441.446000
1442.060000
1442.673000
1443.303000
1443.916000
1444.546000
1445.160000
1445.773000
1446.403000
1454.312000
1454.942000
1455.555000
1456.185000
1456.798000
1457.412000
1458.042000
1458.655000
1459.285000
1459.899000
1460.512000
1461.142000
1461.756000
1462.386000
1462.999000
1463.613000
1464.243000
1464.856000
1465.486000
1466.099000
1466.713000
1467.343000
1467.956000
1468.586000
1469.200000
1469.813000
1470.443000
1471.057000
1471.687000
1472.300000
1472.913000
1473.543000
1474.157000
1474.787000
1475.400000
1476.014000
1476.644000
1477.257000
1477.871000
1478.501000
1479.114000
1479.744000
1480.357000
1480.971000
1481.601000
1482.214000
1482.844000
1483.458000
1484.071000
1484.701000
1485.315000
1485.945000
1486.558000
1487.172000
1487.802000
1488.415000
1489.045000
1489.658000
1490.272000
1490.902000
1491.515000
1492.145000
1492.759000
1493.372000
1494.002000
1494.616000
1495.246000
1495.859000
1496.472000
1497.102000
1497.716000
1498.346000
1498.959000
1499.573000
1500.203000
1500.816000
1501.446000
1502.060000
1502.673000
1503.303000
1503.916000
1504.546000
1505.160000
1505.773000
1506.403000
1514.312000
1514.942000
1515.555000
1516.185000
1516.798000
1517.412000
1518.042000
1518.655000
1519.285000
1519.899000
1520.512000
1521.142000
1521.756000
1522.386000
1522.999000
1523.613000
1524.243000
1524.856000
1525.486000
1526.099000
1526.713000
1527.343000
1527.956000
1528.586000
1529.200000
1529.813000
1530.443000
1531.057000
1531.687000
1532.300000
1532.913000
1533.543000
1534.157000
1534.787000
1535.400000
1536.014000
1536.644000
1537.257000
1537.871000
1538.501000
1539.114000
1539.744000
1540.358000
1540.971000
1541.601000
1542.214000
1542.844000
1543.458000
1544.071000
1544.701000
1545.315000
1545.945000
1546.558000
1547.172000
1547.802000
1548.415000
1549.045000
1549.658000
1550.272000
1550.902000
1551.515000
1552.145000
1552.759000
1553.372000
1554.002000
1554.616000
1555.246000
1555.859000
1556.472000
1557.103000
1557.716000
1558.346000
1558.959000
1559.573000
1560.203000
1560.816000
1561.446000
1562.060000
1562.673000
1563.303000
1563.916000
1564.547000
1565.160000
1565.773000
1566.403000
1574.312000
1574.942000
1575.555000
1576.185000
1576.799000
1577.412000
1578.042000
1578.655000
1579.285000
1579.899000
1580.512000
1581.142000
1581.756000
1582.386000
1582.999000
1583.613000
1584.243000
1584.856000
1585.486000
1586.099000
1586.713000
1587.343000
1587.956000
1588.586000
1589.200000
1589.813000
1590.443000
1591.057000
1591.687000
1592.300000
1592.913000
1593.543000
1594.157000
1594.787000
1595.400000
1596.014000
1596.644000
1597.257000
1597.871000
1598.501000
1599.114000
1599.744000
1600.358000
1600.971000
1601.601000
1602.214000
1602.844000
1603.458000
1604.071000
1604.701000
1605.315000
1605.945000
1606.558000
1607.172000
1607.802000
1608.415000
1609.045000
1609.658000
1610.272000
1610.902000
1611.515000
1612.145000
1612.759000
1613.372000
1614.002000
1614.616000
1615.246000
1615.859000
1616.472000
1617.102000
1617.716000
1618.346000
1618.959000
1619.573000
1620.203000
1620.816000
1621.446000
1622.060000
1622.673000
1623.303000
1623.917000
1624.547000
1625.160000
1625.773000
1626.403000
1634.312000
1634.942000
1635.555000
1636.185000
1636.799000
1637.412000
1638.042000
1638.655000
1639.285000
1639.899000
1640.512000
1641.142000
1641.756000
1642.386000
1642.999000
1643.613000
1644.243000
1644.856000
1645.486000
1646.099000
1646.713000
1647.343000
1647.956000
1648.586000
1649.200000
1649.813000
1650.443000
1651.057000
1651.687000
1652.300000
1652.914000
1653.544000
1654.157000
1654.787000
1655.400000
1656.014000
1656.644000
1657.257000
1657.871000
1658.501000
1659.114000
1659.744000
1660.358000
1660.971000
1661.601000
1662.214000
1662.844000
1663.458000
1664.071000
1664.701000
1665.315000
1665.945000
1666.558000
1667.172000
1667.802000
1668.415000
1669.045000
1669.658000
1670.272000
1670.902000
1671.515000
1672.145000
1672.759000
1673.372000
1674.002000
1674.616000
1675.246000
1675.859000
1676.473000
1677.103000
1677.716000
1678.346000
1678.959000
1679.573000
1680.203000
1680.816000
1681.446000
1682.060000
1682.673000
1683.303000
1683.917000
1684.547000
1685.160000
1685.773000
1686.403000
1694.312000
1694.925000
1695.555000
1696.169000
1696.799000
1697.412000
1698.025000
1698.655000
1699.269000
1699.899000
1700.512000
1701.126000
1701.756000
1702.369000
1702.983000
1703.613000
1704.226000
1704.856000
1705.469000
1706.083000
1706.713000
1707.326000
1707.956000
1708.570000
1709.183000
1709.813000
1710.427000
1711.057000
1711.670000
1712.284000
1712.914000
1713.527000
1714.157000
1714.770000
1715.384000
1716.014000
1716.627000
1717.257000
1717.871000
1718.484000
1719.114000
1719.728000
1720.358000
1720.971000
1721.584000
1722.214000
1722.828000
1723.458000
1724.071000
1724.685000
1725.315000
1725.928000
1726.558000
1727.172000
1727.785000
1728.415000
1729.028000
1729.658000
1730.272000
1730.885000
1731.515000
1732.129000
1732.759000
1733.372000
1733.986000
1734.616000
1735.229000
1735.843000
1736.473000
1737.086000
1737.716000
1738.329000
1738.943000
1739.573000
1740.186000
1740.816000
1741.430000
1742.043000
1742.673000
1743.287000
1743.917000
1744.530000
1745.143000
1745.773000
1746.387000
