312.523000
313.767000
317.481000
318.724000
319.967000
322.438000
324.925000
326.168000
327.395000
328.638000
329.882000
331.125000
332.352000
333.595000
336.082000
337.326000
338.553000
339.796000
342.283000
344.753000
345.997000
348.484000
349.727000
350.954000
353.441000
354.684000
355.928000
358.398000
371.280000
372.523000
374.994000
376.237000
377.481000
378.724000
382.438000
383.681000
391.125000
393.595000
394.839000
396.082000
399.796000
402.283000
403.526000
404.753000
405.997000
407.240000
408.484000
409.727000
412.197000
413.441000
414.684000
417.154000
418.398000
430.037000
432.523000
433.767000
436.237000
437.481000
438.724000
439.967000
441.194000
442.438000
443.681000
444.925000
448.638000
449.882000
451.125000
452.352000
453.595000
454.839000
456.082000
457.326000
458.553000
461.040000
462.283000
463.526000
464.753000
465.997000
467.240000
468.484000
469.727000
472.197000
475.928000
477.154000
478.398000
490.037000
492.523000
493.767000
496.237000
497.481000
498.724000
499.951000
501.194000
504.925000
506.151000
507.395000
508.638000
509.882000
511.125000
512.352000
513.596000
514.839000
516.082000
517.326000
519.796000
521.040000
522.283000
523.526000
525.997000
527.240000
528.484000
530.954000
532.197000
534.684000
535.911000
537.155000
551.263000
553.750000
554.994000
556.237000
557.464000
559.951000
562.438000
563.665000
566.152000
568.638000
569.865000
572.352000
573.596000
574.839000
576.066000
577.309000
578.553000
581.023000
582.266000
583.510000
584.753000
585.997000
587.224000
588.467000
589.711000
592.197000
595.911000
597.155000
598.398000
610.037000
611.263000
612.507000
613.750000
616.237000
617.464000
618.707000
619.951000
621.194000
622.438000
623.665000
624.908000
626.152000
627.395000
628.638000
629.865000
632.352000
633.596000
634.839000
636.066000
637.309000
641.023000
643.510000
647.224000
648.467000
652.197000
653.424000
670.037000
671.263000
673.750000
676.237000
677.464000
678.708000
679.951000
681.194000
682.438000
683.665000
684.908000
686.152000
687.395000
688.638000
689.865000
692.352000
693.596000
694.839000
696.066000
697.309000
699.796000
701.023000
703.510000
705.997000
709.711000
710.954000
715.911000
717.155000
730.037000
731.280000
732.524000
733.767000
734.994000
736.237000
737.481000
738.724000
741.194000
742.438000
743.681000
744.925000
746.152000
747.395000
748.638000
749.882000
751.125000
752.352000
756.083000
757.326000
759.796000
761.040000
763.527000
764.753000
768.484000
769.711000
772.197000
773.441000
774.684000
775.911000
777.155000
778.398000
790.037000
791.264000
792.507000
793.750000
799.951000
802.438000
803.665000
806.152000
807.395000
808.638000
809.865000
812.352000
814.823000
816.066000
817.309000
818.553000
821.023000
823.510000
824.753000
825.997000
827.224000
828.467000
829.711000
830.954000
832.198000
837.155000
850.037000
851.264000
852.507000
853.750000
856.237000
857.464000
858.708000
859.951000
862.438000
863.665000
864.908000
866.152000
868.639000
869.865000
871.109000
873.596000
874.823000
877.309000
878.553000
881.023000
882.267000
883.510000
885.997000
887.224000
888.467000
889.711000
890.954000
892.198000
893.424000
894.668000
895.911000
897.155000
898.398000
910.037000
911.264000
912.507000
914.994000
916.237000
917.464000
918.708000
919.951000
921.194000
922.438000
923.665000
926.152000
928.639000
929.865000
931.109000
932.352000
933.596000
936.066000
938.553000
941.023000
942.267000
943.510000
944.753000
945.997000
947.224000
948.467000
950.954000
952.198000
955.911000
970.037000
971.264000
972.507000
973.750000
974.994000
976.237000
977.464000
978.708000
981.194000
982.438000
983.665000
984.908000
988.639000
989.865000
991.109000
992.352000
993.596000
994.823000
996.066000
997.309000
998.553000
999.796000
1001.023000
1003.510000
1004.754000
1008.467000
1009.711000
1010.954000
1013.424000
1014.668000
1015.911000
1018.398000
