311.275000
312.518000
313.762000
315.005000
317.475000
318.719000
319.962000
322.432000
323.676000
324.919000
328.633000
329.876000
331.120000
332.363000
334.834000
336.077000
337.321000
338.564000
341.034000
342.278000
343.521000
344.765000
346.008000
347.235000
348.478000
349.722000
350.965000
352.192000
354.679000
355.922000
357.166000
358.393000
370.048000
371.275000
373.762000
375.005000
378.719000
381.206000
384.919000
388.633000
389.876000
392.363000
393.607000
394.834000
396.077000
398.564000
401.034000
402.278000
403.521000
404.765000
407.235000
409.722000
413.435000
414.679000
415.922000
417.166000
418.393000
431.275000
432.518000
435.005000
436.232000
437.475000
439.962000
446.163000
447.406000
449.877000
452.363000
453.607000
454.834000
456.077000
459.807000
462.278000
466.008000
467.235000
468.478000
470.965000
475.922000
477.166000
478.393000
491.275000
492.518000
493.762000
496.232000
498.719000
499.962000
501.206000
502.432000
506.163000
507.406000
508.633000
509.877000
512.363000
514.834000
517.321000
519.791000
521.034000
522.278000
523.521000
524.765000
525.992000
527.235000
533.436000
534.679000
535.922000
537.166000
552.518000
553.762000
555.005000
556.232000
557.475000
559.962000
563.676000
564.919000
566.163000
568.633000
569.877000
577.321000
578.564000
579.791000
581.034000
590.965000
592.192000
593.436000
595.922000
597.166000
610.031000
611.275000
615.005000
617.475000
623.676000
624.919000
626.163000
627.406000
628.633000
629.877000
631.120000
633.607000
636.077000
637.321000
639.791000
641.034000
642.278000
644.765000
645.992000
648.478000
649.722000
650.965000
655.922000
657.166000
670.031000
671.275000
672.518000
673.762000
675.005000
679.962000
681.206000
682.433000
683.676000
686.163000
687.406000
688.633000
689.877000
691.120000
692.363000
693.607000
696.077000
699.791000
701.034000
703.521000
704.765000
708.478000
712.192000
713.436000
717.166000
718.393000
730.031000
731.275000
736.232000
737.475000
738.719000
741.206000
742.433000
746.163000
751.120000
753.607000
756.077000
757.321000
758.564000
761.034000
769.722000
770.965000
772.192000
773.436000
774.679000
790.031000
791.275000
793.762000
795.005000
796.232000
797.475000
798.719000
801.206000
802.433000
803.676000
804.919000
806.163000
807.406000
808.633000
813.607000
814.834000
817.321000
818.564000
821.034000
825.992000
827.235000
834.679000
851.275000
854.989000
858.719000
861.189000
862.433000
864.903000
868.633000
869.877000
874.834000
876.077000
877.304000
878.548000
879.791000
882.278000
883.505000
885.992000
890.949000
893.436000
894.663000
895.906000
897.149000
898.393000
911.275000
912.518000
913.745000
914.989000
919.946000
923.676000
926.146000
927.390000
928.633000
931.104000
933.590000
934.834000
936.077000
938.548000
939.791000
944.748000
945.992000
947.235000
949.705000
950.949000
953.436000
955.906000
958.393000
970.031000
971.275000
973.762000
975.005000
978.719000
979.962000
982.433000
983.676000
984.920000
987.406000
989.877000
991.120000
993.607000
994.834000
996.077000
997.321000
998.564000
1002.278000
1003.521000
1007.235000
1010.965000
1014.679000
1015.923000
1017.166000
