310.661000
311.905000
313.132000
314.375000
315.618000
318.105000
320.576000
321.819000
324.306000
325.533000
326.776000
328.020000
329.263000
330.506000
331.733000
332.977000
335.464000
336.707000
337.934000
339.177000
340.421000
341.664000
342.908000
344.135000
346.621000
347.865000
350.335000
351.579000
352.822000
356.536000
357.779000
370.661000
371.905000
373.132000
374.375000
375.618000
376.862000
378.105000
380.576000
383.062000
384.306000
385.533000
386.776000
388.020000
389.263000
390.506000
391.733000
394.220000
395.464000
396.707000
397.934000
400.421000
402.908000
404.135000
405.378000
406.621000
407.865000
409.092000
410.335000
411.579000
412.822000
414.065000
415.292000
416.536000
417.779000
430.661000
431.905000
433.132000
434.375000
436.862000
438.105000
439.332000
440.576000
441.819000
443.062000
444.306000
445.533000
446.776000
448.020000
450.507000
451.733000
452.977000
455.464000
456.707000
457.934000
459.177000
460.421000
461.664000
462.908000
464.135000
465.378000
466.621000
467.865000
470.335000
472.822000
475.292000
477.779000
489.418000
491.905000
493.132000
494.375000
495.618000
496.862000
498.105000
499.332000
500.576000
504.306000
505.533000
506.776000
509.263000
510.507000
511.733000
514.220000
515.464000
516.691000
517.934000
519.177000
520.421000
521.664000
522.891000
524.135000
525.378000
526.622000
527.865000
529.092000
530.335000
531.579000
532.822000
534.066000
535.292000
536.536000
537.779000
550.661000
551.905000
553.132000
554.375000
555.618000
556.862000
559.332000
560.576000
561.819000
563.063000
564.306000
565.533000
566.776000
568.020000
569.263000
570.507000
571.733000
572.977000
574.220000
575.464000
576.691000
580.421000
581.664000
582.891000
585.378000
586.622000
587.865000
590.335000
592.822000
596.536000
597.779000
611.905000
613.132000
614.375000
615.619000
616.862000
618.105000
619.332000
620.576000
621.819000
623.063000
624.306000
626.776000
628.020000
629.263000
631.733000
632.977000
635.464000
636.691000
637.934000
640.421000
641.664000
642.891000
644.135000
645.378000
646.622000
647.865000
649.092000
650.335000
654.066000
655.292000
669.418000
670.661000
671.905000
674.375000
675.619000
676.862000
678.105000
679.332000
680.576000
683.063000
688.020000
690.507000
692.977000
695.464000
696.691000
697.934000
699.178000
700.421000
701.664000
702.891000
704.135000
705.378000
706.622000
707.865000
710.335000
711.579000
712.822000
714.066000
715.292000
716.536000
717.779000
729.418000
730.661000
731.905000
733.132000
734.375000
735.619000
736.862000
739.332000
741.819000
745.533000
748.020000
749.263000
750.507000
754.220000
755.464000
756.691000
757.934000
759.178000
760.421000
761.664000
762.891000
764.135000
765.378000
766.622000
769.092000
771.579000
772.822000
776.536000
777.779000
789.418000
790.661000
791.905000
794.375000
795.619000
796.862000
798.105000
799.332000
800.576000
801.819000
803.063000
804.306000
806.776000
808.020000
809.263000
810.507000
811.734000
812.977000
815.464000
816.691000
819.178000
820.421000
821.664000
822.891000
824.135000
825.378000
829.092000
830.335000
831.579000
832.822000
834.066000
836.536000
837.779000
849.418000
850.645000
851.888000
853.132000
854.375000
855.619000
856.845000
858.089000
860.576000
861.803000
864.290000
866.776000
868.003000
869.247000
870.490000
871.734000
872.977000
874.204000
876.691000
877.934000
881.648000
882.891000
885.378000
887.849000
889.092000
890.335000
891.579000
892.806000
894.049000
895.293000
897.763000
909.418000
910.645000
911.888000
913.132000
915.619000
916.846000
918.089000
919.332000
920.576000
921.803000
923.046000
924.290000
925.533000
926.776000
928.003000
929.247000
930.490000
932.977000
935.447000
936.691000
937.934000
939.178000
940.404000
942.891000
945.378000
946.605000
947.849000
949.092000
950.335000
952.806000
955.293000
956.536000
957.763000
969.418000
971.905000
973.132000
974.375000
975.619000
976.862000
979.332000
980.576000
981.819000
985.533000
986.776000
988.020000
989.263000
990.507000
992.977000
994.220000
995.464000
996.691000
997.934000
999.178000
1000.421000
1001.665000
1005.378000
1006.622000
1007.865000
1009.092000
1010.335000
1011.579000
1012.822000
1014.066000
1017.779000
