1039.907000
1042.394000
1043.621000
1044.865000
1046.108000
1047.351000
1048.595000
1049.822000
1051.065000
1052.309000
1053.552000
1054.795000
1056.022000
1057.266000
1058.509000
1059.753000
1060.980000
1062.223000
1063.466000
1067.180000
1068.424000
1073.381000
1074.624000
1075.868000
1077.111000
1078.354000
1080.825000
1082.068000
1085.782000
1097.421000
1098.664000
1099.907000
1101.151000
1102.394000
1103.621000
1106.108000
1107.351000
1108.595000
1109.822000
1111.065000
1112.309000
1113.552000
1114.796000
1116.022000
1118.509000
1119.753000
1122.223000
1123.466000
1128.424000
1129.667000
1132.154000
1133.381000
1134.624000
1135.868000
1137.111000
1138.355000
1140.825000
1142.068000
1143.312000
1144.555000
1145.782000
1157.421000
1158.664000
1159.907000
1161.151000
1162.394000
1163.621000
1167.351000
1168.595000
1169.822000
1171.065000
1172.309000
1173.552000
1174.779000
1176.022000
1177.266000
1179.753000
1180.980000
1183.466000
1184.710000
1187.180000
1188.424000
1189.667000
1190.911000
1192.154000
1193.381000
1194.624000
1195.868000
1197.111000
1198.355000
1200.825000
1202.068000
1203.312000
1204.539000
1205.782000
1217.421000
1218.664000
1219.907000
1224.865000
1226.108000
1227.352000
1228.595000
1229.822000
1231.065000
1232.309000
1234.779000
1236.022000
1237.266000
1238.509000
1239.753000
1240.980000
1242.223000
1243.467000
1244.710000
1250.911000
1252.154000
1253.381000
1254.624000
1255.868000
1258.355000
1260.825000
1263.312000
1264.539000
1265.782000
1277.421000
1278.664000
1279.907000
1281.151000
1282.394000
1283.621000
1284.865000
1286.108000
1288.595000
1289.822000
1291.065000
1292.309000
1293.552000
1294.779000
1296.022000
1299.753000
1300.980000
1302.223000
1303.467000
1304.710000
1305.953000
1307.180000
1308.424000
1309.667000
1313.381000
1314.624000
1315.868000
1317.111000
1319.581000
1322.068000
1323.312000
1324.539000
1325.782000
1337.421000
1339.908000
1343.621000
1344.865000
1347.352000
1348.595000
1351.065000
1353.552000
1354.779000
1356.022000
1357.266000
1358.509000
1359.753000
1360.980000
1363.467000
1365.953000
1367.180000
1368.424000
1369.667000
1370.911000
1372.154000
1375.868000
1378.355000
1379.581000
1380.825000
1383.312000
1385.782000
1397.421000
1398.664000
1399.891000
1402.378000
1403.621000
1406.092000
1407.335000
1408.578000
1411.065000
1412.292000
1414.779000
1416.022000
1417.266000
1418.493000
1420.980000
1422.223000
1423.467000
1425.937000
1427.180000
1428.424000
1429.651000
1430.894000
1433.381000
1435.851000
1437.095000
1438.338000
1439.581000
1440.825000
1443.295000
1444.539000
1445.782000
1458.664000
1459.891000
1461.134000
1462.378000
1463.621000
1464.865000
1467.335000
1468.578000
1469.822000
1472.292000
1473.536000
1477.266000
1478.493000
1479.736000
1480.980000
1482.223000
1485.937000
1487.180000
1488.424000
1489.651000
1490.894000
1492.137000
1493.381000
1494.624000
1495.851000
1498.338000
1499.582000
1500.825000
1502.052000
1503.295000
1504.539000
1505.782000
1517.421000
1519.908000
1523.621000
1524.865000
1527.352000
1528.579000
1529.822000
1531.065000
1532.309000
1533.552000
1534.779000
1537.266000
1538.509000
1540.980000
1542.223000
1543.467000
1544.710000
1545.953000
1547.180000
1548.424000
1549.667000
1550.911000
1552.154000
1553.381000
1554.624000
1555.868000
1557.111000
1558.355000
1559.582000
1560.825000
1563.312000
1564.539000
1565.782000
1586.092000
1587.335000
1588.579000
1589.822000
1591.065000
1592.292000
1593.536000
1596.023000
1597.266000
1598.493000
1600.980000
1602.223000
1603.467000
1604.693000
1605.937000
1607.180000
1608.424000
1610.894000
1613.381000
1614.624000
1615.851000
1617.095000
1619.582000
1622.052000
1625.782000
1637.421000
1638.664000
1639.891000
1641.135000
1643.621000
1644.865000
1646.092000
1647.335000
1648.579000
1649.822000
1651.065000
1652.292000
1653.536000
1654.779000
1656.023000
1659.736000
1660.980000
1662.223000
1663.467000
1664.694000
1665.937000
1667.180000
1668.424000
1669.651000
1670.894000
1673.381000
1674.624000
1675.851000
1677.095000
1678.338000
1680.825000
1682.052000
1683.295000
1684.539000
1697.421000
1698.664000
1699.891000
1701.135000
1702.378000
1704.865000
1707.335000
1708.579000
1709.822000
1711.065000
1712.292000
1713.536000
1714.779000
1716.023000
1717.266000
1718.493000
1719.736000
1720.980000
1722.223000
1723.467000
1724.694000
1725.937000
1727.180000
1728.424000
1729.651000
1730.894000
1732.138000
1733.381000
1735.851000
1737.095000
1738.338000
1739.582000
1740.825000
1742.052000
1743.295000
1744.539000
1745.782000
