1770.378000
1771.621000
1772.865000
1776.579000
1777.822000
1779.065000
1780.292000
1781.536000
1782.779000
1786.493000
1787.736000
1788.980000
1790.223000
1791.467000
1792.694000
1793.937000
1795.180000
1796.424000
1798.894000
1800.138000
1801.381000
1802.624000
1803.868000
1805.095000
1806.338000
1807.582000
1808.825000
1810.052000
1811.295000
1813.782000
1825.421000
1826.664000
1827.908000
1829.135000
1830.378000
1831.621000
1832.865000
1834.092000
1835.335000
1836.579000
1837.822000
1839.065000
1841.536000
1842.779000
1844.023000
1846.493000
1847.736000
1850.223000
1851.467000
1853.937000
1855.180000
1856.424000
1857.667000
1858.894000
1860.138000
1861.381000
1863.868000
1865.095000
1866.338000
1867.582000
1870.052000
1871.295000
1885.421000
1886.664000
1887.908000
1891.621000
1894.092000
1895.335000
1896.579000
1897.822000
1900.292000
1901.536000
1902.779000
1904.023000
1907.736000
1908.980000
1910.223000
1911.467000
1912.694000
1913.937000
1915.180000
1916.424000
1917.667000
1918.894000
1920.138000
1921.381000
1922.624000
1923.868000
1926.338000
1927.582000
1932.539000
1933.782000
1945.421000
1946.664000
1947.908000
1949.135000
1950.378000
1951.621000
1952.865000
1955.335000
1956.579000
1957.822000
1959.065000
1961.536000
1962.779000
1966.493000
1968.980000
1970.223000
1972.694000
1975.180000
1976.424000
1978.894000
1980.138000
1981.381000
1982.625000
1983.868000
1987.582000
1988.825000
1990.052000
1991.295000
1992.539000
1993.782000
2005.421000
2006.664000
2007.908000
2011.621000
2012.865000
2014.092000
2015.335000
2016.579000
2017.822000
2019.066000
2021.536000
2022.779000
2024.023000
2025.266000
2027.736000
2028.980000
2030.223000
2031.467000
2032.694000
2033.937000
2035.180000
2036.424000
2037.667000
2038.894000
2040.138000
2041.381000
2042.625000
2043.868000
2045.095000
2046.338000
2047.582000
2048.825000
2050.052000
2051.295000
2053.782000
2065.421000
2066.664000
2069.135000
2071.621000
2072.865000
2074.092000
2075.335000
2076.579000
2079.066000
2081.536000
2082.779000
2084.023000
2085.266000
2086.493000
2088.980000
2090.223000
2091.467000
2092.694000
2093.937000
2095.181000
2096.424000
2097.667000
2098.894000
2100.138000
2101.381000
2102.625000
2103.868000
2105.095000
2106.338000
2107.582000
2108.825000
2110.052000
2111.295000
2125.421000
2126.664000
2127.908000
2129.135000
2130.378000
2131.622000
2132.865000
2134.092000
2135.335000
2136.579000
2137.822000
2139.066000
2140.292000
2141.536000
2144.023000
2145.266000
2146.493000
2147.736000
2150.223000
2151.467000
2153.937000
2155.181000
2156.424000
2157.667000
2158.894000
2160.138000
2161.381000
2163.868000
2165.095000
2166.338000
2167.582000
2168.825000
2170.052000
2171.295000
2172.539000
2185.421000
2186.664000
2187.908000
2189.135000
2191.622000
2192.865000
2194.092000
2196.579000
2197.822000
2199.066000
2200.292000
2201.536000
2202.779000
2205.266000
2206.493000
2207.737000
2208.980000
2210.223000
2211.467000
2212.694000
2213.937000
2215.181000
2218.894000
2220.138000
2221.381000
2222.625000
2223.868000
2225.095000
2226.338000
2228.825000
2231.296000
2232.539000
2245.421000
2246.664000
2247.908000
2249.135000
2250.378000
2251.622000
2254.092000
2255.335000
2257.822000
2259.066000
2260.292000
2262.779000
2264.023000
2266.493000
2267.737000
2270.223000
2271.467000
2272.694000
2273.937000
2275.181000
2276.424000
2277.667000
2278.894000
2281.381000
2282.625000
2283.868000
2285.095000
2286.338000
2287.582000
2288.825000
2290.052000
2291.296000
2292.539000
2293.782000
2306.648000
2307.891000
2309.135000
2310.378000
2311.605000
2312.848000
2314.092000
2315.335000
2316.579000
2317.806000
2320.293000
2321.536000
2324.006000
2325.250000
2326.493000
2327.737000
2328.980000
2330.207000
2331.450000
2333.937000
2335.164000
2336.407000
2337.651000
2338.894000
2340.138000
2341.365000
2342.608000
2343.851000
2345.095000
2346.338000
2347.565000
2348.809000
2350.052000
2351.296000
2352.539000
2353.766000
2366.664000
2367.891000
2369.135000
2374.092000
2375.335000
2376.579000
2377.822000
2379.066000
2380.293000
2381.536000
2382.779000
2384.023000
2386.493000
2388.980000
2390.223000
2392.694000
2395.181000
2396.424000
2397.651000
2398.894000
2400.138000
2401.381000
2402.625000
2403.852000
2405.095000
2407.582000
2410.052000
2411.296000
2413.782000
2425.421000
2426.664000
2427.891000
2429.135000
2430.378000
2431.622000
2432.865000
2435.335000
2436.579000
2437.822000
2439.066000
2440.293000
2441.536000
2444.023000
2445.266000
2446.493000
2448.980000
2450.223000
2451.467000
2452.694000
2453.937000
2455.181000
2456.424000
2457.651000
2458.894000
2460.138000
2461.381000
2462.625000
2467.582000
2468.825000
2470.052000
2471.296000
2472.539000
2473.782000
