1034.320000
1034.950000
1035.564000
1036.194000
1036.807000
1037.421000
1038.051000
1038.664000
1039.294000
1039.907000
1040.521000
1041.151000
1041.764000
1042.394000
1043.008000
1043.621000
1044.251000
1044.865000
1045.495000
1046.108000
1046.721000
1047.351000
1047.965000
1048.595000
1049.208000
1049.822000
1050.452000
1051.065000
1051.695000
1052.309000
1052.922000
1053.552000
1054.165000
1054.795000
1055.409000
1056.022000
1056.652000
1057.266000
1057.896000
1058.509000
1059.123000
1059.753000
1060.366000
1060.980000
1061.610000
1062.223000
1062.853000
1063.466000
1064.080000
1064.710000
1065.323000
1065.953000
1066.567000
1067.180000
1067.810000
1068.424000
1069.054000
1069.667000
1070.280000
1070.910000
1071.524000
1072.154000
1072.767000
1073.381000
1074.011000
1074.624000
1075.254000
1075.868000
1076.481000
1077.111000
1077.724000
1078.354000
1078.968000
1079.581000
1080.211000
1080.825000
1081.455000
1082.068000
1082.682000
1083.312000
1083.925000
1084.555000
1085.169000
1085.782000
1086.412000
1094.320000
1094.950000
1095.564000
1096.194000
1096.807000
1097.421000
1098.051000
1098.664000
1099.294000
1099.907000
1100.521000
1101.151000
1101.764000
1102.394000
1103.008000
1103.621000
1104.251000
1104.865000
1105.495000
1106.108000
1106.721000
1107.351000
1107.965000
1108.595000
1109.208000
1109.822000
1110.452000
1111.065000
1111.695000
1112.309000
1112.922000
1113.552000
1114.166000
1114.796000
1115.409000
1116.022000
1116.652000
1117.266000
1117.896000
1118.509000
1119.123000
1119.753000
1120.366000
1120.980000
1121.610000
1122.223000
1122.853000
1123.466000
1124.080000
1124.710000
1125.323000
1125.953000
1126.567000
1127.180000
1127.810000
1128.424000
1129.054000
1129.667000
1130.280000
1130.910000
1131.524000
1132.154000
1132.767000
1133.381000
1134.011000
1134.624000
1135.254000
1135.868000
1136.481000
1137.111000
1137.725000
1138.355000
1138.968000
1139.581000
1140.211000
1140.825000
1141.455000
1142.068000
1142.682000
1143.312000
1143.925000
1144.555000
1145.169000
1145.782000
1146.412000
1154.320000
1154.950000
1155.564000
1156.194000
1156.807000
1157.421000
1158.051000
1158.664000
1159.294000
1159.907000
1160.521000
1161.151000
1161.764000
1162.394000
1163.008000
1163.621000
1164.251000
1164.865000
1165.495000
1166.108000
1166.721000
1167.351000
1167.965000
1168.595000
1169.208000
1169.822000
1170.452000
1171.065000
1171.679000
1172.309000
1172.922000
1173.552000
1174.166000
1174.779000
1175.409000
1176.022000
1176.652000
1177.266000
1177.879000
1178.509000
1179.123000
1179.753000
1180.366000
1180.980000
1181.610000
1182.223000
1182.853000
1183.466000
1184.080000
1184.710000
1185.323000
1185.953000
1186.567000
1187.180000
1187.810000
1188.424000
1189.054000
1189.667000
1190.280000
1190.911000
1191.524000
1192.154000
1192.767000
1193.381000
1194.011000
1194.624000
1195.254000
1195.868000
1196.481000
1197.111000
1197.725000
1198.355000
1198.968000
1199.581000
1200.211000
1200.825000
1201.455000
1202.068000
1202.682000
1203.312000
1203.925000
1204.539000
1205.169000
1205.782000
1206.412000
1214.320000
1214.950000
1215.564000
1216.194000
1216.807000
1217.421000
1218.051000
1218.664000
1219.294000
1219.907000
1220.521000
1221.151000
1221.764000
1222.394000
1223.008000
1223.621000
1224.251000
1224.865000
1225.495000
1226.108000
1226.722000
1227.352000
1227.965000
1228.595000
1229.208000
1229.822000
1230.452000
1231.065000
1231.679000
1232.309000
1232.922000
1233.552000
1234.166000
1234.779000
1235.409000
1236.022000
1236.652000
1237.266000
1237.879000
1238.509000
1239.123000
1239.753000
1240.366000
1240.980000
1241.610000
1242.223000
1242.853000
1243.467000
1244.080000
1244.710000
1245.323000
1245.953000
1246.567000
1247.180000
1247.810000
1248.424000
1249.054000
1249.667000
1250.281000
1250.911000
1251.524000
1252.154000
1252.767000
1253.381000
1254.011000
1254.624000
1255.254000
1255.868000
1256.481000
1257.111000
1257.725000
1258.355000
1258.968000
1259.581000
1260.211000
1260.825000
1261.455000
1262.068000
1262.682000
1263.312000
1263.925000
1264.539000
1265.169000
1265.782000
1266.412000
1274.320000
1274.950000
1275.564000
1276.194000
1276.807000
1277.421000
1278.051000
1278.664000
1279.294000
1279.907000
1280.521000
1281.151000
1281.764000
1282.394000
1283.008000
1283.621000
1284.251000
1284.865000
1285.495000
1286.108000
1286.722000
1287.352000
1287.965000
1288.595000
1289.208000
1289.822000
1290.452000
1291.065000
1291.679000
1292.309000
1292.922000
1293.552000
1294.166000
1294.779000
1295.409000
1296.022000
1296.652000
1297.266000
1297.879000
1298.509000
1299.123000
1299.753000
1300.366000
1300.980000
1301.610000
1302.223000
1302.853000
1303.467000
1304.080000
1304.710000
1305.323000
1305.953000
1306.567000
1307.180000
1307.810000
1308.424000
1309.054000
1309.667000
1310.281000
1310.911000
1311.524000
1312.154000
1312.767000
1313.381000
1314.011000
1314.624000
1315.254000
1315.868000
1316.481000
1317.111000
1317.725000
1318.355000
1318.968000
1319.581000
1320.211000
1320.825000
1321.455000
1322.068000
1322.682000
1323.312000
1323.925000
1324.539000
1325.169000
1325.782000
1326.412000
1334.320000
1334.950000
1335.564000
1336.194000
1336.807000
1337.421000
1338.051000
1338.664000
1339.294000
1339.908000
1340.521000
1341.151000
1341.764000
1342.394000
1343.008000
1343.621000
1344.251000
1344.865000
1345.495000
1346.108000
1346.722000
1347.352000
1347.965000
1348.595000
1349.208000
1349.822000
1350.452000
1351.065000
1351.679000
1352.309000
1352.922000
1353.552000
1354.166000
1354.779000
1355.409000
1356.022000
1356.652000
1357.266000
1357.879000
1358.509000
1359.123000
1359.753000
1360.366000
1360.980000
1361.610000
1362.223000
1362.853000
1363.467000
1364.080000
1364.710000
1365.323000
1365.953000
1366.567000
1367.180000
1367.810000
1368.424000
1369.054000
1369.667000
1370.281000
1370.911000
1371.524000
1372.154000
1372.767000
1373.381000
1374.011000
1374.624000
1375.254000
1375.868000
1376.481000
1377.111000
1377.725000
1378.355000
1378.968000
1379.581000
1380.211000
1380.825000
1381.455000
1382.068000
1382.682000
1383.312000
1383.925000
1384.539000
1385.169000
1385.782000
1386.412000
1394.320000
1394.934000
1395.564000
1396.177000
1396.791000
1397.421000
1398.034000
1398.664000
1399.278000
1399.891000
1400.521000
1401.134000
1401.764000
1402.378000
1402.991000
1403.621000
1404.235000
1404.865000
1405.478000
1406.092000
1406.722000
1407.335000
1407.965000
1408.578000
1409.192000
1409.822000
1410.435000
1411.065000
1411.679000
1412.292000
1412.922000
1413.536000
1414.166000
1414.779000
1415.393000
1416.022000
1416.636000
1417.266000
1417.879000
1418.493000
1419.123000
1419.736000
1420.366000
1420.980000
1421.593000
1422.223000
1422.837000
1423.467000
1424.080000
1424.693000
1425.323000
1425.937000
1426.567000
1427.180000
1427.794000
1428.424000
1429.037000
1429.651000
1430.281000
1430.894000
1431.524000
1432.137000
1432.751000
1433.381000
1433.994000
1434.624000
1435.238000
1435.851000
1436.481000
1437.095000
1437.725000
1438.338000
1438.951000
1439.581000
1440.195000
1440.825000
1441.438000
1442.052000
1442.682000
1443.295000
1443.925000
1444.539000
1445.152000
1445.782000
1446.396000
1454.320000
1454.934000
1455.564000
1456.177000
1456.791000
1457.421000
1458.034000
1458.664000
1459.278000
1459.891000
1460.521000
1461.134000
1461.764000
1462.378000
1462.991000
1463.621000
1464.235000
1464.865000
1465.478000
1466.092000
1466.722000
1467.335000
1467.965000
1468.578000
1469.192000
1469.822000
1470.435000
1471.065000
1471.679000
1472.292000
1472.922000
1473.536000
1474.166000
1474.779000
1475.392000
1476.023000
1476.636000
1477.266000
1477.879000
1478.493000
1479.123000
1479.736000
1480.366000
1480.980000
1481.593000
1482.223000
1482.837000
1483.467000
1484.080000
1484.693000
1485.323000
1485.937000
1486.567000
1487.180000
1487.794000
1488.424000
1489.037000
1489.651000
1490.281000
1490.894000
1491.524000
1492.137000
1492.751000
1493.381000
1493.994000
1494.624000
1495.238000
1495.851000
1496.481000
1497.095000
1497.725000
1498.338000
1498.952000
1499.582000
1500.195000
1500.825000
1501.438000
1502.052000
1502.682000
1503.295000
1503.925000
1504.539000
1505.152000
1505.782000
1506.396000
1514.320000
1514.950000
1515.564000
1516.194000
1516.807000
1517.421000
1518.051000
1518.664000
1519.294000
1519.908000
1520.521000
1521.151000
1521.764000
1522.394000
1523.008000
1523.621000
1524.251000
1524.865000
1525.495000
1526.108000
1526.722000
1527.352000
1527.965000
1528.579000
1529.209000
1529.822000
1530.452000
1531.065000
1531.679000
1532.309000
1532.922000
1533.552000
1534.166000
1534.779000
1535.409000
1536.023000
1536.653000
1537.266000
1537.879000
1538.509000
1539.123000
1539.753000
1540.366000
1540.980000
1541.610000
1542.223000
1542.853000
1543.467000
1544.080000
1544.710000
1545.323000
1545.953000
1546.567000
1547.180000
1547.810000
1548.424000
1549.054000
1549.667000
1550.281000
1550.911000
1551.524000
1552.154000
1552.767000
1553.381000
1554.011000
1554.624000
1555.254000
1555.868000
1556.481000
1557.111000
1557.725000
1558.355000
1558.968000
1559.582000
1560.212000
1560.825000
1561.455000
1562.068000
1562.682000
1563.312000
1563.925000
1564.539000
1565.169000
1565.782000
1566.412000
1574.320000
1574.934000
1575.564000
1576.177000
1576.791000
1577.421000
1578.034000
1578.664000
1579.278000
1579.891000
1580.521000
1581.134000
1581.764000
1582.378000
1582.991000
1583.621000
1584.235000
1584.865000
1585.478000
1586.092000
1586.722000
1587.335000
1587.965000
1588.579000
1589.192000
1589.822000
1590.435000
1591.065000
1591.679000
1592.292000
1592.922000
1593.536000
1594.166000
1594.779000
1595.393000
1596.023000
1596.636000
1597.266000
1597.879000
1598.493000
1599.123000
1599.736000
1600.366000
1600.980000
1601.593000
1602.223000
1602.837000
1603.467000
1604.080000
1604.693000
1605.323000
1605.937000
1606.567000
1607.180000
1607.794000
1608.424000
1609.037000
1609.651000
1610.281000
1610.894000
1611.524000
1612.138000
1612.751000
1613.381000
1613.994000
1614.624000
1615.238000
1615.851000
1616.481000
1617.095000
1617.725000
1618.338000
1618.952000
1619.582000
1620.195000
1620.825000
1621.438000
1622.052000
1622.682000
1623.295000
1623.925000
1624.539000
1625.152000
1625.782000
1626.396000
1634.320000
1634.934000
1635.564000
1636.177000
1636.791000
1637.421000
1638.034000
1638.664000
1639.278000
1639.891000
1640.521000
1641.135000
1641.765000
1642.378000
1642.991000
1643.621000
1644.235000
1644.865000
1645.478000
1646.092000
1646.722000
1647.335000
1647.965000
1648.579000
1649.192000
1649.822000
1650.435000
1651.065000
1651.679000
1652.292000
1652.922000
1653.536000
1654.166000
1654.779000
1655.393000
1656.023000
1656.636000
1657.266000
1657.879000
1658.493000
1659.123000
1659.736000
1660.366000
1660.980000
1661.593000
1662.223000
1662.837000
1663.467000
1664.080000
1664.694000
1665.323000
1665.937000
1666.567000
1667.180000
1667.794000
1668.424000
1669.037000
1669.651000
1670.281000
1670.894000
1671.524000
1672.138000
1672.751000
1673.381000
1673.994000
1674.624000
1675.238000
1675.851000
1676.481000
1677.095000
1677.725000
1678.338000
1678.952000
1679.582000
1680.195000
1680.825000
1681.438000
1682.052000
1682.682000
1683.295000
1683.925000
1684.539000
1685.152000
1685.782000
1686.396000
1694.320000
1694.934000
1695.564000
1696.177000
1696.791000
1697.421000
1698.034000
1698.664000
1699.278000
1699.891000
1700.521000
1701.135000
1701.765000
1702.378000
1702.991000
1703.621000
1704.235000
1704.865000
1705.478000
1706.092000
1706.722000
1707.335000
1707.965000
1708.579000
1709.192000
1709.822000
1710.436000
1711.065000
1711.679000
1712.292000
1712.922000
1713.536000
1714.166000
1714.779000
1715.393000
1716.023000
1716.636000
1717.266000
1717.879000
1718.493000
1719.123000
1719.736000
1720.366000
1720.980000
1721.593000
1722.223000
1722.837000
1723.467000
1724.080000
1724.694000
1725.324000
1725.937000
1726.567000
1727.180000
1727.794000
1728.424000
1729.037000
1729.651000
1730.281000
1730.894000
1731.524000
1732.138000
1732.751000
1733.381000
1733.994000
1734.624000
1735.238000
1735.851000
1736.481000
1737.095000
1737.725000
1738.338000
1738.952000
1739.582000
1740.195000
1740.825000
1741.438000
1742.052000
1742.682000
1743.295000
1743.925000
1744.539000
1745.152000
1745.782000
1746.396000
