310.661000
311.275000
311.905000
312.518000
313.132000
313.762000
314.375000
315.005000
315.618000
317.475000
318.105000
318.719000
319.962000
320.576000
321.819000
322.432000
323.676000
324.306000
324.919000
325.533000
326.776000
327.406000
328.020000
328.633000
329.263000
329.876000
330.506000
331.120000
331.120000
331.733000
332.363000
332.977000
333.607000
334.834000
335.464000
336.077000
336.707000
337.321000
337.934000
338.564000
339.177000
339.807000
340.421000
341.034000
341.664000
342.278000
342.908000
343.521000
344.135000
344.765000
346.008000
346.621000
347.235000
347.865000
348.478000
349.722000
350.335000
350.965000
351.579000
352.192000
352.822000
353.435000
354.679000
355.922000
356.536000
357.166000
357.779000
358.393000
370.048000
370.661000
371.275000
371.905000
372.518000
373.132000
373.762000
374.375000
375.005000
375.618000
376.862000
377.475000
378.105000
378.719000
379.962000
380.576000
381.206000
383.062000
383.676000
384.306000
384.919000
385.533000
386.776000
387.406000
388.020000
388.633000
389.263000
389.876000
390.506000
391.733000
392.363000
393.607000
394.220000
394.834000
395.464000
396.077000
396.707000
397.321000
397.934000
398.564000
399.807000
400.421000
401.034000
402.278000
402.908000
403.521000
404.135000
404.765000
405.378000
406.008000
406.621000
407.235000
407.865000
409.092000
409.722000
410.335000
411.579000
412.822000
413.435000
414.065000
414.679000
415.292000
415.922000
416.536000
417.166000
417.779000
418.393000
430.048000
430.661000
431.275000
431.905000
432.518000
433.132000
433.762000
434.375000
435.005000
436.232000
436.862000
437.475000
438.105000
438.719000
439.332000
439.962000
440.576000
441.819000
443.062000
444.306000
445.533000
446.163000
446.776000
447.406000
448.020000
448.633000
449.877000
450.507000
451.120000
451.733000
452.363000
452.977000
453.607000
454.834000
455.464000
456.077000
456.707000
457.321000
457.934000
458.564000
459.177000
459.807000
460.421000
461.664000
462.278000
462.908000
463.521000
464.135000
464.765000
465.378000
466.008000
466.008000
466.621000
467.235000
467.865000
468.478000
469.722000
470.335000
470.965000
472.192000
472.822000
473.436000
475.292000
475.922000
477.166000
477.779000
478.393000
489.418000
490.031000
491.275000
491.905000
492.518000
493.132000
493.762000
494.375000
495.005000
495.618000
496.232000
496.862000
497.475000
498.105000
498.719000
499.332000
499.962000
500.576000
501.206000
502.432000
503.676000
504.306000
504.919000
505.533000
506.163000
506.776000
507.406000
508.633000
509.263000
509.877000
510.507000
511.733000
512.363000
514.220000
514.834000
515.464000
516.077000
516.691000
517.321000
517.934000
519.177000
519.791000
520.421000
521.034000
521.664000
522.278000
522.891000
523.521000
524.135000
524.765000
525.378000
525.992000
526.622000
527.235000
527.865000
528.478000
529.092000
530.335000
530.965000
531.579000
532.822000
533.436000
534.066000
534.679000
535.292000
535.922000
536.536000
537.166000
537.779000
538.393000
550.031000
550.661000
551.275000
551.905000
552.518000
553.132000
553.762000
554.375000
555.005000
555.618000
556.232000
556.862000
557.475000
558.719000
559.332000
559.962000
560.576000
561.819000
562.433000
563.063000
563.676000
564.306000
564.919000
565.533000
566.163000
566.163000
566.776000
567.406000
568.020000
568.633000
569.263000
569.877000
570.507000
571.733000
572.363000
572.977000
573.607000
574.220000
574.834000
575.464000
576.077000
576.691000
577.321000
578.564000
579.791000
580.421000
581.034000
581.664000
582.278000
582.891000
583.521000
585.378000
585.992000
586.622000
587.865000
588.478000
589.722000
590.335000
590.965000
592.192000
592.822000
593.436000
595.922000
596.536000
597.166000
597.779000
598.393000
610.031000
611.275000
611.275000
611.905000
613.132000
613.762000
614.375000
615.005000
615.619000
616.862000
617.475000
618.105000
618.719000
619.332000
620.576000
621.819000
622.433000
623.063000
623.676000
624.306000
624.919000
626.163000
626.776000
627.406000
628.020000
628.633000
629.263000
629.877000
631.120000
631.733000
632.363000
632.977000
633.607000
635.464000
636.077000
636.691000
637.321000
637.934000
639.791000
640.421000
641.034000
641.664000
642.278000
642.891000
644.135000
644.765000
645.378000
645.992000
646.622000
647.865000
648.478000
649.092000
649.722000
650.335000
650.965000
652.192000
653.436000
654.066000
655.292000
655.922000
657.166000
669.418000
670.031000
670.661000
671.275000
671.905000
672.518000
673.762000
674.375000
675.005000
675.619000
676.862000
678.105000
678.719000
679.332000
679.962000
680.576000
681.206000
682.433000
683.063000
683.676000
686.163000
687.406000
688.020000
688.633000
689.877000
690.507000
691.120000
692.363000
692.977000
693.607000
694.834000
695.464000
696.077000
696.691000
697.321000
697.934000
699.178000
699.791000
700.421000
701.034000
701.664000
702.891000
703.521000
704.135000
704.765000
705.378000
705.992000
706.622000
707.865000
708.478000
709.722000
710.335000
710.965000
711.579000
712.192000
712.822000
713.436000
714.066000
714.679000
715.292000
716.536000
717.166000
717.779000
718.393000
729.418000
730.031000
730.661000
731.275000
731.905000
733.132000
734.375000
735.005000
735.619000
736.232000
736.862000
737.475000
738.719000
739.332000
739.962000
741.206000
741.206000
741.819000
742.433000
743.676000
744.919000
745.533000
746.163000
748.020000
748.633000
749.263000
749.877000
750.507000
751.120000
753.607000
754.220000
754.834000
755.464000
756.077000
756.691000
757.321000
757.934000
758.564000
759.178000
759.791000
760.421000
761.034000
761.664000
762.891000
763.521000
764.135000
764.765000
765.378000
766.622000
767.235000
769.092000
769.722000
770.965000
771.579000
772.192000
772.822000
773.436000
774.679000
776.536000
777.166000
777.779000
778.393000
789.418000
790.031000
790.661000
791.275000
791.905000
792.518000
793.762000
794.375000
795.005000
795.619000
796.232000
796.232000
796.862000
797.475000
798.105000
798.719000
799.332000
800.576000
801.206000
801.819000
802.433000
803.063000
803.676000
804.306000
804.919000
806.163000
806.776000
807.406000
808.020000
808.633000
809.263000
810.507000
811.734000
812.364000
812.977000
813.607000
814.834000
815.464000
816.691000
817.321000
818.564000
819.178000
820.421000
821.034000
821.664000
822.891000
823.521000
824.135000
825.378000
825.992000
827.235000
828.478000
829.092000
829.722000
830.335000
831.579000
832.822000
834.066000
834.679000
835.923000
836.536000
837.166000
837.779000
849.418000
850.645000
851.275000
851.888000
853.132000
854.375000
854.989000
855.619000
856.845000
858.089000
858.719000
860.576000
861.189000
861.803000
862.433000
863.676000
864.290000
864.903000
866.776000
868.003000
868.633000
869.247000
869.877000
870.490000
871.734000
872.347000
872.977000
874.204000
874.834000
876.077000
876.691000
877.304000
877.934000
878.548000
879.791000
881.034000
881.648000
882.278000
882.891000
883.505000
884.748000
885.378000
885.992000
887.235000
887.849000
888.479000
889.092000
890.335000
890.949000
891.579000
892.806000
893.436000
894.049000
894.663000
895.293000
895.906000
897.149000
897.763000
898.393000
909.418000
910.031000
910.645000
911.275000
911.888000
912.518000
913.132000
913.745000
914.989000
915.619000
916.846000
918.089000
918.702000
919.332000
919.946000
920.576000
921.803000
923.046000
923.676000
924.290000
924.903000
925.533000
926.146000
926.776000
927.390000
928.003000
928.633000
929.247000
930.490000
931.104000
932.347000
932.977000
933.590000
934.834000
935.447000
936.077000
936.691000
937.934000
938.548000
939.178000
939.791000
940.404000
942.278000
942.891000
943.505000
944.748000
945.378000
945.992000
945.992000
946.605000
947.235000
947.849000
948.479000
949.092000
949.705000
950.335000
950.949000
952.806000
953.436000
954.663000
955.293000
955.906000
956.536000
957.149000
957.763000
958.393000
969.418000
970.031000
971.275000
971.905000
973.132000
973.762000
974.375000
975.005000
975.619000
976.232000
976.862000
978.719000
979.332000
979.962000
980.576000
981.206000
981.819000
982.433000
983.676000
984.920000
985.533000
986.776000
987.406000
988.020000
988.633000
989.263000
989.877000
990.507000
991.120000
992.977000
993.607000
994.220000
994.834000
995.464000
996.077000
996.691000
997.321000
997.934000
998.564000
999.178000
999.791000
1000.421000
1001.665000
1002.278000
1003.521000
1004.765000
1005.378000
1006.622000
1007.235000
1007.865000
1008.479000
1009.092000
1010.335000
1010.965000
1011.579000
1012.192000
1012.822000
1013.436000
1014.066000
1014.679000
1015.923000
1017.166000
1017.779000
1018.393000
