6.334000
6.947000
7.561000
8.191000
8.804000
9.434000
10.048000
10.661000
11.291000
11.905000
12.535000
13.148000
13.761000
14.391000
15.005000
15.635000
16.248000
16.862000
17.492000
18.105000
18.735000
19.349000
19.962000
20.592000
21.205000
21.819000
22.449000
23.062000
23.692000
24.306000
24.936000
25.549000
26.163000
26.793000
27.406000
28.019000
28.649000
29.263000
29.893000
30.506000
31.120000
31.750000
32.363000
32.993000
33.607000
34.220000
34.850000
35.464000
36.094000
36.707000
37.320000
37.950000
38.564000
39.194000
39.807000
40.421000
41.051000
41.664000
42.294000
42.908000
43.521000
44.151000
44.764000
45.394000
46.008000
46.621000
47.251000
47.865000
48.495000
49.108000
49.722000
50.352000
50.965000
51.595000
52.208000
52.822000
53.452000
54.065000
54.695000
55.309000
55.922000
56.552000
57.166000
57.796000
58.409000
66.334000
66.947000
67.561000
68.191000
68.804000
69.434000
70.048000
70.661000
71.291000
71.905000
72.535000
73.148000
73.761000
74.391000
75.005000
75.635000
76.248000
76.862000
77.492000
78.105000
78.735000
79.349000
79.962000
80.592000
81.205000
81.835000
82.449000
83.062000
83.692000
84.306000
84.936000
85.549000
86.163000
86.793000
87.406000
88.020000
88.649000
89.263000
89.893000
90.506000
91.120000
91.750000
92.363000
92.993000
93.607000
94.220000
94.850000
95.464000
96.094000
96.707000
97.320000
97.950000
98.564000
99.194000
99.807000
100.421000
101.051000
101.664000
102.294000
102.908000
103.521000
104.151000
104.764000
105.394000
106.008000
106.621000
107.251000
107.865000
108.495000
109.108000
109.722000
110.352000
110.965000
111.595000
112.209000
112.822000
113.452000
114.065000
114.695000
115.309000
115.922000
116.552000
117.166000
117.796000
118.409000
126.334000
126.947000
127.561000
128.191000
128.804000
129.434000
130.048000
130.661000
131.291000
131.905000
132.535000
133.148000
133.761000
134.391000
135.005000
135.635000
136.248000
136.862000
137.492000
138.105000
138.735000
139.349000
139.962000
140.592000
141.205000
141.835000
142.449000
143.062000
143.692000
144.306000
144.936000
145.549000
146.163000
146.793000
147.406000
148.020000
148.650000
149.263000
149.893000
150.506000
151.120000
151.750000
152.363000
152.993000
153.607000
154.220000
154.850000
155.464000
156.094000
156.707000
157.320000
157.950000
158.564000
159.194000
159.807000
160.421000
161.051000
161.664000
162.294000
162.908000
163.521000
164.151000
164.764000
165.395000
166.008000
166.621000
167.251000
167.865000
168.495000
169.108000
169.722000
170.352000
170.965000
171.595000
172.209000
172.822000
173.452000
174.065000
174.695000
175.309000
175.922000
176.552000
177.166000
177.796000
178.409000
186.334000
186.947000
187.561000
188.191000
188.804000
189.434000
190.048000
190.661000
191.291000
191.905000
192.535000
193.148000
193.761000
194.391000
195.005000
195.635000
196.248000
196.862000
197.492000
198.105000
198.735000
199.349000
199.962000
200.592000
201.206000
201.836000
202.449000
203.062000
203.692000
204.306000
204.936000
205.549000
206.163000
206.793000
207.406000
208.020000
208.650000
209.263000
209.893000
210.506000
211.120000
211.750000
212.363000
212.993000
213.607000
214.220000
214.850000
215.464000
216.094000
216.707000
217.320000
217.950000
218.564000
219.194000
219.807000
220.421000
221.051000
221.664000
222.294000
222.908000
223.521000
224.151000
224.765000
225.395000
226.008000
226.621000
227.251000
227.865000
228.495000
229.108000
229.722000
230.352000
230.965000
231.595000
232.209000
232.822000
233.452000
234.065000
234.695000
235.309000
235.922000
236.552000
237.166000
237.796000
238.409000
246.317000
246.947000
247.561000
248.174000
248.804000
249.418000
250.048000
250.661000
251.275000
251.905000
252.518000
253.148000
253.761000
254.375000
255.005000
255.618000
256.232000
256.862000
257.475000
258.105000
258.719000
259.332000
259.962000
260.576000
261.206000
261.819000
262.432000
263.062000
263.676000
264.306000
264.919000
265.533000
266.163000
266.776000
267.406000
268.020000
268.633000
269.263000
269.876000
270.506000
271.120000
271.733000
272.363000
272.977000
273.607000
274.220000
274.834000
275.464000
276.077000
276.707000
277.320000
277.934000
278.564000
279.177000
279.807000
280.421000
281.034000
281.664000
282.278000
282.908000
283.521000
284.135000
284.765000
285.378000
286.008000
286.621000
287.235000
287.865000
288.478000
289.092000
289.722000
290.335000
290.965000
291.579000
292.192000
292.822000
293.435000
294.065000
294.679000
295.292000
295.922000
296.536000
297.166000
297.779000
298.393000
306.317000
306.947000
307.561000
308.174000
308.804000
309.418000
310.048000
310.661000
311.275000
311.905000
312.518000
313.132000
313.762000
314.375000
315.005000
315.618000
316.232000
316.862000
317.475000
318.105000
318.719000
319.332000
319.962000
320.576000
321.206000
321.819000
322.432000
323.062000
323.676000
324.306000
324.919000
325.533000
326.163000
326.776000
327.406000
328.020000
328.633000
329.263000
329.876000
330.506000
331.120000
331.733000
332.363000
332.977000
333.607000
334.220000
334.834000
335.464000
336.077000
336.707000
337.321000
337.934000
338.564000
339.177000
339.807000
340.421000
341.034000
341.664000
342.278000
342.908000
343.521000
344.135000
344.765000
345.378000
346.008000
346.621000
347.235000
347.865000
348.478000
349.092000
349.722000
350.335000
350.965000
351.579000
352.192000
352.822000
353.435000
354.065000
354.679000
355.292000
355.922000
356.536000
357.166000
357.779000
358.393000
366.317000
366.948000
367.561000
368.174000
368.804000
369.418000
370.048000
370.661000
371.275000
371.905000
372.518000
373.132000
373.762000
374.375000
375.005000
375.618000
376.232000
376.862000
377.475000
378.105000
378.719000
379.332000
379.962000
380.576000
381.206000
381.819000
382.432000
383.062000
383.676000
384.306000
384.919000
385.533000
386.163000
386.776000
387.406000
388.020000
388.633000
389.263000
389.876000
390.506000
391.120000
391.733000
392.363000
392.977000
393.607000
394.220000
394.834000
395.464000
396.077000
396.707000
397.321000
397.934000
398.564000
399.177000
399.807000
400.421000
401.034000
401.664000
402.278000
402.908000
403.521000
404.135000
404.765000
405.378000
406.008000
406.621000
407.235000
407.865000
408.478000
409.092000
409.722000
410.335000
410.965000
411.579000
412.192000
412.822000
413.435000
414.065000
414.679000
415.292000
415.922000
416.536000
417.166000
417.779000
418.393000
426.318000
426.948000
427.561000
428.174000
428.804000
429.418000
430.048000
430.661000
431.275000
431.905000
432.518000
433.132000
433.762000
434.375000
435.005000
435.618000
436.232000
436.862000
437.475000
438.105000
438.719000
439.332000
439.962000
440.576000
441.206000
441.819000
442.432000
443.062000
443.676000
444.306000
444.919000
445.533000
446.163000
446.776000
447.406000
448.020000
448.633000
449.263000
449.877000
450.507000
451.120000
451.733000
452.363000
452.977000
453.607000
454.220000
454.834000
455.464000
456.077000
456.707000
457.321000
457.934000
458.564000
459.177000
459.807000
460.421000
461.034000
461.664000
462.278000
462.908000
463.521000
464.135000
464.765000
465.378000
466.008000
466.621000
467.235000
467.865000
468.478000
469.092000
469.722000
470.335000
470.965000
471.579000
472.192000
472.822000
473.436000
474.066000
474.679000
475.292000
475.922000
476.536000
477.166000
477.779000
478.393000
486.318000
486.931000
487.561000
488.174000
488.804000
489.418000
490.031000
490.661000
491.275000
491.905000
492.518000
493.132000
493.762000
494.375000
495.005000
495.618000
496.232000
496.862000
497.475000
498.105000
498.719000
499.332000
499.962000
500.576000
501.206000
501.819000
502.432000
503.062000
503.676000
504.306000
504.919000
505.533000
506.163000
506.776000
507.406000
508.020000
508.633000
509.263000
509.877000
510.507000
511.120000
511.733000
512.363000
512.977000
513.607000
514.220000
514.834000
515.464000
516.077000
516.691000
517.321000
517.934000
518.564000
519.177000
519.791000
520.421000
521.034000
521.664000
522.278000
522.891000
523.521000
524.135000
524.765000
525.378000
525.992000
526.622000
527.235000
527.865000
528.478000
529.092000
529.722000
530.335000
530.965000
531.579000
532.192000
532.822000
533.436000
534.066000
534.679000
535.292000
535.922000
536.536000
537.166000
537.779000
538.393000
546.318000
546.931000
547.561000
548.174000
548.805000
549.418000
550.031000
550.661000
551.275000
551.905000
552.518000
553.132000
553.762000
554.375000
555.005000
555.618000
556.232000
556.862000
557.475000
558.105000
558.719000
559.332000
559.962000
560.576000
561.206000
561.819000
562.433000
563.063000
563.676000
564.306000
564.919000
565.533000
566.163000
566.776000
567.406000
568.020000
568.633000
569.263000
569.877000
570.507000
571.120000
571.733000
572.363000
572.977000
573.607000
574.220000
574.834000
575.464000
576.077000
576.691000
577.321000
577.934000
578.564000
579.177000
579.791000
580.421000
581.034000
581.664000
582.278000
582.891000
583.521000
584.135000
584.765000
585.378000
585.992000
586.622000
587.235000
587.865000
588.478000
589.092000
589.722000
590.335000
590.965000
591.579000
592.192000
592.822000
593.436000
594.066000
594.679000
595.292000
595.922000
596.536000
597.166000
597.779000
598.393000
606.318000
606.931000
607.561000
608.174000
608.804000
609.418000
610.031000
610.661000
611.275000
611.905000
612.518000
613.132000
613.762000
614.375000
615.005000
615.619000
616.232000
616.862000
617.475000
618.105000
618.719000
619.332000
619.962000
620.576000
621.206000
621.819000
622.433000
623.063000
623.676000
624.306000
624.919000
625.533000
626.163000
626.776000
627.406000
628.020000
628.633000
629.263000
629.877000
630.507000
631.120000
631.733000
632.363000
632.977000
633.607000
634.220000
634.834000
635.464000
636.077000
636.691000
637.321000
637.934000
638.564000
639.177000
639.791000
640.421000
641.034000
641.664000
642.278000
642.891000
643.521000
644.135000
644.765000
645.378000
645.992000
646.622000
647.235000
647.865000
648.478000
649.092000
649.722000
650.335000
650.965000
651.579000
652.192000
652.822000
653.436000
654.066000
654.679000
655.292000
655.922000
656.536000
657.166000
657.779000
658.393000
666.318000
666.931000
667.561000
668.174000
668.804000
669.418000
670.031000
670.661000
671.275000
671.905000
672.518000
673.132000
673.762000
674.375000
675.005000
675.619000
676.232000
676.862000
677.475000
678.105000
678.719000
679.332000
679.962000
680.576000
681.206000
681.819000
682.433000
683.063000
683.676000
684.306000
684.919000
685.533000
686.163000
686.776000
687.406000
688.020000
688.633000
689.263000
689.877000
690.507000
691.120000
691.733000
692.363000
692.977000
693.607000
694.220000
694.834000
695.464000
696.077000
696.691000
697.321000
697.934000
698.564000
699.178000
699.791000
700.421000
701.034000
701.664000
702.278000
702.891000
703.521000
704.135000
704.765000
705.378000
705.992000
706.622000
707.235000
707.865000
708.478000
709.092000
709.722000
710.335000
710.965000
711.579000
712.192000
712.822000
713.436000
714.066000
714.679000
715.292000
715.922000
716.536000
717.166000
717.779000
718.393000
726.318000
726.931000
727.561000
728.175000
728.804000
729.418000
730.031000
730.661000
731.275000
731.905000
732.518000
733.132000
733.762000
734.375000
735.005000
735.619000
736.232000
736.862000
737.475000
738.105000
738.719000
739.332000
739.962000
740.576000
741.206000
741.819000
742.433000
743.063000
743.676000
744.306000
744.919000
745.533000
746.163000
746.776000
747.406000
748.020000
748.633000
749.263000
749.877000
750.507000
751.120000
751.734000
752.363000
752.977000
753.607000
754.220000
754.834000
755.464000
756.077000
756.691000
757.321000
757.934000
758.564000
759.178000
759.791000
760.421000
761.034000
761.664000
762.278000
762.891000
763.521000
764.135000
764.765000
765.378000
765.992000
766.622000
767.235000
767.865000
768.478000
769.092000
769.722000
770.335000
770.965000
771.579000
772.192000
772.822000
773.436000
774.066000
774.679000
775.293000
775.923000
776.536000
777.166000
777.779000
778.393000
786.318000
786.931000
787.561000
788.175000
788.805000
789.418000
790.031000
790.661000
791.275000
791.905000
792.518000
793.132000
793.762000
794.375000
795.005000
795.619000
796.232000
796.862000
797.475000
798.105000
798.719000
799.332000
799.962000
800.576000
801.206000
801.819000
802.433000
803.063000
803.676000
804.306000
804.919000
805.533000
806.163000
806.776000
807.406000
808.020000
808.633000
809.263000
809.877000
810.507000
811.120000
811.734000
812.364000
812.977000
813.607000
814.220000
814.834000
815.464000
816.077000
816.691000
817.321000
817.934000
818.564000
819.178000
819.791000
820.421000
821.034000
821.664000
822.278000
822.891000
823.521000
824.135000
824.765000
825.378000
825.992000
826.622000
827.235000
827.865000
828.478000
829.092000
829.722000
830.335000
830.965000
831.579000
832.192000
832.822000
833.436000
834.066000
834.679000
835.293000
835.923000
836.536000
837.166000
837.779000
838.393000
846.318000
846.931000
847.545000
848.175000
848.788000
849.418000
850.031000
850.645000
851.275000
851.888000
852.518000
853.132000
853.745000
854.375000
854.989000
855.619000
856.232000
856.845000
857.475000
858.089000
858.719000
859.332000
859.946000
860.576000
861.189000
861.803000
862.433000
863.046000
863.676000
864.290000
864.903000
865.533000
866.146000
866.776000
867.390000
868.003000
868.633000
869.247000
869.877000
870.490000
871.104000
871.734000
872.347000
872.977000
873.590000
874.204000
874.834000
875.447000
876.077000
876.691000
877.304000
877.934000
878.548000
879.178000
879.791000
880.404000
881.034000
881.648000
882.278000
882.891000
883.505000
884.135000
884.748000
885.378000
885.992000
886.605000
887.235000
887.849000
888.479000
889.092000
889.705000
890.335000
890.949000
891.579000
892.192000
892.806000
893.436000
894.049000
894.663000
895.293000
895.906000
896.536000
897.149000
897.763000
898.393000
906.318000
906.931000
907.545000
908.175000
908.788000
909.418000
910.031000
910.645000
911.275000
911.888000
912.518000
913.132000
913.745000
914.375000
914.989000
915.619000
916.232000
916.846000
917.475000
918.089000
918.702000
919.332000
919.946000
920.576000
921.189000
921.803000
922.433000
923.046000
923.676000
924.290000
924.903000
925.533000
926.146000
926.776000
927.390000
928.003000
928.633000
929.247000
929.877000
930.490000
931.104000
931.734000
932.347000
932.977000
933.590000
934.204000
934.834000
935.447000
936.077000
936.691000
937.304000
937.934000
938.548000
939.178000
939.791000
940.404000
941.034000
941.648000
942.278000
942.891000
943.505000
944.135000
944.748000
945.378000
945.992000
946.605000
947.235000
947.849000
948.479000
949.092000
949.705000
950.335000
950.949000
951.579000
952.192000
952.806000
953.436000
954.049000
954.663000
955.293000
955.906000
956.536000
957.149000
957.763000
958.393000
966.318000
966.931000
967.561000
968.175000
968.805000
969.418000
970.031000
970.661000
971.275000
971.905000
972.518000
973.132000
973.762000
974.375000
975.005000
975.619000
976.232000
976.862000
977.476000
978.106000
978.719000
979.332000
979.962000
980.576000
981.206000
981.819000
982.433000
983.063000
983.676000
984.306000
984.920000
985.533000
986.163000
986.776000
987.406000
988.020000
988.633000
989.263000
989.877000
990.507000
991.120000
991.734000
992.364000
992.977000
993.607000
994.220000
994.834000
995.464000
996.077000
996.691000
997.321000
997.934000
998.564000
999.178000
999.791000
1000.421000
1001.034000
1001.665000
1002.278000
1002.891000
1003.521000
1004.135000
1004.765000
1005.378000
1005.992000
1006.622000
1007.235000
1007.865000
1008.479000
1009.092000
1009.722000
1010.335000
1010.965000
1011.579000
1012.192000
1012.822000
1013.436000
1014.066000
1014.679000
1015.293000
1015.923000
1016.536000
1017.166000
1017.779000
1018.393000
