1769.765000
1773.478000
1775.965000
1777.192000
1783.393000
1789.593000
1797.037000
1803.238000
1804.481000
1809.438000
1831.008000
1833.478000
1855.794000
1859.524000
1888.521000
1904.636000
1909.593000
1913.324000
1914.567000
1934.396000
1964.636000
1974.567000
1975.794000
1977.037000
1978.281000
1979.524000
1980.768000
1983.238000
1990.682000
2008.521000
2015.965000
2024.636000
2029.593000
2035.794000
2038.281000
2044.481000
2046.952000
2053.152000
2069.765000
2072.235000
2080.922000
2085.880000
2092.080000
2101.995000
2109.439000
2130.992000
2135.965000
2137.192000
2147.123000
2149.593000
2150.837000
2153.324000
2174.396000
2189.765000
2192.235000
2193.478000
2194.722000
2203.393000
2210.837000
2212.080000
2217.037000
2221.995000
2229.439000
2230.682000
2231.926000
2246.034000
2253.478000
2258.436000
2260.922000
2269.593000
2272.080000
2281.995000
2290.682000
2310.992000
2312.235000
2317.192000
2327.107000
2328.350000
2333.307000
2334.551000
2340.751000
2343.238000
2345.708000
2378.436000
2394.551000
2400.751000
2401.995000
2409.439000
2413.152000
2414.396000
2427.278000
2428.521000
2434.722000
2437.192000
2444.636000
2447.123000
2452.080000
2454.551000
2459.524000
2460.751000
2461.995000
