9.434000
10.048000
10.661000
11.291000
11.905000
12.535000
13.761000
14.391000
15.005000
15.635000
16.248000
16.862000
17.492000
18.105000
18.735000
19.349000
19.962000
20.592000
21.205000
21.819000
23.062000
24.936000
25.549000
26.793000
27.406000
28.649000
29.263000
29.893000
30.506000
31.120000
31.750000
32.363000
32.993000
33.607000
34.850000
35.464000
36.094000
37.320000
37.950000
38.564000
39.194000
40.421000
41.051000
41.664000
43.521000
44.764000
45.394000
46.008000
46.621000
47.251000
49.108000
49.722000
50.352000
50.965000
51.595000
52.208000
52.822000
54.065000
54.695000
55.309000
55.922000
56.552000
57.796000
58.409000
70.661000
71.291000
71.905000
72.535000
73.761000
74.391000
75.005000
75.635000
76.248000
77.492000
78.105000
78.735000
79.349000
81.205000
81.835000
83.062000
84.306000
84.936000
85.549000
86.163000
86.793000
88.020000
88.649000
89.893000
90.506000
91.120000
92.993000
93.607000
94.850000
95.464000
96.094000
96.707000
97.950000
98.564000
99.807000
100.421000
101.051000
101.664000
102.294000
102.908000
103.521000
104.151000
104.764000
106.008000
106.621000
107.865000
108.495000
109.722000
110.352000
110.965000
112.209000
112.822000
113.452000
114.065000
114.695000
115.309000
116.552000
117.166000
117.796000
118.409000
130.048000
131.291000
131.905000
133.148000
133.761000
134.391000
135.005000
135.635000
137.492000
138.105000
138.735000
139.349000
139.962000
140.592000
141.205000
141.835000
142.449000
143.692000
144.936000
145.549000
147.406000
148.650000
149.263000
149.893000
150.506000
151.120000
151.750000
152.363000
152.993000
154.220000
154.850000
155.464000
156.094000
156.707000
157.320000
157.950000
158.564000
159.194000
159.807000
160.421000
161.051000
161.664000
162.294000
162.908000
163.521000
164.151000
164.764000
165.395000
166.621000
167.865000
168.495000
169.108000
169.722000
170.352000
170.965000
172.209000
172.822000
173.452000
174.065000
174.695000
175.309000
175.922000
176.552000
177.166000
177.796000
178.409000
189.434000
190.048000
190.661000
191.291000
191.905000
193.148000
193.761000
194.391000
195.005000
195.635000
196.248000
197.492000
198.105000
199.349000
199.962000
200.592000
201.206000
202.449000
203.062000
203.692000
204.306000
204.936000
205.549000
206.163000
206.793000
208.020000
210.506000
211.120000
211.750000
212.363000
213.607000
214.220000
214.850000
215.464000
216.094000
216.707000
217.320000
217.950000
218.564000
219.194000
219.807000
220.421000
221.051000
221.664000
222.294000
222.908000
223.521000
224.151000
224.765000
225.395000
226.008000
226.621000
227.251000
227.865000
228.495000
229.108000
230.352000
230.965000
231.595000
232.209000
232.822000
233.452000
234.065000
234.695000
235.309000
237.166000
237.796000
238.409000
249.418000
250.048000
250.661000
251.275000
252.518000
253.148000
253.761000
254.375000
255.005000
255.618000
256.862000
257.475000
258.719000
259.332000
259.962000
260.576000
261.206000
261.819000
262.432000
263.062000
263.676000
264.306000
264.919000
265.533000
266.776000
267.406000
268.633000
269.263000
270.506000
271.120000
271.733000
272.363000
272.977000
273.607000
274.220000
274.834000
275.464000
276.077000
276.707000
277.320000
277.934000
278.564000
279.177000
279.807000
280.421000
281.034000
281.664000
282.908000
283.521000
284.135000
284.765000
285.378000
286.621000
287.235000
288.478000
289.092000
289.722000
290.335000
290.965000
291.579000
292.192000
292.822000
294.065000
294.679000
295.292000
295.922000
297.166000
297.779000
298.393000
