1039.294000
1040.521000
1044.251000
1046.721000
1047.965000
1049.208000
1050.452000
1051.695000
1052.922000
1055.409000
1059.123000
1060.366000
1061.610000
1062.853000
1065.323000
1067.810000
1070.280000
1071.524000
1072.767000
1075.254000
1077.724000
1078.968000
1081.455000
1082.682000
1085.169000
1086.412000
1098.051000
1100.521000
1101.764000
1103.008000
1104.251000
1106.721000
1109.208000
1110.452000
1111.695000
1115.409000
1116.652000
1119.123000
1121.610000
1125.323000
1129.054000
1130.280000
1131.524000
1132.767000
1135.254000
1136.481000
1137.725000
1143.925000
1145.169000
1158.051000
1163.008000
1164.251000
1165.495000
1167.965000
1172.922000
1174.166000
1176.652000
1180.366000
1181.610000
1182.853000
1185.323000
1186.567000
1189.054000
1190.280000
1192.767000
1194.011000
1197.725000
1198.968000
1200.211000
1203.925000
1205.169000
1206.412000
1218.051000
1221.764000
1223.008000
1226.722000
1227.965000
1229.208000
1231.679000
1232.922000
1234.166000
1242.853000
1249.054000
1250.281000
1251.524000
1254.011000
1255.254000
1256.481000
1257.725000
1261.455000
1265.169000
1266.412000
1279.294000
1280.521000
1281.764000
1287.965000
1292.922000
1294.166000
1295.409000
1296.652000
1297.879000
1299.123000
1305.323000
1306.567000
1307.810000
1309.054000
1311.524000
1312.767000
1318.968000
1320.211000
1321.455000
1322.682000
1323.925000
1326.412000
1340.521000
1341.764000
1343.008000
1344.251000
1345.495000
1352.922000
1354.166000
1356.652000
1357.879000
1360.366000
1361.610000
1362.853000
1364.080000
1365.323000
1366.567000
1369.054000
1370.281000
1372.767000
1376.481000
1381.455000
1385.169000
1386.412000
1399.278000
1404.235000
1405.478000
1409.192000
1410.435000
1411.679000
1416.636000
1417.879000
1419.123000
1420.366000
1421.593000
1422.837000
1424.080000
1432.751000
1433.994000
1435.238000
1438.951000
1440.195000
1442.682000
1443.925000
1445.152000
1458.034000
1459.278000
1462.991000
1464.235000
1465.478000
1466.722000
1471.679000
1474.166000
1475.392000
1476.636000
1477.879000
1479.123000
1481.593000
1482.837000
1484.080000
1486.567000
1487.794000
1490.281000
1491.524000
1492.751000
1493.994000
1495.238000
1496.481000
1498.952000
1500.195000
1501.438000
1505.152000
1506.396000
1518.051000
1519.294000
1520.521000
1523.008000
1526.722000
1527.965000
1532.922000
1534.166000
1535.409000
1536.653000
1537.879000
1539.123000
1540.366000
1547.810000
1551.524000
1555.254000
1556.481000
1558.968000
1561.455000
1562.682000
1565.169000
1578.034000
1579.278000
1580.521000
1582.991000
1584.235000
1586.722000
1589.192000
1590.435000
1592.922000
1594.166000
1595.393000
1596.636000
1597.879000
1599.123000
1600.366000
1601.593000
1602.837000
1604.080000
1605.323000
1606.567000
1609.037000
1610.281000
1613.994000
1620.195000
1622.682000
1625.152000
1638.034000
1639.278000
1640.521000
1644.235000
1645.478000
1646.722000
1649.192000
1651.679000
1652.922000
1659.123000
1661.593000
1666.567000
1667.794000
1669.037000
1670.281000
1671.524000
1673.994000
1675.238000
1677.725000
1681.438000
1685.152000
1686.396000
1698.034000
1699.278000
1700.521000
1704.235000
1705.478000
1710.436000
1716.636000
1720.366000
1724.080000
1727.794000
1729.037000
1730.281000
1732.751000
1733.994000
1735.238000
1736.481000
1738.952000
1743.925000
