1767.278000
1769.765000
1770.378000
1771.008000
1771.621000
1772.235000
1772.865000
1773.478000
1775.965000
1776.579000
1777.192000
1777.822000
1779.065000
1779.679000
1780.292000
1780.922000
1781.536000
1782.166000
1782.779000
1783.393000
1784.636000
1785.879000
1786.493000
1787.736000
1788.366000
1788.980000
1789.593000
1790.223000
1790.837000
1791.467000
1792.080000
1792.694000
1793.324000
1793.937000
1794.567000
1795.180000
1795.794000
1796.424000
1797.037000
1798.281000
1798.894000
1799.524000
1800.138000
1800.768000
1801.381000
1801.994000
1802.624000
1803.238000
1803.868000
1804.481000
1805.095000
1806.338000
1807.582000
1808.195000
1808.825000
1809.438000
1810.052000
1811.295000
1811.925000
1813.152000
1813.782000
1814.396000
1825.421000
1826.664000
1827.908000
1828.521000
1829.135000
1830.378000
1831.008000
1831.621000
1832.235000
1832.865000
1833.478000
1834.092000
1834.722000
1835.335000
1836.579000
1837.822000
1839.065000
1839.679000
1840.922000
1841.536000
1842.166000
1842.779000
1843.393000
1844.023000
1845.879000
1846.493000
1847.736000
1848.366000
1849.593000
1850.223000
1850.837000
1851.467000
1852.080000
1853.324000
1853.937000
1854.567000
1855.180000
1855.794000
1856.424000
1857.037000
1857.667000
1858.894000
1859.524000
1860.138000
1860.768000
1861.381000
1863.238000
1863.868000
1864.481000
1865.095000
1865.725000
1866.338000
1866.952000
1867.582000
1868.195000
1870.052000
1871.295000
1873.152000
1874.396000
1885.421000
1886.664000
1887.278000
1887.908000
1888.521000
1889.765000
1891.008000
1891.621000
1893.478000
1894.092000
1894.722000
1895.335000
1895.965000
1896.579000
1897.192000
1897.822000
1898.436000
1900.292000
1901.536000
1902.166000
1902.779000
1904.023000
1904.636000
1905.880000
1907.736000
1908.366000
1908.980000
1909.593000
1910.223000
1910.837000
1911.467000
1912.080000
1912.694000
1913.324000
1913.937000
1914.567000
1915.180000
1915.794000
1916.424000
1917.037000
1917.667000
1918.281000
1918.894000
1919.524000
1920.138000
1921.381000
1922.624000
1923.868000
1925.725000
1926.338000
1927.582000
1928.195000
1929.439000
1930.682000
1931.925000
1932.539000
1933.782000
1934.396000
1945.421000
1946.664000
1947.278000
1947.908000
1948.521000
1949.135000
1949.765000
1950.378000
1951.008000
1951.621000
1952.235000
1952.865000
1953.478000
1955.335000
1955.965000
1956.579000
1957.192000
1957.822000
1958.436000
1959.065000
1959.679000
1960.922000
1961.536000
1962.166000
1962.779000
1963.393000
1964.636000
1965.880000
1966.493000
1967.123000
1968.366000
1968.980000
1970.223000
1972.080000
1972.694000
1973.324000
1974.567000
1975.180000
1975.794000
1976.424000
1977.037000
1977.037000
1978.281000
1978.894000
1979.524000
1980.138000
1980.768000
1981.381000
1982.625000
1983.238000
1983.868000
1984.481000
1985.725000
1986.952000
1987.582000
1988.195000
1988.825000
1990.052000
1990.682000
1991.295000
1991.925000
1992.539000
1993.152000
1993.782000
1994.396000
2005.421000
2006.034000
2006.664000
2007.278000
2007.908000
2008.521000
2009.765000
2011.008000
2011.621000
2012.865000
2014.092000
2014.722000
2015.335000
2015.965000
2016.579000
2017.822000
2019.066000
2019.679000
2020.922000
2021.536000
2022.166000
2022.779000
2023.393000
2024.023000
2024.636000
2025.266000
2025.880000
2027.123000
2027.736000
2028.980000
2029.593000
2030.223000
2030.837000
2031.467000
2032.694000
2033.324000
2033.937000
2035.180000
2035.794000
2036.424000
2037.037000
2037.667000
2038.281000
2038.894000
2039.524000
2040.138000
2040.768000
2041.381000
2041.995000
2042.625000
2043.238000
2043.868000
2044.481000
2045.095000
2046.338000
2046.952000
2047.582000
2048.195000
2048.825000
2049.439000
2050.052000
2050.682000
2051.295000
2051.925000
2053.152000
2053.782000
2065.421000
2066.034000
2066.664000
2069.135000
2069.765000
2071.621000
2072.235000
2072.865000
2073.478000
2074.092000
2074.722000
2075.335000
2075.965000
2076.579000
2078.436000
2079.066000
2079.679000
2080.922000
2081.536000
2082.166000
2082.779000
2084.023000
2084.636000
2085.266000
2085.880000
2086.493000
2088.366000
2088.980000
2089.593000
2090.223000
2090.837000
2091.467000
2092.080000
2092.694000
2093.324000
2093.937000
2094.567000
2095.181000
2095.794000
2096.424000
2097.667000
2098.894000
2099.524000
2100.138000
2100.768000
2101.381000
2101.995000
2101.995000
2102.625000
2103.238000
2103.868000
2104.481000
2105.095000
2105.725000
2106.338000
2106.952000
2107.582000
2108.195000
2108.825000
2109.439000
2110.052000
2110.682000
2111.295000
2113.152000
2114.396000
2125.421000
2126.034000
2126.664000
2127.278000
2127.908000
2129.135000
2130.378000
2130.992000
2131.622000
2132.235000
2132.865000
2134.092000
2134.722000
2135.335000
2135.965000
2136.579000
2137.192000
2137.822000
2139.066000
2140.292000
2140.922000
2141.536000
2142.166000
2143.393000
2144.023000
2144.636000
2145.266000
2145.880000
2146.493000
2147.123000
2147.736000
2148.366000
2149.593000
2150.223000
2150.837000
2151.467000
2152.080000
2153.324000
2153.937000
2154.567000
2155.181000
2155.794000
2156.424000
2157.037000
2157.667000
2158.281000
2158.894000
2159.524000
2160.138000
2160.768000
2161.381000
2161.995000
2163.238000
2163.868000
2164.481000
2165.095000
2166.338000
2166.952000
2167.582000
2168.825000
2169.439000
2170.052000
2171.295000
2172.539000
2173.152000
2174.396000
2185.421000
2186.034000
2186.664000
2187.908000
2189.135000
2189.765000
2191.622000
2192.235000
2192.865000
2193.478000
2194.092000
2194.722000
2195.965000
2196.579000
2197.822000
2198.436000
2199.066000
2199.679000
2200.292000
2200.922000
2201.536000
2202.166000
2202.779000
2203.393000
2204.636000
2205.266000
2205.880000
2206.493000
2207.123000
2207.737000
2208.367000
2208.980000
2210.223000
2210.837000
2211.467000
2212.080000
2212.694000
2213.324000
2213.937000
2214.567000
2215.181000
2215.794000
2217.037000
2217.037000
2218.281000
2218.894000
2219.524000
2220.138000
2220.768000
2221.381000
2221.995000
2222.625000
2223.238000
2223.868000
2224.481000
2225.095000
2225.725000
2226.338000
2226.952000
2228.825000
2229.439000
2230.682000
2231.296000
2231.926000
2232.539000
2233.152000
2234.396000
2245.421000
2246.034000
2246.664000
2247.908000
2249.135000
2249.765000
2250.378000
2250.992000
2251.622000
2252.235000
2253.478000
2254.092000
2254.722000
2255.335000
2257.822000
2258.436000
2259.066000
2259.679000
2260.292000
2260.922000
2262.779000
2264.023000
2264.636000
2265.880000
2266.493000
2267.737000
2269.593000
2270.223000
2270.837000
2271.467000
2272.080000
2272.694000
2273.324000
2273.937000
2274.567000
2275.181000
2275.794000
2276.424000
2277.037000
2277.667000
2278.894000
2280.768000
2281.381000
2281.995000
2282.625000
2283.238000
2283.868000
2285.095000
2285.725000
2286.338000
2286.952000
2287.582000
2288.195000
2288.825000
2289.439000
2290.052000
2290.682000
2291.296000
2291.926000
2292.539000
2293.782000
2294.396000
2306.034000
2306.648000
2307.278000
2307.891000
2308.505000
2309.135000
2310.378000
2310.992000
2311.605000
2312.235000
2312.848000
2313.478000
2314.092000
2314.705000
2315.335000
2315.949000
2316.579000
2317.192000
2317.806000
2319.679000
2320.293000
2320.906000
2321.536000
2322.149000
2324.006000
2325.250000
2326.493000
2327.107000
2327.737000
2328.350000
2328.980000
2329.593000
2330.207000
2330.837000
2331.450000
2332.064000
2333.307000
2333.937000
2334.551000
2335.164000
2335.794000
2336.407000
2337.651000
2338.264000
2338.894000
2339.508000
2340.138000
2340.751000
2341.365000
2341.995000
2342.608000
2343.238000
2343.851000
2344.465000
2345.095000
2345.708000
2346.338000
2347.565000
2348.195000
2348.809000
2349.439000
2350.052000
2350.666000
2351.296000
2351.909000
2352.539000
2353.766000
2354.396000
2366.664000
2367.278000
2367.891000
2369.135000
2369.765000
2373.478000
2374.092000
2374.722000
2375.335000
2375.965000
2376.579000
2377.822000
2378.436000
2379.066000
2379.679000
2380.293000
2380.923000
2381.536000
2382.166000
2382.779000
2384.023000
2384.636000
2385.880000
2386.493000
2388.367000
2388.980000
2390.223000
2390.837000
2392.694000
2393.324000
2394.551000
2395.181000
2395.794000
2396.424000
2397.651000
2398.894000
2399.524000
2400.138000
2400.751000
2401.381000
2401.995000
2402.625000
2403.238000
2403.852000
2404.482000
2405.095000
2406.952000
2407.582000
2409.439000
2410.052000
2410.682000
2411.296000
2413.152000
2413.782000
2414.396000
2425.421000
2426.034000
2426.664000
2427.278000
2427.278000
2427.891000
2428.521000
2429.135000
2429.765000
2430.378000
2430.992000
2431.622000
2432.865000
2434.722000
2435.335000
2435.965000
2436.579000
2437.192000
2437.822000
2438.436000
2439.066000
2439.679000
2440.293000
2440.923000
2441.536000
2442.166000
2443.393000
2444.023000
2444.636000
2445.266000
2445.880000
2446.493000
2447.123000
2448.980000
2450.223000
2450.837000
2451.467000
2452.080000
2452.694000
2453.324000
2453.937000
2454.551000
2455.181000
2456.424000
2457.038000
2457.651000
2458.281000
2458.894000
2459.524000
2460.138000
2460.751000
2461.381000
2461.995000
2461.995000
2462.625000
2463.238000
2464.482000
2466.952000
2467.582000
2468.195000
2468.825000
2469.439000
2470.052000
2470.682000
2471.296000
2471.926000
2472.539000
2473.152000
2473.782000
2474.396000
