1041.764000
1043.008000
1045.495000
1057.896000
1066.567000
1076.481000
1083.925000
1107.965000
1112.922000
1114.166000
1117.896000
1122.853000
1138.968000
1140.211000
1142.682000
1161.764000
1171.679000
1175.409000
1177.879000
1179.123000
1196.481000
1202.682000
1220.521000
1230.452000
1237.879000
1240.366000
1244.080000
1245.323000
1246.567000
1247.810000
1252.767000
1260.211000
1278.051000
1283.008000
1284.251000
1290.452000
1300.366000
1301.610000
1302.853000
1316.481000
1338.051000
1346.722000
1347.965000
1350.452000
1351.679000
1354.166000
1355.409000
1375.254000
1377.725000
1380.211000
1382.682000
1383.925000
1398.034000
1402.991000
1407.965000
1412.922000
1415.393000
1419.123000
1425.323000
1426.567000
1429.037000
1430.281000
1433.994000
1436.481000
1437.725000
1446.396000
1460.521000
1461.764000
1464.235000
1467.965000
1480.366000
1485.323000
1502.682000
1503.925000
1521.764000
1531.679000
1541.610000
1545.323000
1549.054000
1550.281000
1554.011000
1558.968000
1563.925000
1581.764000
1585.478000
1587.965000
1591.679000
1607.794000
1611.524000
1612.751000
1615.238000
1616.481000
1618.952000
1621.438000
1626.396000
1642.991000
1650.435000
1662.837000
1669.037000
1680.195000
1683.925000
1702.991000
1707.965000
1709.192000
1714.166000
1715.393000
1717.879000
1719.123000
1721.593000
1722.837000
1726.567000
1729.037000
1731.524000
1737.725000
1741.438000
1742.682000
