327.406000
331.120000
333.607000
339.807000
353.435000
372.518000
377.475000
379.962000
383.676000
387.406000
397.321000
399.807000
406.008000
430.048000
433.762000
438.719000
448.633000
451.120000
457.321000
458.564000
463.521000
464.765000
466.008000
469.722000
472.192000
473.436000
490.031000
495.005000
497.475000
503.676000
504.919000
516.077000
528.478000
530.965000
538.393000
550.031000
551.275000
558.719000
562.433000
566.163000
567.406000
572.363000
573.607000
574.834000
576.077000
582.278000
583.521000
585.992000
588.478000
589.722000
598.393000
611.275000
613.762000
618.719000
622.433000
632.363000
652.192000
653.436000
678.719000
694.834000
697.321000
705.992000
709.722000
710.965000
714.679000
735.005000
739.962000
741.206000
743.676000
744.919000
748.633000
749.877000
754.834000
759.791000
763.521000
764.765000
767.235000
777.166000
778.393000
792.518000
796.232000
812.364000
823.521000
828.478000
829.722000
835.923000
837.166000
863.676000
872.347000
881.034000
884.748000
887.235000
888.479000
910.031000
918.702000
924.903000
932.347000
942.278000
943.505000
945.992000
948.479000
954.663000
957.149000
976.232000
981.206000
988.633000
999.791000
1004.765000
1008.479000
1012.192000
1013.436000
1018.393000
