1767.278000
1771.008000
1772.235000
1779.679000
1780.922000
1782.166000
1784.636000
1785.879000
1788.366000
1790.837000
1792.080000
1793.324000
1794.567000
1795.794000
1798.281000
1799.524000
1800.768000
1801.994000
1808.195000
1811.925000
1813.152000
1814.396000
1828.521000
1832.235000
1834.722000
1839.679000
1840.922000
1842.166000
1843.393000
1845.879000
1848.366000
1849.593000
1850.837000
1852.080000
1853.324000
1854.567000
1857.037000
1860.768000
1863.238000
1864.481000
1865.725000
1866.952000
1868.195000
1873.152000
1874.396000
1887.278000
1889.765000
1891.008000
1893.478000
1894.722000
1895.965000
1897.192000
1898.436000
1902.166000
1905.880000
1908.366000
1910.837000
1912.080000
1915.794000
1917.037000
1918.281000
1919.524000
1925.725000
1928.195000
1929.439000
1930.682000
1931.925000
1947.278000
1948.521000
1949.765000
1951.008000
1952.235000
1953.478000
1955.965000
1957.192000
1958.436000
1959.679000
1960.922000
1962.166000
1963.393000
1965.880000
1967.123000
1968.366000
1972.080000
1973.324000
1977.037000
1984.481000
1985.725000
1986.952000
1988.195000
1991.925000
1993.152000
1994.396000
2006.034000
2007.278000
2009.765000
2011.008000
2014.722000
2019.679000
2020.922000
2022.166000
2023.393000
2025.880000
2027.123000
2030.837000
2033.324000
2037.037000
2039.524000
2040.768000
2041.995000
2043.238000
2048.195000
2049.439000
2050.682000
2051.925000
2066.034000
2073.478000
2074.722000
2075.965000
2078.436000
2079.679000
2082.166000
2084.636000
2088.366000
2089.593000
2090.837000
2093.324000
2094.567000
2095.794000
2099.524000
2100.768000
2101.995000
2103.238000
2104.481000
2105.725000
2106.952000
2108.195000
2110.682000
2113.152000
2114.396000
2126.034000
2127.278000
2132.235000
2134.722000
2140.922000
2142.166000
2143.393000
2144.636000
2145.880000
2148.366000
2152.080000
2154.567000
2155.794000
2157.037000
2158.281000
2159.524000
2160.768000
2161.995000
2163.238000
2164.481000
2166.952000
2169.439000
2173.152000
2186.034000
2195.965000
2198.436000
2199.679000
2200.922000
2202.166000
2204.636000
2205.880000
2207.123000
2208.367000
2213.324000
2214.567000
2215.794000
2217.037000
2218.281000
2219.524000
2220.768000
2223.238000
2224.481000
2225.725000
2226.952000
2233.152000
2234.396000
2249.765000
2250.992000
2252.235000
2254.722000
2259.679000
2264.636000
2265.880000
2270.837000
2273.324000
2274.567000
2275.794000
2277.037000
2280.768000
2283.238000
2285.725000
2286.952000
2288.195000
2289.439000
2291.926000
2294.396000
2306.034000
2307.278000
2308.505000
2313.478000
2314.705000
2315.949000
2319.679000
2320.906000
2322.149000
2329.593000
2330.837000
2332.064000
2335.794000
2338.264000
2339.508000
2341.995000
2344.465000
2348.195000
2349.439000
2350.666000
2351.909000
2354.396000
2367.278000
2369.765000
2373.478000
2374.722000
2375.965000
2379.679000
2380.923000
2382.166000
2384.636000
2385.880000
2388.367000
2390.837000
2393.324000
2395.794000
2399.524000
2403.238000
2404.482000
2406.952000
2410.682000
2426.034000
2427.278000
2429.765000
2430.992000
2435.965000
2438.436000
2439.679000
2440.923000
2442.166000
2443.393000
2445.880000
2450.837000
2453.324000
2457.038000
2458.281000
2461.995000
2463.238000
2464.482000
2466.952000
2468.195000
2469.439000
2470.682000
2471.926000
2473.152000
2474.396000
