311.284000
312.528000
313.771000
316.241000
317.485000
318.728000
321.199000
322.442000
324.929000
326.172000
327.399000
328.643000
329.886000
331.130000
332.373000
333.600000
334.843000
336.087000
338.574000
339.800000
341.044000
342.287000
343.531000
344.774000
346.001000
348.488000
352.202000
353.445000
355.932000
358.402000
370.041000
371.284000
372.528000
373.771000
375.015000
376.241000
377.485000
378.728000
379.972000
382.442000
383.686000
384.929000
386.172000
391.130000
393.600000
396.087000
397.330000
398.574000
399.800000
401.044000
402.287000
403.531000
404.774000
406.001000
410.975000
413.445000
414.689000
417.159000
418.402000
430.041000
432.511000
434.998000
442.442000
443.686000
444.912000
447.399000
448.643000
449.886000
451.113000
453.600000
454.843000
456.087000
457.314000
458.557000
459.801000
461.044000
462.271000
463.514000
466.001000
467.245000
469.715000
470.958000
472.202000
474.672000
475.915000
477.159000
478.402000
491.284000
492.511000
494.998000
496.242000
497.485000
498.712000
499.955000
501.199000
506.156000
508.643000
511.113000
513.600000
514.843000
516.087000
517.314000
518.557000
519.801000
521.044000
522.271000
523.514000
526.001000
527.245000
529.715000
530.958000
532.202000
534.672000
537.159000
538.402000
550.041000
552.511000
554.998000
557.485000
559.955000
561.199000
562.442000
563.686000
564.912000
567.399000
568.643000
569.886000
571.113000
572.357000
573.600000
574.843000
576.087000
577.314000
578.557000
579.801000
581.044000
582.271000
583.514000
584.758000
586.001000
588.471000
589.715000
590.958000
593.445000
594.672000
595.916000
598.402000
612.511000
614.998000
616.242000
619.955000
621.199000
622.442000
623.686000
624.912000
627.399000
629.886000
637.314000
638.557000
639.801000
641.044000
642.271000
643.514000
646.001000
647.245000
648.471000
649.715000
652.202000
653.445000
654.672000
657.159000
658.402000
672.511000
673.755000
674.998000
676.242000
677.485000
678.712000
679.955000
681.199000
683.686000
687.399000
688.643000
689.886000
691.113000
698.557000
699.801000
701.044000
702.271000
706.001000
708.472000
709.715000
710.958000
712.202000
713.445000
714.672000
715.916000
717.159000
731.284000
732.511000
733.755000
736.242000
737.485000
738.712000
739.955000
743.686000
744.913000
746.156000
747.399000
748.643000
751.113000
752.357000
753.600000
757.314000
759.801000
762.271000
763.514000
764.758000
766.001000
767.245000
768.472000
770.958000
773.445000
774.672000
775.916000
777.159000
778.402000
790.041000
791.284000
797.485000
798.712000
799.955000
802.442000
803.686000
806.156000
808.643000
811.113000
812.357000
814.843000
816.087000
817.314000
819.801000
822.271000
824.758000
826.001000
827.245000
830.958000
832.202000
833.445000
834.672000
837.159000
838.402000
850.041000
853.755000
858.712000
861.199000
862.442000
863.686000
867.399000
868.643000
869.886000
872.357000
873.600000
874.844000
876.087000
877.314000
878.557000
881.044000
882.271000
884.758000
886.001000
887.245000
888.472000
892.202000
893.445000
894.672000
895.916000
898.403000
910.041000
911.285000
912.511000
916.242000
917.485000
918.712000
922.442000
924.913000
926.156000
927.399000
928.643000
931.113000
932.357000
933.600000
936.087000
937.314000
938.557000
941.044000
942.271000
943.514000
946.001000
948.472000
949.715000
954.672000
957.159000
958.403000
970.025000
972.511000
973.755000
974.998000
976.225000
978.712000
979.955000
981.199000
982.426000
983.669000
984.913000
986.156000
987.383000
988.626000
989.870000
992.357000
994.827000
997.314000
998.557000
999.784000
1001.028000
1002.271000
1003.514000
1004.758000
1005.985000
1007.228000
1008.472000
1009.715000
1010.959000
1012.185000
1013.429000
1014.672000
1015.916000
1017.143000
1018.386000
