1038.667000
1039.280000
1039.910000
1041.154000
1041.767000
1042.380000
1043.010000
1043.624000
1044.254000
1044.867000
1045.481000
1046.111000
1046.724000
1047.354000
1047.968000
1048.581000
1049.211000
1049.824000
1051.068000
1051.681000
1052.311000
1052.925000
1053.555000
1054.168000
1054.782000
1055.412000
1056.025000
1056.655000
1057.269000
1057.882000
1058.512000
1059.125000
1060.369000
1060.982000
1061.612000
1062.226000
1062.856000
1063.469000
1064.083000
1064.713000
1065.326000
1065.956000
1066.569000
1067.183000
1067.813000
1068.426000
1069.040000
1069.670000
1070.283000
1070.913000
1071.527000
1072.140000
1072.770000
1073.383000
1074.013000
1074.627000
1075.240000
1075.870000
1076.484000
1077.114000
1077.727000
1078.341000
1079.584000
1080.214000
1080.828000
1081.441000
1082.071000
1082.684000
1083.314000
1083.928000
1084.541000
1085.785000
1086.415000
1097.423000
1098.053000
1098.667000
1099.280000
1099.910000
1100.524000
1101.154000
1101.767000
1102.380000
1103.010000
1103.624000
1104.254000
1104.867000
1105.481000
1106.111000
1106.724000
1107.354000
1107.968000
1108.581000
1109.211000
1109.824000
1111.068000
1111.681000
1112.311000
1112.925000
1113.555000
1114.168000
1114.782000
1115.412000
1116.025000
1116.655000
1117.269000
1117.882000
1118.512000
1119.125000
1119.755000
1120.369000
1120.982000
1121.612000
1122.226000
1122.856000
1123.469000
1124.083000
1124.713000
1125.326000
1125.956000
1127.183000
1127.813000
1128.426000
1129.670000
1130.283000
1130.913000
1131.527000
1132.140000
1133.383000
1134.013000
1134.627000
1135.240000
1135.870000
1136.484000
1137.114000
1137.727000
1138.341000
1138.971000
1139.584000
1140.214000
1140.828000
1141.441000
1142.071000
1142.684000
1143.314000
1143.928000
1144.541000
1145.171000
1145.785000
1146.415000
1157.423000
1158.053000
1158.667000
1159.910000
1160.524000
1161.154000
1161.767000
1162.380000
1163.010000
1163.624000
1164.254000
1164.867000
1165.481000
1166.111000
1166.724000
1167.354000
1168.581000
1169.211000
1169.824000
1170.455000
1171.068000
1171.681000
1172.311000
1172.925000
1173.555000
1174.168000
1174.782000
1175.412000
1176.025000
1176.655000
1177.269000
1177.882000
1178.512000
1179.125000
1179.755000
1180.369000
1180.982000
1181.612000
1182.226000
1182.856000
1183.469000
1184.083000
1184.713000
1185.956000
1186.569000
1187.183000
1187.813000
1188.426000
1189.040000
1189.670000
1190.283000
1190.913000
1191.527000
1192.140000
1192.770000
1193.384000
1194.014000
1194.627000
1195.240000
1195.870000
1196.484000
1197.114000
1198.341000
1198.971000
1199.584000
1200.214000
1200.828000
1201.441000
1202.071000
1202.684000
1203.314000
1203.928000
1204.541000
1205.171000
1205.785000
1206.415000
1218.053000
1218.667000
1219.280000
1219.910000
1220.524000
1221.154000
1221.767000
1222.380000
1223.010000
1223.624000
1224.254000
1224.867000
1225.481000
1226.111000
1226.724000
1227.354000
1227.968000
1228.581000
1229.211000
1229.825000
1230.455000
1231.068000
1231.681000
1232.925000
1233.555000
1234.168000
1234.782000
1235.412000
1236.025000
1236.655000
1237.269000
1237.882000
1238.512000
1239.125000
1239.755000
1240.369000
1240.982000
1241.612000
1242.226000
1242.856000
1243.469000
1244.083000
1245.326000
1245.939000
1246.570000
1247.183000
1247.813000
1248.426000
1249.040000
1249.670000
1250.283000
1250.913000
1251.527000
1252.140000
1252.770000
1253.384000
1254.014000
1254.627000
1255.240000
1255.870000
1256.484000
1257.114000
1257.727000
1258.341000
1258.971000
1259.584000
1260.828000
1261.441000
1262.071000
1262.684000
1263.314000
1263.928000
1264.541000
1265.171000
1265.785000
1266.415000
1277.423000
1278.053000
1278.667000
1279.280000
1279.910000
1281.154000
1281.767000
1282.380000
1283.011000
1283.624000
1284.254000
1284.867000
1285.481000
1286.111000
1286.724000
1287.354000
1287.968000
1288.581000
1289.211000
1289.825000
1290.455000
1291.068000
1291.681000
1292.311000
1292.925000
1293.555000
1294.168000
1294.782000
1295.412000
1296.025000
1296.655000
1297.269000
1297.882000
1298.512000
1299.125000
1299.755000
1300.982000
1301.612000
1302.226000
1302.856000
1303.469000
1304.083000
1304.713000
1305.326000
1305.939000
1306.570000
1307.183000
1307.813000
1308.426000
1309.040000
1309.670000
1310.283000
1310.913000
1311.527000
1312.140000
1312.770000
1313.384000
1314.014000
1314.627000
1315.240000
1315.870000
1316.484000
1317.114000
1317.727000
1318.341000
1318.971000
1319.584000
1320.214000
1320.828000
1321.441000
1322.071000
1322.684000
1323.928000
1324.541000
1325.785000
1326.415000
1337.423000
1338.053000
1338.667000
1339.280000
1339.910000
1340.524000
1341.154000
1341.767000
1342.381000
1343.011000
1343.624000
1344.254000
1344.867000
1345.481000
1346.111000
1346.724000
1347.354000
1347.968000
1348.581000
1349.211000
1349.825000
1350.455000
1351.068000
1351.681000
1352.311000
1352.925000
1353.555000
1354.168000
1354.782000
1356.025000
1356.655000
1358.512000
1359.125000
1359.756000
1360.369000
1360.982000
1361.612000
1362.856000
1363.469000
1364.083000
1365.940000
1366.570000
1367.183000
1367.813000
1368.426000
1369.040000
1369.670000
1370.283000
1370.913000
1371.527000
1372.140000
1372.770000
1373.384000
1374.014000
1374.627000
1375.240000
1375.870000
1376.484000
1377.114000
1377.727000
1378.341000
1378.971000
1379.584000
1380.828000
1381.441000
1382.071000
1382.684000
1383.314000
1383.928000
1384.541000
1385.171000
1385.785000
1386.415000
1397.423000
1398.037000
1398.667000
1399.280000
1399.894000
1401.137000
1401.767000
1402.381000
1402.994000
1403.624000
1404.237000
1404.867000
1405.481000
1406.094000
1406.724000
1407.338000
1407.968000
1408.581000
1409.195000
1409.825000
1410.438000
1411.052000
1411.681000
1412.295000
1412.925000
1413.538000
1414.152000
1414.782000
1415.395000
1416.025000
1416.639000
1417.252000
1417.882000
1418.495000
1419.126000
1419.739000
1420.352000
1421.596000
1422.226000
1422.839000
1423.453000
1424.083000
1424.696000
1425.326000
1425.940000
1426.553000
1427.183000
1427.796000
1428.426000
1429.653000
1430.283000
1430.897000
1431.527000
1432.140000
1432.754000
1433.384000
1433.997000
1434.627000
1436.484000
1437.097000
1437.727000
1439.584000
1440.198000
1440.828000
1441.441000
1442.055000
1442.685000
1443.298000
1443.928000
1444.541000
1445.155000
1445.785000
1446.398000
1457.423000
1458.037000
1459.280000
1459.894000
1461.137000
1461.767000
1462.381000
1462.994000
1463.624000
1464.237000
1464.867000
1466.094000
1466.724000
1467.338000
1467.968000
1468.581000
1469.195000
1469.825000
1470.438000
1471.068000
1471.682000
1472.295000
1472.925000
1473.538000
1474.152000
1474.782000
1475.395000
1476.025000
1477.252000
1477.882000
1478.496000
1479.126000
1479.739000
1480.352000
1480.982000
1481.596000
1482.226000
1482.839000
1483.453000
1484.083000
1484.696000
1485.326000
1485.940000
1487.183000
1487.796000
1488.426000
1489.040000
1489.653000
1490.283000
1490.897000
1491.527000
1492.140000
1492.754000
1493.384000
1493.997000
1494.627000
1495.241000
1495.854000
1496.484000
1497.097000
1497.727000
1498.341000
1498.954000
1499.584000
1500.198000
1500.828000
1501.441000
1502.055000
1502.685000
1503.298000
1503.928000
1504.541000
1505.155000
1505.785000
1506.398000
1517.423000
1518.037000
1519.280000
1519.894000
1520.524000
1521.137000
1521.767000
1522.381000
1522.994000
1523.624000
1524.237000
1524.867000
1525.481000
1526.094000
1526.724000
1527.338000
1527.968000
1528.581000
1529.195000
1529.825000
1530.438000
1531.052000
1531.682000
1532.295000
1532.925000
1533.538000
1534.152000
1534.782000
1535.395000
1536.025000
1536.639000
1537.252000
1537.882000
1538.496000
1539.126000
1539.739000
1540.352000
1540.982000
1541.596000
1542.226000
1542.839000
1543.453000
1544.083000
1544.696000
1545.940000
1546.553000
1547.183000
1547.796000
1548.426000
1549.040000
1549.653000
1550.283000
1550.897000
1551.527000
1552.140000
1552.754000
1553.384000
1553.997000
1554.627000
1555.854000
1556.484000
1557.097000
1557.727000
1558.341000
1559.584000
1560.198000
1560.828000
1561.441000
1562.055000
1562.685000
1563.298000
1563.928000
1564.541000
1565.155000
1565.785000
1566.398000
1577.423000
1578.667000
1579.280000
1579.894000
1580.524000
1581.137000
1581.751000
1582.381000
1582.994000
1583.624000
1584.237000
1584.851000
1585.481000
1586.094000
1586.724000
1587.338000
1587.951000
1588.581000
1589.195000
1589.825000
1590.438000
1591.052000
1591.682000
1592.295000
1592.925000
1594.152000
1594.782000
1595.395000
1596.025000
1596.639000
1597.252000
1597.882000
1598.496000
1599.126000
1599.739000
1600.352000
1600.982000
1601.596000
1602.226000
1602.839000
1603.453000
1604.083000
1604.696000
1605.326000
1605.940000
1606.553000
1607.183000
1607.796000
1608.427000
1609.040000
1609.653000
1610.283000
1610.897000
1611.527000
1612.140000
1612.754000
1613.384000
1613.997000
1614.611000
1615.241000
1615.854000
1616.484000
1617.097000
1617.711000
1618.341000
1618.954000
1619.584000
1620.198000
1620.811000
1621.441000
1622.055000
1623.911000
1624.541000
1625.155000
1625.785000
1626.398000
1638.037000
1638.667000
1639.280000
1639.894000
1640.524000
1641.137000
1641.751000
1642.381000
1642.994000
1643.624000
1644.238000
1644.851000
1645.481000
1646.094000
1646.724000
1647.338000
1647.951000
1648.581000
1649.195000
1649.825000
1650.438000
1651.052000
1651.682000
1652.295000
1652.925000
1653.538000
1654.152000
1654.782000
1655.395000
1656.025000
1656.639000
1657.252000
1657.882000
1658.496000
1659.126000
1659.739000
1660.982000
1661.596000
1662.226000
1662.839000
1663.453000
1664.083000
1664.696000
1665.326000
1665.940000
1666.553000
1667.183000
1667.797000
1668.427000
1669.040000
1669.653000
1670.283000
1670.897000
1671.527000
1672.140000
1672.754000
1673.384000
1673.997000
1674.611000
1675.241000
1675.854000
1676.484000
1677.097000
1677.711000
1678.341000
1678.954000
1679.584000
1680.198000
1680.811000
1681.441000
1682.055000
1682.685000
1683.298000
1683.911000
1684.541000
1685.155000
1685.785000
1686.398000
1697.424000
1698.037000
1698.667000
1699.280000
1699.894000
1700.524000
1701.137000
1701.751000
1702.381000
1702.994000
1703.624000
1704.238000
1704.851000
1705.481000
1706.094000
1706.724000
1707.951000
1708.581000
1709.195000
1709.825000
1711.052000
1711.682000
1712.295000
1712.925000
1713.538000
1714.152000
1714.782000
1715.395000
1716.025000
1716.639000
1717.252000
1717.882000
1718.496000
1719.126000
1719.739000
1720.353000
1720.982000
1721.596000
1722.226000
1722.839000
1724.083000
1724.696000
1725.326000
1725.940000
1726.553000
1727.183000
1727.797000
1728.427000
1729.040000
1729.653000
1730.283000
1731.527000
1732.140000
1732.754000
1733.384000
1733.997000
1734.611000
1735.241000
1735.854000
1737.097000
1737.711000
1738.341000
1738.954000
1739.584000
1740.198000
1740.811000
1741.441000
1742.055000
1742.685000
1743.298000
1743.911000
1744.542000
1745.155000
1745.785000
