1766.673000
1767.900000
1769.143000
1770.387000
1772.874000
1774.101000
1775.344000
1776.587000
1777.831000
1779.074000
1780.301000
1781.545000
1782.788000
1784.032000
1785.275000
1786.502000
1787.745000
1788.989000
1790.232000
1791.476000
1792.702000
1793.946000
1795.189000
1796.433000
1797.660000
1798.903000
1800.146000
1801.390000
1802.633000
1803.860000
1805.104000
1806.347000
1807.591000
1808.834000
1810.061000
1811.304000
1813.791000
1826.673000
1827.900000
1829.143000
1830.387000
1831.630000
1832.874000
1834.101000
1835.344000
1836.588000
1837.831000
1839.074000
1840.301000
1841.545000
1842.788000
1844.032000
1845.275000
1846.502000
1847.745000
1848.989000
1850.232000
1851.476000
1852.702000
1853.946000
1855.189000
1856.433000
1857.660000
1858.903000
1860.146000
1861.390000
1862.633000
1863.860000
1865.104000
1866.347000
1867.591000
1868.834000
1870.061000
1871.304000
1872.548000
1873.791000
1885.430000
1886.673000
1887.900000
1889.143000
1890.387000
1892.874000
1894.101000
1896.588000
1897.831000
1899.074000
1900.301000
1901.545000
1902.788000
1904.032000
1905.275000
1906.502000
1907.745000
1908.989000
1910.232000
1911.476000
1912.702000
1915.189000
1916.433000
1917.660000
1918.903000
1920.147000
1921.390000
1922.633000
1923.860000
1925.104000
1926.347000
1927.591000
1928.834000
1930.061000
1931.304000
1932.548000
1933.791000
1947.900000
1949.144000
1950.387000
1951.630000
1952.874000
1954.101000
1955.344000
1956.588000
1957.831000
1959.074000
1960.301000
1961.545000
1962.788000
1964.032000
1965.275000
1966.502000
1967.745000
1968.989000
1970.232000
1971.476000
1972.702000
1973.946000
1975.189000
1976.433000
1977.660000
1978.903000
1980.147000
1982.633000
1983.860000
1985.104000
1986.347000
1987.591000
1988.834000
1990.061000
1991.304000
1992.548000
1993.791000
2005.413000
2006.657000
2007.900000
2009.144000
2010.387000
2011.614000
2012.857000
2014.101000
2015.344000
2016.571000
2017.814000
2019.058000
2020.301000
2021.545000
2022.772000
2024.015000
2025.258000
2026.502000
2027.745000
2028.972000
2030.216000
2031.459000
2032.703000
2033.946000
2035.173000
2036.416000
2037.660000
2038.903000
2040.147000
2041.373000
2042.617000
2043.860000
2045.104000
2046.331000
2047.574000
2048.817000
2050.061000
2051.304000
2052.531000
2053.775000
2065.413000
2067.900000
2069.144000
2071.614000
2072.857000
2074.101000
2075.344000
2076.571000
2077.814000
2079.058000
2080.301000
2081.545000
2082.772000
2084.015000
2085.258000
2086.502000
2087.745000
2088.972000
2090.216000
2091.459000
2092.703000
2093.946000
2095.173000
2096.416000
2097.660000
2098.903000
2100.147000
2101.373000
2102.617000
2103.860000
2105.104000
2106.331000
2107.574000
2108.817000
2110.061000
2111.304000
2113.775000
2125.430000
2126.673000
2127.900000
2129.144000
2131.630000
2132.874000
2134.101000
2135.344000
2136.588000
2137.831000
2139.074000
2140.301000
2141.545000
2142.788000
2144.032000
2145.259000
2146.502000
2147.745000
2148.989000
2150.232000
2151.459000
2152.703000
2153.946000
2155.189000
2156.433000
2157.660000
2158.903000
2160.147000
2161.390000
2162.633000
2163.860000
2165.104000
2166.347000
2167.591000
2168.834000
2170.061000
2171.304000
2172.548000
2173.791000
2186.657000
2187.900000
2189.144000
2190.387000
2191.614000
2192.857000
2195.344000
2196.571000
2197.814000
2199.058000
2200.301000
2201.545000
2202.772000
2204.015000
2206.502000
2207.745000
2208.972000
2210.216000
2211.459000
2212.703000
2213.946000
2215.173000
2216.416000
2217.660000
2218.903000
2220.147000
2221.373000
2222.617000
2223.860000
2225.104000
2226.331000
2227.574000
2228.818000
2230.061000
2231.304000
2232.531000
2233.775000
2245.413000
2246.657000
2247.900000
2249.144000
2250.387000
2251.614000
2252.857000
2254.101000
2255.344000
2256.571000
2257.815000
2259.058000
2260.301000
2262.772000
2264.015000
2265.259000
2266.502000
2267.745000
2268.972000
2270.216000
2271.459000
2272.703000
2273.946000
2275.173000
2276.416000
2277.660000
2278.903000
2280.147000
2281.374000
2282.617000
2283.860000
2285.104000
2286.331000
2287.574000
2288.818000
2290.061000
2291.304000
2292.531000
2293.775000
2305.413000
2306.657000
2307.900000
2310.370000
2311.614000
2312.857000
2314.101000
2315.344000
2316.571000
2317.815000
2319.058000
2320.301000
2321.545000
2322.772000
2324.015000
2325.259000
2326.502000
2327.745000
2328.972000
2330.216000
2331.459000
2332.703000
2333.946000
2335.173000
2336.416000
2337.660000
2338.903000
2340.147000
2341.374000
2342.617000
2343.860000
2345.104000
2346.331000
2347.574000
2348.818000
2350.061000
2351.304000
2352.531000
2353.775000
2365.413000
2367.900000
2369.144000
2370.371000
2371.614000
2372.857000
2374.101000
2375.344000
2376.571000
2377.815000
2379.058000
2380.301000
2381.545000
2382.772000
2384.015000
2385.259000
2386.502000
2387.745000
2388.972000
2390.216000
2391.459000
2392.703000
2393.946000
2395.173000
2396.416000
2397.660000
2398.903000
2400.147000
2401.374000
2402.617000
2403.860000
2405.104000
2406.331000
2407.574000
2408.818000
2410.061000
2411.304000
2412.531000
2413.775000
2425.413000
2426.657000
2427.900000
2429.144000
2430.371000
2431.614000
2432.857000
2434.101000
2435.344000
2436.571000
2437.815000
2439.058000
2440.301000
2441.545000
2442.772000
2444.015000
2445.259000
2446.502000
2447.746000
2448.972000
2450.216000
2451.459000
2452.703000
2453.946000
2455.173000
2456.416000
2457.660000
2458.903000
2460.147000
2461.374000
2462.617000
2463.860000
2465.104000
2466.331000
2467.574000
2468.818000
2470.061000
2471.305000
2472.531000
2473.775000
