315.015000
319.972000
323.686000
337.330000
349.731000
354.689000
381.199000
389.886000
408.488000
409.731000
412.202000
415.932000
431.284000
433.755000
436.242000
437.485000
439.955000
441.199000
446.156000
464.758000
468.471000
473.445000
490.041000
502.442000
503.686000
504.912000
509.886000
524.758000
528.471000
533.445000
535.915000
551.284000
553.755000
556.242000
558.712000
587.245000
592.202000
597.159000
610.041000
613.755000
617.485000
618.712000
628.643000
633.600000
644.758000
650.958000
684.913000
686.156000
692.357000
693.600000
694.843000
703.514000
704.758000
718.402000
730.041000
734.998000
741.199000
749.886000
754.843000
756.087000
792.511000
793.755000
796.242000
801.199000
804.913000
807.399000
809.886000
813.600000
818.557000
821.044000
828.472000
829.715000
835.916000
851.285000
852.511000
854.998000
857.485000
859.955000
864.913000
866.156000
871.113000
879.801000
883.514000
890.958000
897.159000
913.755000
914.998000
919.955000
921.199000
923.686000
929.886000
934.844000
939.801000
944.758000
947.245000
950.959000
953.445000
955.916000
971.268000
977.469000
991.113000
993.584000
996.070000
