1768.530000
1775.974000
1782.175000
1788.375000
1795.803000
1798.290000
1800.760000
1804.490000
1806.961000
1809.447000
1811.934000
1813.161000
1826.043000
1828.530000
1837.201000
1840.931000
1842.175000
1848.375000
1849.602000
1854.576000
1855.803000
1860.760000
1864.490000
1869.447000
1873.161000
1891.000000
1892.244000
1894.731000
1897.201000
1898.444000
1909.602000
1912.089000
1915.803000
1917.046000
1918.290000
1919.533000
1925.734000
1931.934000
1953.487000
1954.731000
1960.931000
1964.645000
1965.888000
1967.132000
1970.846000
1974.576000
1979.533000
1982.003000
1985.734000
1989.447000
1990.691000
1994.405000
2023.402000
2024.645000
2025.872000
2032.072000
2033.316000
2045.717000
2049.431000
2050.674000
2051.918000
2072.244000
2077.201000
2078.444000
2084.645000
2087.115000
2094.559000
2106.961000
2108.204000
2133.487000
2134.731000
2152.089000
2154.559000
2162.003000
2165.734000
2170.691000
2173.161000
2174.405000
2187.287000
2193.471000
2194.714000
2200.915000
2204.645000
2212.073000
2214.559000
2224.474000
2230.674000
2247.287000
2254.714000
2260.915000
2263.402000
2264.645000
2267.115000
2279.517000
2280.760000
2286.961000
2288.204000
2294.405000
2309.757000
2317.201000
2318.445000
2340.760000
2346.961000
2369.757000
2373.471000
2379.671000
2380.915000
2384.645000
2388.359000
2398.273000
2399.517000
2405.717000
2411.918000
2426.043000
2439.671000
2443.402000
2445.872000
2449.602000
2457.046000
