9.427000
10.041000
10.671000
11.284000
11.914000
12.528000
13.141000
13.771000
14.384000
15.015000
15.628000
16.241000
16.871000
18.115000
18.728000
19.342000
19.972000
20.585000
21.215000
22.442000
23.072000
23.685000
24.315000
24.929000
25.542000
26.172000
26.786000
27.416000
28.029000
28.643000
29.273000
29.886000
30.516000
31.129000
31.743000
32.373000
32.986000
33.600000
34.230000
34.843000
35.473000
36.087000
37.330000
37.943000
38.574000
39.800000
40.430000
41.044000
41.674000
42.287000
42.901000
43.531000
44.144000
44.774000
45.388000
46.001000
46.631000
47.874000
48.488000
49.101000
49.731000
50.345000
50.975000
51.588000
52.202000
52.832000
53.445000
54.075000
54.688000
55.302000
55.932000
56.545000
57.175000
57.789000
69.427000
70.041000
70.671000
71.284000
71.914000
72.528000
73.141000
73.771000
74.385000
75.015000
75.628000
76.241000
76.871000
77.485000
78.115000
78.728000
79.342000
80.585000
81.829000
82.442000
83.685000
84.315000
84.929000
85.542000
86.172000
86.786000
88.029000
88.643000
89.273000
89.886000
91.129000
91.743000
92.373000
93.600000
94.230000
94.843000
95.473000
96.087000
96.700000
97.330000
97.944000
99.187000
100.430000
101.044000
101.674000
102.287000
102.901000
103.531000
104.144000
104.774000
105.388000
106.001000
106.631000
107.244000
107.874000
109.101000
109.731000
110.345000
110.975000
111.588000
112.202000
112.832000
113.445000
114.075000
114.688000
115.302000
115.932000
116.545000
117.175000
117.789000
118.402000
129.427000
130.041000
130.671000
131.914000
132.528000
133.141000
133.771000
134.385000
135.015000
135.628000
136.241000
136.871000
137.485000
138.115000
138.728000
139.342000
139.972000
140.585000
141.215000
141.829000
142.442000
143.072000
143.685000
144.315000
144.929000
145.542000
147.416000
148.643000
149.273000
149.886000
150.499000
151.129000
151.743000
152.373000
152.986000
153.600000
154.230000
154.843000
155.473000
156.087000
156.700000
157.330000
157.944000
158.574000
159.187000
160.430000
161.044000
161.674000
162.287000
163.531000
164.144000
164.774000
165.388000
166.001000
166.631000
167.244000
167.874000
168.488000
169.101000
169.731000
170.345000
170.975000
172.202000
172.832000
173.445000
174.075000
174.689000
175.302000
176.545000
177.175000
177.789000
178.402000
189.427000
190.041000
190.671000
191.284000
191.914000
192.528000
193.141000
193.771000
194.385000
195.015000
195.628000
196.241000
196.871000
197.485000
198.115000
198.728000
199.342000
199.972000
200.585000
201.215000
201.829000
203.072000
203.685000
204.315000
204.929000
205.542000
206.172000
206.786000
207.416000
208.029000
209.273000
209.886000
210.500000
211.130000
211.743000
212.373000
212.986000
213.600000
214.230000
214.843000
215.473000
216.087000
216.700000
217.330000
217.944000
218.574000
219.187000
219.800000
220.430000
221.044000
221.674000
222.287000
222.901000
223.531000
224.144000
224.774000
225.388000
226.001000
226.631000
227.244000
227.874000
228.488000
229.101000
229.731000
230.345000
230.975000
231.588000
232.202000
232.832000
233.445000
234.689000
235.302000
236.545000
237.175000
237.789000
238.402000
249.427000
250.041000
250.671000
251.284000
251.914000
252.528000
253.141000
253.771000
254.385000
255.015000
255.628000
256.241000
256.871000
257.485000
258.115000
258.728000
259.342000
259.972000
260.585000
261.215000
261.829000
262.442000
263.072000
263.685000
264.316000
264.929000
265.542000
266.172000
266.786000
267.416000
268.029000
268.643000
269.273000
269.886000
270.500000
271.130000
271.743000
272.373000
272.986000
273.600000
274.230000
274.843000
275.473000
276.700000
277.330000
277.944000
278.574000
279.187000
279.800000
280.430000
281.044000
281.674000
282.287000
282.901000
283.531000
284.144000
284.774000
285.388000
286.001000
286.631000
287.244000
287.875000
289.101000
289.731000
290.345000
290.975000
291.588000
292.202000
292.832000
293.445000
294.075000
294.689000
295.302000
295.932000
296.545000
297.175000
297.789000
298.402000
