1038.667000
1039.910000
1041.154000
1042.380000
1043.624000
1044.867000
1046.111000
1047.354000
1048.581000
1049.824000
1051.068000
1052.311000
1053.555000
1054.782000
1056.025000
1057.269000
1058.512000
1060.982000
1062.226000
1063.469000
1064.713000
1065.956000
1067.183000
1068.426000
1069.670000
1070.913000
1072.140000
1073.383000
1074.627000
1075.870000
1077.114000
1078.341000
1079.584000
1080.828000
1082.071000
1083.314000
1084.541000
1085.785000
1097.423000
1098.667000
1099.910000
1101.154000
1102.380000
1103.624000
1104.867000
1106.111000
1107.354000
1108.581000
1109.824000
1111.068000
1112.311000
1113.555000
1114.782000
1116.025000
1117.269000
1118.512000
1119.755000
1120.982000
1122.226000
1123.469000
1124.713000
1125.956000
1127.183000
1128.426000
1129.670000
1130.913000
1132.140000
1133.383000
1134.627000
1135.870000
1137.114000
1138.341000
1139.584000
1140.828000
1142.071000
1143.314000
1144.541000
1145.785000
1157.423000
1158.667000
1159.910000
1161.154000
1162.380000
1163.624000
1164.867000
1166.111000
1167.354000
1168.581000
1169.824000
1171.068000
1172.311000
1173.555000
1174.782000
1176.025000
1177.269000
1178.512000
1179.755000
1180.982000
1182.226000
1183.469000
1184.713000
1185.956000
1187.183000
1188.426000
1189.670000
1190.913000
1192.140000
1193.384000
1194.627000
1195.870000
1197.114000
1198.341000
1199.584000
1200.828000
1202.071000
1203.314000
1204.541000
1205.785000
1218.667000
1219.910000
1221.154000
1222.380000
1223.624000
1224.867000
1226.111000
1227.354000
1228.581000
1229.825000
1231.068000
1233.555000
1234.782000
1236.025000
1237.269000
1238.512000
1239.755000
1240.982000
1242.226000
1243.469000
1245.939000
1247.183000
1248.426000
1249.670000
1250.913000
1252.140000
1253.384000
1254.627000
1255.870000
1257.114000
1258.341000
1259.584000
1260.828000
1262.071000
1263.314000
1264.541000
1265.785000
1277.423000
1278.667000
1279.910000
1281.154000
1282.380000
1283.624000
1284.867000
1286.111000
1287.354000
1288.581000
1289.825000
1291.068000
1292.311000
1293.555000
1294.782000
1296.025000
1297.269000
1298.512000
1299.755000
1300.982000
1302.226000
1303.469000
1304.713000
1305.939000
1307.183000
1308.426000
1309.670000
1310.913000
1312.140000
1313.384000
1314.627000
1315.870000
1317.114000
1318.341000
1319.584000
1320.828000
1322.071000
1324.541000
1325.785000
1337.423000
1338.667000
1339.910000
1341.154000
1342.381000
1343.624000
1344.867000
1346.111000
1347.354000
1348.581000
1349.825000
1351.068000
1352.311000
1353.555000
1354.782000
1356.025000
1358.512000
1359.756000
1360.982000
1363.469000
1365.940000
1367.183000
1368.426000
1369.670000
1370.913000
1372.140000
1373.384000
1374.627000
1375.870000
1377.114000
1378.341000
1379.584000
1380.828000
1382.071000
1383.314000
1384.541000
1385.785000
1397.423000
1398.667000
1399.894000
1401.137000
1402.381000
1403.624000
1404.867000
1406.094000
1407.338000
1408.581000
1409.825000
1411.052000
1412.295000
1413.538000
1414.782000
1416.025000
1417.252000
1418.495000
1419.739000
1422.226000
1423.453000
1424.696000
1425.940000
1427.183000
1428.426000
1429.653000
1430.897000
1432.140000
1433.384000
1434.627000
1437.097000
1439.584000
1440.828000
1442.055000
1443.298000
1444.541000
1445.785000
1457.423000
1459.894000
1461.137000
1462.381000
1463.624000
1464.867000
1466.094000
1467.338000
1468.581000
1469.825000
1471.068000
1472.295000
1473.538000
1474.782000
1476.025000
1477.252000
1478.496000
1479.739000
1480.982000
1482.226000
1483.453000
1484.696000
1485.940000
1487.183000
1488.426000
1489.653000
1490.897000
1492.140000
1493.384000
1494.627000
1495.854000
1497.097000
1498.341000
1499.584000
1500.828000
1502.055000
1503.298000
1504.541000
1505.785000
1517.423000
1519.894000
1521.137000
1522.381000
1523.624000
1524.867000
1526.094000
1527.338000
1528.581000
1529.825000
1531.052000
1532.295000
1533.538000
1534.782000
1536.025000
1537.252000
1538.496000
1539.739000
1540.982000
1542.226000
1543.453000
1544.696000
1545.940000
1547.183000
1548.426000
1549.653000
1550.897000
1552.140000
1553.384000
1554.627000
1555.854000
1557.097000
1558.341000
1559.584000
1560.828000
1562.055000
1563.298000
1564.541000
1565.785000
1577.423000
1578.667000
1579.894000
1581.137000
1582.381000
1583.624000
1584.851000
1586.094000
1587.338000
1588.581000
1589.825000
1591.052000
1592.295000
1594.782000
1596.025000
1597.252000
1598.496000
1599.739000
1600.982000
1602.226000
1603.453000
1604.696000
1605.940000
1607.183000
1608.427000
1609.653000
1610.897000
1612.140000
1613.384000
1614.611000
1615.854000
1617.097000
1618.341000
1619.584000
1620.811000
1622.055000
1624.541000
1625.785000
1638.667000
1639.894000
1641.137000
1642.381000
1643.624000
1644.851000
1646.094000
1647.338000
1648.581000
1649.825000
1651.052000
1652.295000
1653.538000
1654.782000
1656.025000
1657.252000
1658.496000
1659.739000
1660.982000
1662.226000
1663.453000
1664.696000
1665.940000
1667.183000
1668.427000
1669.653000
1670.897000
1672.140000
1673.384000
1674.611000
1675.854000
1677.097000
1678.341000
1679.584000
1680.811000
1682.055000
1683.298000
1684.541000
1685.785000
1697.424000
1698.667000
1699.894000
1701.137000
1702.381000
1703.624000
1704.851000
1706.094000
1708.581000
1709.825000
1711.052000
1712.295000
1713.538000
1714.782000
1716.025000
1717.252000
1718.496000
1719.739000
1720.982000
1722.226000
1724.696000
1725.940000
1727.183000
1728.427000
1729.653000
1732.140000
1733.384000
1734.611000
1735.854000
1737.097000
1738.341000
1739.584000
1740.811000
1742.055000
1743.298000
1744.542000
1745.785000
