1039.280000
1041.767000
1044.254000
1045.481000
1046.724000
1047.968000
1049.211000
1051.681000
1054.168000
1055.412000
1056.655000
1057.882000
1060.369000
1061.612000
1064.083000
1065.326000
1066.569000
1067.813000
1071.527000
1072.770000
1074.013000
1075.240000
1076.484000
1080.214000
1082.684000
1083.928000
1086.415000
1098.053000
1099.280000
1100.524000
1101.767000
1103.010000
1104.254000
1105.481000
1106.724000
1107.968000
1112.925000
1115.412000
1116.655000
1119.125000
1120.369000
1121.612000
1122.856000
1124.083000
1125.326000
1127.813000
1130.283000
1131.527000
1134.013000
1135.240000
1136.484000
1137.727000
1138.971000
1140.214000
1142.684000
1143.928000
1145.171000
1146.415000
1158.053000
1160.524000
1161.767000
1163.010000
1164.254000
1165.481000
1166.724000
1174.168000
1176.655000
1177.882000
1179.125000
1182.856000
1184.083000
1186.569000
1187.813000
1189.040000
1192.770000
1195.240000
1196.484000
1198.971000
1200.214000
1201.441000
1202.684000
1203.928000
1206.415000
1219.280000
1220.524000
1221.767000
1223.010000
1224.254000
1225.481000
1226.724000
1230.455000
1231.681000
1232.925000
1234.168000
1236.655000
1237.882000
1240.369000
1241.612000
1242.856000
1244.083000
1245.326000
1246.570000
1247.813000
1249.040000
1250.283000
1255.240000
1256.484000
1261.441000
1262.684000
1265.171000
1266.415000
1278.053000
1279.280000
1281.767000
1283.011000
1284.254000
1289.211000
1290.455000
1292.925000
1294.168000
1295.412000
1297.882000
1299.125000
1301.612000
1302.856000
1306.570000
1307.813000
1309.040000
1310.283000
1311.527000
1312.770000
1316.484000
1320.214000
1322.684000
1326.415000
1338.053000
1339.280000
1340.524000
1341.767000
1343.011000
1345.481000
1346.724000
1347.968000
1349.211000
1350.455000
1351.681000
1352.925000
1356.655000
1359.125000
1360.369000
1361.612000
1362.856000
1366.570000
1369.040000
1370.283000
1371.527000
1372.770000
1374.014000
1375.240000
1376.484000
1377.727000
1378.971000
1381.441000
1383.928000
1385.171000
1386.415000
1398.037000
1399.280000
1401.767000
1402.994000
1405.481000
1406.724000
1407.968000
1411.681000
1412.925000
1414.152000
1415.395000
1417.882000
1420.352000
1421.596000
1422.839000
1424.083000
1425.326000
1426.553000
1427.796000
1430.283000
1432.754000
1433.997000
1436.484000
1437.727000
1442.685000
1445.155000
1446.398000
1459.280000
1462.994000
1464.237000
1466.724000
1467.968000
1469.195000
1470.438000
1472.925000
1475.395000
1477.882000
1480.352000
1481.596000
1482.839000
1487.796000
1489.040000
1490.283000
1491.527000
1492.754000
1493.997000
1495.241000
1496.484000
1497.727000
1498.954000
1501.441000
1502.685000
1503.928000
1505.155000
1520.524000
1522.994000
1524.237000
1525.481000
1526.724000
1527.968000
1529.195000
1532.925000
1534.152000
1535.395000
1536.639000
1537.882000
1540.352000
1542.839000
1544.083000
1547.796000
1551.527000
1553.997000
1556.484000
1560.198000
1561.441000
1562.685000
1563.928000
1565.155000
1566.398000
1579.280000
1580.524000
1581.751000
1584.237000
1585.481000
1586.724000
1587.951000
1590.438000
1591.682000
1592.925000
1594.152000
1595.395000
1597.882000
1599.126000
1600.352000
1601.596000
1602.839000
1605.326000
1606.553000
1607.796000
1609.040000
1610.283000
1611.527000
1613.997000
1616.484000
1617.711000
1618.954000
1620.198000
1621.441000
1623.911000
1625.155000
1626.398000
1638.037000
1639.280000
1640.524000
1642.994000
1644.238000
1645.481000
1646.724000
1647.951000
1649.195000
1650.438000
1651.682000
1652.925000
1654.152000
1655.395000
1656.639000
1657.882000
1659.126000
1664.083000
1666.553000
1667.797000
1669.040000
1672.754000
1675.241000
1677.711000
1680.198000
1681.441000
1682.685000
1683.911000
1685.155000
1686.398000
1698.037000
1699.280000
1700.524000
1701.751000
1702.994000
1704.238000
1705.481000
1707.951000
1709.195000
1712.925000
1715.395000
1719.126000
1720.353000
1721.596000
1722.839000
1724.083000
1725.326000
1726.553000
1727.797000
1730.283000
1731.527000
1732.754000
1735.241000
1738.954000
1740.198000
1741.441000
1743.911000
1745.155000
