1767.287000
1769.773000
1771.000000
1772.244000
1773.487000
1774.731000
1777.201000
1778.444000
1779.688000
1780.931000
1783.402000
1784.645000
1785.888000
1787.132000
1789.602000
1790.846000
1792.089000
1793.332000
1794.576000
1797.046000
1799.533000
1802.003000
1803.247000
1805.734000
1808.204000
1827.287000
1829.773000
1831.000000
1832.244000
1833.487000
1834.731000
1835.974000
1839.688000
1843.402000
1845.888000
1847.132000
1850.846000
1852.089000
1853.332000
1857.046000
1859.533000
1862.003000
1863.247000
1865.734000
1866.961000
1868.204000
1870.691000
1871.934000
1874.405000
1886.043000
1887.287000
1888.530000
1895.974000
1899.688000
1900.931000
1902.175000
1903.402000
1904.645000
1905.888000
1908.375000
1910.846000
1913.332000
1914.576000
1920.760000
1922.003000
1924.490000
1926.961000
1929.447000
1930.691000
1933.161000
1946.043000
1947.287000
1948.530000
1951.000000
1952.244000
1955.974000
1957.201000
1958.444000
1959.688000
1962.175000
1963.402000
1968.375000
1969.602000
1972.089000
1973.333000
1975.803000
1977.046000
1978.290000
1980.760000
1983.247000
1984.490000
1986.961000
1988.204000
1991.934000
1993.161000
2006.043000
2008.514000
2009.757000
2011.000000
2012.244000
2013.471000
2014.714000
2015.958000
2018.444000
2019.671000
2020.915000
2022.158000
2027.115000
2029.602000
2030.846000
2034.559000
2035.803000
2037.046000
2040.760000
2042.003000
2044.474000
2048.204000
2054.405000
2066.043000
2068.514000
2069.757000
2071.000000
2073.471000
2074.714000
2075.958000
2079.671000
2080.915000
2082.158000
2083.402000
2085.872000
2088.359000
2089.602000
2090.846000
2092.073000
2093.316000
2095.803000
2097.046000
2098.273000
2099.517000
2100.760000
2102.003000
2103.247000
2104.474000
2105.717000
2109.431000
2110.674000
2113.161000
2114.405000
2126.043000
2127.287000
2128.530000
2129.774000
2132.244000
2135.974000
2137.201000
2139.688000
2140.931000
2142.158000
2143.402000
2144.645000
2145.889000
2147.132000
2148.359000
2149.602000
2150.846000
2153.333000
2155.803000
2157.046000
2159.533000
2160.760000
2163.247000
2164.490000
2166.961000
2168.204000
2169.448000
2171.935000
2186.043000
2188.514000
2189.757000
2191.000000
2192.244000
2195.958000
2197.201000
2198.445000
2199.671000
2202.158000
2203.402000
2205.872000
2208.359000
2209.602000
2210.846000
2215.803000
2217.046000
2218.273000
2219.517000
2220.760000
2223.247000
2225.717000
2226.961000
2228.204000
2229.431000
2231.918000
2234.405000
2246.043000
2249.757000
2251.000000
2252.244000
2257.201000
2258.445000
2259.671000
2262.158000
2265.872000
2268.359000
2269.602000
2270.846000
2272.073000
2274.559000
2275.803000
2277.046000
2278.273000
2282.004000
2283.247000
2284.474000
2285.717000
2289.431000
2290.674000
2291.918000
2293.161000
2306.043000
2307.287000
2308.514000
2311.000000
2312.244000
2314.714000
2315.958000
2319.671000
2320.915000
2323.402000
2324.645000
2325.872000
2327.115000
2328.359000
2329.602000
2330.846000
2332.073000
2333.316000
2334.560000
2337.046000
2339.517000
2342.004000
2344.474000
2345.717000
2348.204000
2349.431000
2350.674000
2351.918000
2353.161000
2366.043000
2368.514000
2372.244000
2374.714000
2375.958000
2377.201000
2378.445000
2382.158000
2383.402000
2387.115000
2389.602000
2390.846000
2392.073000
2394.560000
2395.803000
2397.046000
2400.760000
2402.004000
2403.247000
2404.474000
2406.961000
2408.204000
2409.431000
2410.674000
2414.405000
2427.287000
2429.757000
2431.001000
2432.244000
2433.471000
2434.714000
2435.958000
2438.445000
2440.915000
2442.158000
2444.645000
2447.116000
2448.359000
2450.846000
2452.073000
2453.316000
2454.560000
2458.273000
2459.517000
2460.760000
2462.004000
2463.230000
2464.474000
2465.717000
2466.961000
2468.204000
2469.431000
2470.675000
2471.918000
2473.161000
2474.405000
