1043.010000
1052.925000
1059.125000
1062.856000
1069.040000
1070.283000
1077.727000
1081.441000
1109.211000
1111.681000
1114.168000
1117.882000
1141.441000
1169.211000
1170.455000
1171.681000
1172.925000
1175.412000
1180.369000
1181.612000
1190.283000
1191.527000
1194.014000
1205.171000
1218.053000
1227.968000
1229.211000
1235.412000
1239.125000
1251.527000
1252.770000
1254.014000
1257.727000
1258.971000
1263.928000
1285.481000
1286.724000
1287.968000
1291.681000
1296.655000
1304.083000
1305.326000
1314.014000
1315.240000
1317.727000
1318.971000
1321.441000
1323.928000
1344.254000
1354.168000
1364.083000
1367.813000
1382.684000
1404.237000
1409.195000
1410.438000
1416.639000
1419.126000
1431.527000
1440.198000
1441.441000
1443.928000
1458.037000
1461.767000
1471.682000
1474.152000
1479.126000
1484.083000
1485.326000
1500.198000
1506.398000
1518.037000
1519.280000
1521.767000
1530.438000
1531.682000
1539.126000
1541.596000
1546.553000
1549.040000
1550.283000
1552.754000
1557.727000
1582.994000
1589.195000
1596.639000
1604.083000
1612.754000
1615.241000
1641.751000
1661.596000
1662.839000
1665.326000
1670.283000
1671.527000
1673.997000
1676.484000
1678.954000
1706.724000
1711.682000
1714.152000
1716.639000
1717.882000
1729.040000
1733.997000
1737.711000
1742.685000
