1762.329000
1762.943000
1763.573000
1764.186000
1764.800000
1765.430000
1766.043000
1766.673000
1767.287000
1767.900000
1768.530000
1769.143000
1769.773000
1770.387000
1771.000000
1771.630000
1772.244000
1772.874000
1773.487000
1774.101000
1774.731000
1775.344000
1775.974000
1776.587000
1777.201000
1777.831000
1778.444000
1779.074000
1779.688000
1780.301000
1780.931000
1781.545000
1782.175000
1782.788000
1783.402000
1784.032000
1784.645000
1785.275000
1785.888000
1786.502000
1787.132000
1787.745000
1788.375000
1788.989000
1789.602000
1790.232000
1790.846000
1791.476000
1792.089000
1792.702000
1793.332000
1793.946000
1794.576000
1795.189000
1795.803000
1796.433000
1797.046000
1797.660000
1798.290000
1798.903000
1799.533000
1800.146000
1800.760000
1801.390000
1802.003000
1802.633000
1803.247000
1803.860000
1804.490000
1805.104000
1805.734000
1806.347000
1806.961000
1807.591000
1808.204000
1808.834000
1809.447000
1810.061000
1810.691000
1811.304000
1811.934000
1812.548000
1813.161000
1813.791000
1814.405000
1822.329000
1822.943000
1823.573000
1824.186000
1824.800000
1825.430000
1826.043000
1826.673000
1827.287000
1827.900000
1828.530000
1829.143000
1829.773000
1830.387000
1831.000000
1831.630000
1832.244000
1832.874000
1833.487000
1834.101000
1834.731000
1835.344000
1835.974000
1836.588000
1837.201000
1837.831000
1838.444000
1839.074000
1839.688000
1840.301000
1840.931000
1841.545000
1842.175000
1842.788000
1843.402000
1844.032000
1844.645000
1845.275000
1845.888000
1846.502000
1847.132000
1847.745000
1848.375000
1848.989000
1849.602000
1850.232000
1850.846000
1851.476000
1852.089000
1852.702000
1853.332000
1853.946000
1854.576000
1855.189000
1855.803000
1856.433000
1857.046000
1857.660000
1858.290000
1858.903000
1859.533000
1860.146000
1860.760000
1861.390000
1862.003000
1862.633000
1863.247000
1863.860000
1864.490000
1865.104000
1865.734000
1866.347000
1866.961000
1867.591000
1868.204000
1868.834000
1869.447000
1870.061000
1870.691000
1871.304000
1871.934000
1872.548000
1873.161000
1873.791000
1874.405000
1882.329000
1882.943000
1883.573000
1884.186000
1884.800000
1885.430000
1886.043000
1886.673000
1887.287000
1887.900000
1888.530000
1889.143000
1889.773000
1890.387000
1891.000000
1891.630000
1892.244000
1892.874000
1893.487000
1894.101000
1894.731000
1895.344000
1895.974000
1896.588000
1897.201000
1897.831000
1898.444000
1899.074000
1899.688000
1900.301000
1900.931000
1901.545000
1902.175000
1902.788000
1903.402000
1904.032000
1904.645000
1905.275000
1905.888000
1906.502000
1907.132000
1907.745000
1908.375000
1908.989000
1909.602000
1910.232000
1910.846000
1911.476000
1912.089000
1912.702000
1913.332000
1913.946000
1914.576000
1915.189000
1915.803000
1916.433000
1917.046000
1917.660000
1918.290000
1918.903000
1919.533000
1920.147000
1920.760000
1921.390000
1922.003000
1922.633000
1923.247000
1923.860000
1924.490000
1925.104000
1925.734000
1926.347000
1926.961000
1927.591000
1928.204000
1928.834000
1929.447000
1930.061000
1930.691000
1931.304000
1931.934000
1932.548000
1933.161000
1933.791000
1934.405000
1942.329000
1942.943000
1943.573000
1944.186000
1944.800000
1945.430000
1946.043000
1946.673000
1947.287000
1947.900000
1948.530000
1949.144000
1949.774000
1950.387000
1951.000000
1951.630000
1952.244000
1952.874000
1953.487000
1954.101000
1954.731000
1955.344000
1955.974000
1956.588000
1957.201000
1957.831000
1958.444000
1959.074000
1959.688000
1960.301000
1960.931000
1961.545000
1962.175000
1962.788000
1963.402000
1964.032000
1964.645000
1965.275000
1965.888000
1966.502000
1967.132000
1967.745000
1968.375000
1968.989000
1969.602000
1970.232000
1970.846000
1971.476000
1972.089000
1972.702000
1973.333000
1973.946000
1974.576000
1975.189000
1975.803000
1976.433000
1977.046000
1977.660000
1978.290000
1978.903000
1979.533000
1980.147000
1980.760000
1981.390000
1982.003000
1982.633000
1983.247000
1983.860000
1984.490000
1985.104000
1985.734000
1986.347000
1986.961000
1987.591000
1988.204000
1988.834000
1989.447000
1990.061000
1990.691000
1991.304000
1991.934000
1992.548000
1993.161000
1993.791000
1994.405000
2002.313000
2002.943000
2003.556000
2004.186000
2004.800000
2005.413000
2006.043000
2006.657000
2007.287000
2007.900000
2008.514000
2009.144000
2009.757000
2010.387000
2011.000000
2011.614000
2012.244000
2012.857000
2013.471000
2014.101000
2014.714000
2015.344000
2015.958000
2016.571000
2017.201000
2017.814000
2018.444000
2019.058000
2019.671000
2020.301000
2020.915000
2021.545000
2022.158000
2022.772000
2023.402000
2024.015000
2024.645000
2025.258000
2025.872000
2026.502000
2027.115000
2027.745000
2028.359000
2028.972000
2029.602000
2030.216000
2030.846000
2031.459000
2032.072000
2032.703000
2033.316000
2033.946000
2034.559000
2035.173000
2035.803000
2036.416000
2037.046000
2037.660000
2038.273000
2038.903000
2039.517000
2040.147000
2040.760000
2041.373000
2042.003000
2042.617000
2043.247000
2043.860000
2044.474000
2045.104000
2045.717000
2046.331000
2046.961000
2047.574000
2048.204000
2048.817000
2049.431000
2050.061000
2050.674000
2051.304000
2051.918000
2052.531000
2053.161000
2053.775000
2054.405000
2062.313000
2062.943000
2063.556000
2064.186000
2064.800000
2065.413000
2066.043000
2066.657000
2067.287000
2067.900000
2068.514000
2069.144000
2069.757000
2070.387000
2071.000000
2071.614000
2072.244000
2072.857000
2073.471000
2074.101000
2074.714000
2075.344000
2075.958000
2076.571000
2077.201000
2077.814000
2078.444000
2079.058000
2079.671000
2080.301000
2080.915000
2081.545000
2082.158000
2082.772000
2083.402000
2084.015000
2084.645000
2085.258000
2085.872000
2086.502000
2087.115000
2087.745000
2088.359000
2088.972000
2089.602000
2090.216000
2090.846000
2091.459000
2092.073000
2092.703000
2093.316000
2093.946000
2094.559000
2095.173000
2095.803000
2096.416000
2097.046000
2097.660000
2098.273000
2098.903000
2099.517000
2100.147000
2100.760000
2101.373000
2102.003000
2102.617000
2103.247000
2103.860000
2104.474000
2105.104000
2105.717000
2106.331000
2106.961000
2107.574000
2108.204000
2108.817000
2109.431000
2110.061000
2110.674000
2111.304000
2111.918000
2112.531000
2113.161000
2113.775000
2114.405000
2122.330000
2122.943000
2123.573000
2124.186000
2124.800000
2125.430000
2126.043000
2126.673000
2127.287000
2127.900000
2128.530000
2129.144000
2129.774000
2130.387000
2131.000000
2131.630000
2132.244000
2132.874000
2133.487000
2134.101000
2134.731000
2135.344000
2135.974000
2136.588000
2137.201000
2137.831000
2138.444000
2139.074000
2139.688000
2140.301000
2140.931000
2141.545000
2142.158000
2142.788000
2143.402000
2144.032000
2144.645000
2145.259000
2145.889000
2146.502000
2147.132000
2147.745000
2148.359000
2148.989000
2149.602000
2150.232000
2150.846000
2151.459000
2152.089000
2152.703000
2153.333000
2153.946000
2154.559000
2155.189000
2155.803000
2156.433000
2157.046000
2157.660000
2158.290000
2158.903000
2159.533000
2160.147000
2160.760000
2161.390000
2162.003000
2162.633000
2163.247000
2163.860000
2164.490000
2165.104000
2165.734000
2166.347000
2166.961000
2167.591000
2168.204000
2168.834000
2169.448000
2170.061000
2170.691000
2171.304000
2171.935000
2172.548000
2173.161000
2173.791000
2174.405000
2182.313000
2182.943000
2183.556000
2184.186000
2184.800000
2185.413000
2186.043000
2186.657000
2187.287000
2187.900000
2188.514000
2189.144000
2189.757000
2190.387000
2191.000000
2191.614000
2192.244000
2192.857000
2193.471000
2194.101000
2194.714000
2195.344000
2195.958000
2196.571000
2197.201000
2197.814000
2198.445000
2199.058000
2199.671000
2200.301000
2200.915000
2201.545000
2202.158000
2202.772000
2203.402000
2204.015000
2204.645000
2205.259000
2205.872000
2206.502000
2207.115000
2207.745000
2208.359000
2208.972000
2209.602000
2210.216000
2210.846000
2211.459000
2212.073000
2212.703000
2213.316000
2213.946000
2214.559000
2215.173000
2215.803000
2216.416000
2217.046000
2217.660000
2218.273000
2218.903000
2219.517000
2220.147000
2220.760000
2221.373000
2222.003000
2222.617000
2223.247000
2223.860000
2224.474000
2225.104000
2225.717000
2226.331000
2226.961000
2227.574000
2228.204000
2228.818000
2229.431000
2230.061000
2230.674000
2231.304000
2231.918000
2232.531000
2233.161000
2233.775000
2234.405000
2242.313000
2242.943000
2243.556000
2244.186000
2244.800000
2245.413000
2246.043000
2246.657000
2247.287000
2247.900000
2248.514000
2249.144000
2249.757000
2250.387000
2251.000000
2251.614000
2252.244000
2252.857000
2253.471000
2254.101000
2254.714000
2255.344000
2255.958000
2256.571000
2257.201000
2257.815000
2258.445000
2259.058000
2259.671000
2260.301000
2260.915000
2261.545000
2262.158000
2262.772000
2263.402000
2264.015000
2264.645000
2265.259000
2265.872000
2266.502000
2267.115000
2267.745000
2268.359000
2268.972000
2269.602000
2270.216000
2270.846000
2271.459000
2272.073000
2272.703000
2273.316000
2273.946000
2274.559000
2275.173000
2275.803000
2276.416000
2277.046000
2277.660000
2278.273000
2278.903000
2279.517000
2280.147000
2280.760000
2281.374000
2282.004000
2282.617000
2283.247000
2283.860000
2284.474000
2285.104000
2285.717000
2286.331000
2286.961000
2287.574000
2288.204000
2288.818000
2289.431000
2290.061000
2290.674000
2291.304000
2291.918000
2292.531000
2293.161000
2293.775000
2294.405000
2302.313000
2302.943000
2303.556000
2304.186000
2304.800000
2305.413000
2306.043000
2306.657000
2307.287000
2307.900000
2308.514000
2309.144000
2309.757000
2310.370000
2311.000000
2311.614000
2312.244000
2312.857000
2313.471000
2314.101000
2314.714000
2315.344000
2315.958000
2316.571000
2317.201000
2317.815000
2318.445000
2319.058000
2319.671000
2320.301000
2320.915000
2321.545000
2322.158000
2322.772000
2323.402000
2324.015000
2324.645000
2325.259000
2325.872000
2326.502000
2327.115000
2327.745000
2328.359000
2328.972000
2329.602000
2330.216000
2330.846000
2331.459000
2332.073000
2332.703000
2333.316000
2333.946000
2334.560000
2335.173000
2335.803000
2336.416000
2337.046000
2337.660000
2338.273000
2338.903000
2339.517000
2340.147000
2340.760000
2341.374000
2342.004000
2342.617000
2343.247000
2343.860000
2344.474000
2345.104000
2345.717000
2346.331000
2346.961000
2347.574000
2348.204000
2348.818000
2349.431000
2350.061000
2350.674000
2351.304000
2351.918000
2352.531000
2353.161000
2353.775000
2354.405000
2362.313000
2362.943000
2363.556000
2364.186000
2364.800000
2365.413000
2366.043000
2366.657000
2367.287000
2367.900000
2368.514000
2369.144000
2369.757000
2370.371000
2371.001000
2371.614000
2372.244000
2372.857000
2373.471000
2374.101000
2374.714000
2375.344000
2375.958000
2376.571000
2377.201000
2377.815000
2378.445000
2379.058000
2379.671000
2380.301000
2380.915000
2381.545000
2382.158000
2382.772000
2383.402000
2384.015000
2384.645000
2385.259000
2385.872000
2386.502000
2387.115000
2387.745000
2388.359000
2388.972000
2389.602000
2390.216000
2390.846000
2391.459000
2392.073000
2392.703000
2393.316000
2393.946000
2394.560000
2395.173000
2395.803000
2396.416000
2397.046000
2397.660000
2398.273000
2398.903000
2399.517000
2400.147000
2400.760000
2401.374000
2402.004000
2402.617000
2403.247000
2403.860000
2404.474000
2405.104000
2405.717000
2406.331000
2406.961000
2407.574000
2408.204000
2408.818000
2409.431000
2410.061000
2410.674000
2411.304000
2411.918000
2412.531000
2413.161000
2413.775000
2414.405000
2422.313000
2422.943000
2423.557000
2424.187000
2424.800000
2425.413000
2426.043000
2426.657000
2427.287000
2427.900000
2428.514000
2429.144000
2429.757000
2430.371000
2431.001000
2431.614000
2432.244000
2432.857000
2433.471000
2434.101000
2434.714000
2435.344000
2435.958000
2436.571000
2437.201000
2437.815000
2438.445000
2439.058000
2439.671000
2440.301000
2440.915000
2441.545000
2442.158000
2442.772000
2443.402000
2444.015000
2444.645000
2445.259000
2445.872000
2446.502000
2447.116000
2447.746000
2448.359000
2448.972000
2449.602000
2450.216000
2450.846000
2451.459000
2452.073000
2452.703000
2453.316000
2453.946000
2454.560000
2455.173000
2455.803000
2456.416000
2457.046000
2457.660000
2458.273000
2458.903000
2459.517000
2460.147000
2460.760000
2461.374000
2462.004000
2462.617000
2463.230000
2463.860000
2464.474000
2465.104000
2465.717000
2466.331000
2466.961000
2467.574000
2468.204000
2468.818000
2469.431000
2470.061000
2470.675000
2471.305000
2471.918000
2472.531000
2473.161000
2473.775000
2474.405000
