311.284000
311.914000
312.528000
313.141000
313.771000
314.385000
315.015000
315.628000
316.241000
316.871000
317.485000
318.115000
318.728000
319.342000
319.972000
321.199000
321.829000
322.442000
323.072000
323.686000
324.929000
325.542000
326.172000
326.786000
327.399000
328.029000
328.643000
329.273000
329.886000
330.500000
331.130000
331.743000
332.373000
332.986000
333.600000
334.230000
334.843000
335.473000
336.087000
336.700000
337.330000
337.944000
338.574000
339.187000
339.800000
340.430000
341.044000
341.674000
342.287000
342.901000
343.531000
344.144000
344.774000
345.388000
346.001000
346.631000
347.875000
348.488000
349.101000
349.731000
350.345000
352.202000
352.832000
353.445000
354.059000
354.689000
355.302000
355.932000
356.545000
357.789000
358.402000
369.427000
370.041000
370.671000
371.284000
371.914000
372.528000
373.141000
373.771000
374.385000
375.015000
375.628000
376.241000
376.871000
377.485000
378.115000
378.728000
379.342000
379.972000
381.199000
381.829000
382.442000
383.072000
383.686000
384.299000
384.929000
385.542000
386.172000
386.786000
388.029000
389.273000
389.886000
390.500000
391.130000
391.743000
392.986000
393.600000
394.230000
395.473000
396.087000
396.700000
397.330000
397.944000
398.574000
399.187000
399.800000
400.431000
401.044000
401.674000
402.287000
402.901000
403.531000
404.144000
404.774000
405.388000
406.001000
406.631000
407.875000
408.488000
409.101000
409.731000
410.345000
410.975000
411.588000
412.202000
412.832000
413.445000
414.059000
414.689000
415.932000
416.546000
417.159000
417.789000
418.402000
430.041000
430.654000
431.284000
431.898000
432.511000
433.141000
433.755000
434.385000
434.998000
435.612000
436.242000
436.855000
437.485000
438.098000
439.955000
440.585000
441.199000
441.812000
442.442000
443.056000
443.686000
444.299000
444.912000
445.542000
446.156000
446.786000
447.399000
448.013000
448.643000
449.256000
449.886000
450.500000
451.113000
451.743000
452.986000
453.600000
454.213000
454.843000
455.457000
456.087000
457.314000
457.944000
458.557000
459.171000
459.801000
460.414000
461.044000
461.657000
462.271000
462.901000
463.514000
464.144000
464.758000
465.371000
466.001000
466.615000
467.245000
467.858000
468.471000
469.101000
469.715000
470.345000
470.958000
471.572000
472.202000
472.815000
473.445000
474.059000
474.672000
475.302000
475.915000
476.545000
477.159000
477.772000
478.402000
490.041000
490.654000
491.284000
491.898000
492.511000
493.141000
494.385000
494.998000
495.612000
496.242000
496.855000
497.485000
498.098000
498.712000
499.342000
499.955000
500.585000
501.199000
501.812000
502.442000
503.056000
503.686000
504.299000
504.912000
505.542000
506.156000
506.786000
508.643000
509.256000
509.886000
510.500000
511.113000
511.743000
512.987000
513.600000
514.213000
514.843000
515.457000
516.087000
516.700000
517.314000
517.944000
518.557000
519.801000
520.414000
521.044000
521.657000
522.271000
522.901000
523.514000
524.144000
524.758000
525.371000
526.001000
526.615000
527.245000
527.858000
528.471000
529.101000
529.715000
530.345000
530.958000
531.572000
532.202000
532.815000
533.445000
534.059000
534.672000
535.302000
535.915000
536.546000
537.159000
537.772000
538.402000
549.411000
550.041000
550.654000
551.284000
551.898000
552.511000
553.141000
553.755000
554.385000
554.998000
555.612000
556.242000
556.855000
557.485000
558.098000
558.712000
559.342000
559.955000
560.585000
561.199000
561.812000
562.442000
563.056000
563.686000
564.912000
566.786000
567.399000
568.013000
568.643000
569.256000
569.886000
570.500000
571.113000
571.743000
572.357000
572.987000
573.600000
574.213000
574.843000
575.457000
576.087000
576.700000
577.314000
577.944000
578.557000
579.171000
579.801000
580.414000
581.044000
581.657000
582.271000
582.901000
583.514000
584.144000
584.758000
585.371000
586.001000
586.615000
587.245000
587.858000
588.471000
589.101000
589.715000
590.345000
590.958000
591.572000
592.202000
592.815000
593.445000
594.059000
594.672000
595.302000
595.916000
596.546000
597.159000
597.772000
598.402000
609.411000
610.041000
610.654000
611.898000
612.511000
613.141000
613.755000
614.385000
614.998000
615.612000
616.242000
616.855000
617.485000
618.098000
618.712000
619.342000
619.955000
620.585000
621.199000
621.812000
622.442000
623.056000
623.686000
624.299000
624.912000
625.543000
626.786000
627.399000
628.013000
628.643000
629.256000
629.886000
633.600000
634.213000
635.457000
636.700000
637.314000
637.944000
638.557000
639.171000
639.801000
641.044000
641.658000
642.271000
642.901000
643.514000
644.144000
644.758000
646.001000
646.615000
647.245000
647.858000
648.471000
649.102000
649.715000
650.345000
650.958000
651.572000
652.202000
652.815000
653.445000
654.059000
654.672000
657.159000
657.772000
658.402000
669.411000
670.654000
671.898000
672.511000
673.141000
673.755000
674.385000
674.998000
675.612000
676.242000
676.855000
677.485000
678.098000
678.712000
679.342000
679.955000
680.585000
681.199000
681.812000
683.056000
683.686000
684.299000
684.913000
685.543000
686.156000
686.786000
687.399000
688.013000
688.643000
689.256000
689.886000
690.500000
691.113000
691.743000
692.357000
692.987000
693.600000
694.213000
694.843000
695.457000
696.700000
697.944000
698.557000
699.171000
699.801000
700.414000
701.044000
701.657000
702.271000
702.901000
703.514000
704.144000
704.758000
705.371000
706.001000
706.615000
707.858000
708.472000
709.102000
709.715000
710.345000
710.958000
711.572000
712.202000
712.815000
713.445000
714.059000
714.672000
715.302000
715.916000
716.546000
717.159000
717.772000
718.402000
729.411000
730.041000
730.654000
731.284000
731.898000
732.511000
733.141000
733.755000
734.385000
734.998000
736.242000
736.855000
737.485000
738.099000
738.712000
739.342000
739.955000
740.585000
741.199000
741.812000
743.056000
743.686000
744.299000
744.913000
745.543000
746.156000
746.786000
747.399000
748.013000
748.643000
749.256000
749.886000
751.113000
751.743000
752.357000
752.987000
753.600000
754.213000
754.843000
755.457000
756.087000
756.700000
757.314000
757.944000
759.171000
759.801000
760.414000
761.658000
762.271000
762.901000
763.514000
764.144000
764.758000
765.371000
766.001000
766.615000
767.245000
767.858000
768.472000
769.102000
770.345000
770.958000
771.572000
772.815000
773.445000
774.059000
774.672000
775.302000
775.916000
776.546000
777.159000
777.772000
778.402000
789.411000
790.041000
790.654000
791.284000
791.898000
792.511000
793.141000
793.755000
794.385000
795.612000
796.242000
796.855000
797.485000
798.099000
798.712000
799.955000
800.585000
801.199000
801.812000
802.442000
803.056000
803.686000
804.299000
804.913000
806.156000
806.786000
807.399000
808.013000
808.643000
809.256000
809.886000
810.500000
811.113000
811.743000
812.357000
812.987000
813.600000
814.213000
814.843000
815.457000
816.087000
816.700000
817.314000
817.944000
818.557000
819.171000
819.801000
820.414000
821.044000
821.658000
822.271000
822.901000
824.144000
824.758000
825.371000
826.001000
826.615000
827.245000
827.858000
828.472000
829.102000
829.715000
830.345000
830.958000
831.572000
832.202000
832.815000
833.445000
834.059000
834.672000
835.302000
835.916000
836.546000
837.159000
837.772000
838.402000
849.411000
850.041000
850.654000
851.285000
851.898000
852.511000
853.141000
853.755000
854.998000
857.485000
858.099000
858.712000
859.342000
859.955000
861.199000
861.812000
862.442000
863.056000
863.686000
864.299000
864.913000
865.543000
866.156000
866.786000
867.399000
868.013000
868.643000
869.256000
869.886000
870.500000
871.113000
871.743000
872.357000
872.987000
873.600000
874.844000
875.457000
876.087000
876.700000
877.314000
877.944000
878.557000
879.171000
879.801000
880.414000
881.044000
881.658000
882.271000
882.901000
883.514000
884.144000
884.758000
885.371000
886.001000
886.615000
887.245000
887.858000
888.472000
890.345000
890.958000
891.572000
892.202000
892.815000
893.445000
894.059000
894.672000
895.302000
895.916000
896.546000
897.159000
897.773000
898.403000
909.411000
910.041000
910.655000
911.285000
911.898000
912.511000
913.141000
913.755000
914.385000
914.998000
915.612000
916.242000
916.855000
917.485000
918.099000
918.712000
919.342000
919.955000
920.585000
921.199000
921.812000
922.442000
923.056000
923.686000
924.913000
925.543000
926.156000
926.786000
927.399000
928.013000
928.643000
929.256000
929.886000
930.500000
931.113000
931.743000
932.357000
932.987000
933.600000
934.214000
934.844000
935.457000
936.087000
936.700000
937.314000
937.944000
938.557000
939.171000
939.801000
940.414000
941.044000
941.658000
942.271000
942.901000
943.514000
944.144000
944.758000
945.371000
946.001000
946.615000
947.245000
947.858000
948.472000
949.102000
949.715000
950.345000
950.959000
951.572000
952.815000
953.445000
954.059000
954.672000
955.302000
955.916000
956.546000
957.159000
957.773000
958.403000
970.025000
970.655000
971.268000
971.898000
972.511000
973.125000
973.755000
974.368000
974.998000
975.612000
976.225000
976.855000
977.469000
978.099000
978.712000
979.325000
979.955000
980.569000
981.199000
981.812000
982.426000
983.056000
983.669000
984.283000
984.913000
985.526000
986.156000
986.770000
987.383000
988.013000
988.626000
989.256000
989.870000
990.483000
991.113000
991.727000
992.357000
992.970000
993.584000
994.214000
994.827000
995.457000
996.070000
996.684000
997.314000
997.927000
998.557000
999.171000
999.784000
1000.414000
1001.028000
1001.658000
1002.271000
1002.884000
1003.514000
1004.128000
1004.758000
1005.371000
1005.985000
1006.615000
1007.228000
1007.858000
1008.472000
1009.085000
1009.715000
1010.959000
1011.572000
1012.185000
1012.815000
1013.429000
1014.059000
1014.672000
1015.286000
1015.916000
1016.529000
1017.143000
1017.773000
1018.386000
