311.914000
313.141000
314.385000
315.628000
316.871000
318.115000
319.342000
321.829000
323.072000
325.542000
326.786000
328.029000
329.273000
330.500000
331.743000
332.986000
334.230000
335.473000
336.700000
337.944000
339.187000
340.430000
341.674000
342.901000
344.144000
345.388000
346.631000
347.875000
349.101000
350.345000
352.832000
354.059000
355.302000
356.545000
357.789000
369.427000
370.671000
371.914000
373.141000
374.385000
375.628000
376.871000
378.115000
379.342000
381.829000
383.072000
384.299000
385.542000
386.786000
388.029000
389.273000
390.500000
391.743000
392.986000
394.230000
395.473000
396.700000
397.944000
399.187000
400.431000
401.674000
402.901000
404.144000
405.388000
406.631000
407.875000
409.101000
410.345000
411.588000
412.832000
414.059000
416.546000
417.789000
430.654000
431.898000
433.141000
434.385000
435.612000
436.855000
438.098000
440.585000
441.812000
443.056000
444.299000
445.542000
446.786000
448.013000
449.256000
450.500000
451.743000
452.986000
454.213000
455.457000
457.944000
459.171000
460.414000
461.657000
462.901000
464.144000
465.371000
466.615000
467.858000
469.101000
470.345000
471.572000
472.815000
474.059000
475.302000
476.545000
477.772000
490.654000
491.898000
493.141000
494.385000
495.612000
496.855000
498.098000
499.342000
500.585000
501.812000
503.056000
504.299000
505.542000
506.786000
509.256000
510.500000
511.743000
512.987000
514.213000
515.457000
516.700000
517.944000
520.414000
521.657000
522.901000
524.144000
525.371000
526.615000
527.858000
529.101000
530.345000
531.572000
532.815000
534.059000
535.302000
536.546000
537.772000
549.411000
550.654000
551.898000
553.141000
554.385000
555.612000
556.855000
558.098000
559.342000
560.585000
561.812000
563.056000
566.786000
568.013000
569.256000
570.500000
571.743000
572.987000
574.213000
575.457000
576.700000
577.944000
579.171000
580.414000
581.657000
582.901000
584.144000
585.371000
586.615000
587.858000
589.101000
590.345000
591.572000
592.815000
594.059000
595.302000
596.546000
597.772000
609.411000
610.654000
611.898000
613.141000
614.385000
615.612000
616.855000
618.098000
619.342000
620.585000
621.812000
623.056000
624.299000
625.543000
626.786000
628.013000
629.256000
634.213000
635.457000
636.700000
637.944000
639.171000
641.658000
642.901000
644.144000
646.615000
647.858000
649.102000
650.345000
651.572000
652.815000
654.059000
657.772000
669.411000
670.654000
671.898000
673.141000
674.385000
675.612000
676.855000
678.098000
679.342000
680.585000
681.812000
683.056000
684.299000
685.543000
686.786000
688.013000
689.256000
690.500000
691.743000
692.987000
694.213000
695.457000
696.700000
697.944000
699.171000
700.414000
701.657000
702.901000
704.144000
705.371000
706.615000
707.858000
709.102000
710.345000
711.572000
712.815000
714.059000
715.302000
716.546000
717.772000
729.411000
730.654000
731.898000
733.141000
734.385000
736.855000
738.099000
739.342000
740.585000
741.812000
743.056000
744.299000
745.543000
746.786000
748.013000
749.256000
751.743000
752.987000
754.213000
755.457000
756.700000
757.944000
759.171000
760.414000
761.658000
762.901000
764.144000
765.371000
766.615000
767.858000
769.102000
770.345000
771.572000
772.815000
774.059000
775.302000
776.546000
777.772000
789.411000
790.654000
791.898000
793.141000
794.385000
795.612000
796.855000
798.099000
800.585000
801.812000
803.056000
804.299000
806.786000
808.013000
809.256000
810.500000
811.743000
812.987000
814.213000
815.457000
816.700000
817.944000
819.171000
820.414000
821.658000
822.901000
824.144000
825.371000
826.615000
827.858000
829.102000
830.345000
831.572000
832.815000
834.059000
835.302000
836.546000
837.772000
849.411000
850.654000
851.898000
853.141000
858.099000
859.342000
861.812000
863.056000
864.299000
865.543000
866.786000
868.013000
869.256000
870.500000
871.743000
872.987000
875.457000
876.700000
877.944000
879.171000
880.414000
881.658000
882.901000
884.144000
885.371000
886.615000
887.858000
890.345000
891.572000
892.815000
894.059000
895.302000
896.546000
897.773000
909.411000
910.655000
911.898000
913.141000
914.385000
915.612000
916.855000
918.099000
919.342000
920.585000
921.812000
923.056000
925.543000
926.786000
928.013000
929.256000
930.500000
931.743000
932.987000
934.214000
935.457000
936.700000
937.944000
939.171000
940.414000
941.658000
942.901000
944.144000
945.371000
946.615000
947.858000
949.102000
950.345000
951.572000
952.815000
954.059000
955.302000
956.546000
957.773000
970.655000
971.898000
973.125000
974.368000
975.612000
976.855000
978.099000
979.325000
980.569000
981.812000
983.056000
984.283000
985.526000
986.770000
988.013000
989.256000
990.483000
991.727000
992.970000
994.214000
995.457000
996.684000
997.927000
999.171000
1000.414000
1001.658000
1002.884000
1004.128000
1005.371000
1006.615000
1007.858000
1009.085000
1011.572000
1012.815000
1014.059000
1015.286000
1016.529000
1017.773000
