1038.666000
1039.909000
1041.153000
1042.380000
1043.623000
1046.110000
1047.354000
1048.580000
1049.824000
1051.067000
1052.311000
1053.554000
1054.781000
1056.024000
1057.268000
1058.511000
1059.755000
1060.982000
1062.225000
1063.468000
1064.712000
1065.955000
1067.182000
1068.426000
1069.669000
1070.912000
1072.156000
1073.383000
1074.626000
1075.870000
1077.113000
1078.340000
1079.583000
1080.827000
1082.070000
1083.314000
1084.541000
1085.784000
1097.423000
1098.666000
1099.909000
1101.153000
1102.380000
1103.623000
1104.867000
1106.110000
1107.354000
1108.580000
1109.824000
1111.067000
1112.311000
1113.554000
1114.781000
1116.024000
1117.268000
1118.511000
1119.755000
1120.982000
1122.225000
1123.468000
1124.712000
1125.939000
1127.182000
1128.426000
1129.669000
1130.913000
1132.139000
1133.383000
1134.626000
1135.870000
1137.113000
1138.340000
1139.583000
1140.827000
1142.070000
1143.314000
1144.541000
1145.784000
1157.423000
1158.666000
1159.910000
1161.153000
1162.380000
1163.623000
1164.867000
1166.110000
1167.354000
1168.580000
1169.824000
1171.067000
1172.311000
1173.554000
1174.781000
1176.024000
1178.511000
1180.982000
1182.225000
1183.468000
1184.712000
1185.939000
1187.182000
1188.426000
1189.669000
1190.913000
1192.139000
1193.383000
1194.626000
1195.870000
1197.113000
1198.340000
1199.583000
1200.827000
1203.314000
1204.541000
1205.784000
1217.423000
1218.666000
1219.910000
1221.153000
1222.380000
1223.623000
1224.867000
1226.110000
1227.354000
1228.580000
1229.824000
1231.067000
1232.311000
1233.554000
1234.781000
1236.024000
1237.268000
1238.511000
1239.755000
1243.469000
1244.712000
1245.939000
1247.182000
1248.426000
1249.669000
1250.913000
1252.139000
1253.383000
1254.626000
1255.870000
1257.113000
1259.583000
1260.827000
1262.070000
1263.314000
1264.541000
1265.784000
1277.423000
1278.666000
1279.910000
1281.153000
1282.380000
1283.623000
1284.867000
1286.110000
1287.354000
1288.580000
1289.824000
1291.067000
1293.554000
1294.781000
1296.025000
1297.268000
1298.511000
1299.755000
1300.982000
1302.225000
1303.469000
1304.712000
1307.182000
1308.426000
1309.669000
1310.913000
1312.139000
1313.383000
1314.626000
1315.870000
1317.113000
1318.340000
1319.584000
1320.827000
1322.070000
1323.314000
1325.784000
1337.423000
1338.666000
1339.910000
1341.153000
1342.380000
1343.623000
1344.867000
1346.110000
1347.354000
1348.581000
1349.824000
1351.067000
1352.311000
1353.554000
1354.781000
1356.025000
1357.268000
1358.511000
1359.755000
1362.225000
1363.469000
1364.712000
1365.939000
1367.182000
1368.426000
1369.669000
1370.913000
1372.139000
1373.383000
1374.626000
1375.870000
1377.113000
1378.340000
1379.584000
1380.827000
1382.070000
1383.314000
1384.541000
1385.784000
1397.423000
1399.910000
1401.153000
1402.380000
1403.623000
1404.867000
1406.110000
1407.354000
1408.580000
1411.067000
1412.311000
1413.554000
1414.781000
1416.025000
1417.268000
1418.511000
1419.755000
1420.982000
1422.225000
1423.469000
1424.712000
1425.939000
1427.182000
1429.669000
1430.913000
1432.140000
1433.383000
1434.626000
1435.870000
1437.113000
1438.340000
1439.584000
1440.827000
1442.070000
1443.314000
1444.541000
1445.784000
1457.423000
1458.666000
1459.910000
1461.153000
1462.380000
1463.623000
1464.867000
1466.110000
1467.354000
1468.581000
1469.824000
1471.067000
1472.311000
1473.554000
1474.781000
1476.025000
1477.268000
1478.511000
1479.755000
1480.982000
1482.225000
1483.469000
1484.712000
1485.939000
1487.182000
1488.426000
1489.669000
1490.913000
1492.140000
1493.383000
1494.626000
1495.870000
1497.113000
1498.340000
1499.584000
1500.827000
1502.070000
1503.314000
1504.541000
1517.423000
1519.893000
1521.137000
1522.380000
1523.623000
1524.867000
1526.094000
1527.337000
1528.581000
1529.824000
1531.051000
1532.294000
1533.538000
1534.781000
1536.025000
1537.251000
1538.495000
1539.738000
1540.982000
1542.225000
1543.452000
1544.695000
1545.939000
1547.182000
1548.426000
1549.653000
1550.896000
1552.140000
1553.383000
1554.626000
1555.853000
1557.097000
1558.340000
1559.584000
1560.827000
1562.054000
1563.297000
1565.784000
1577.423000
1578.666000
1579.910000
1581.153000
1582.380000
1583.623000
1584.867000
1586.110000
1587.354000
1588.581000
1589.824000
1591.067000
1592.311000
1593.554000
1594.781000
1596.025000
1598.511000
1599.755000
1602.225000
1603.469000
1604.712000
1605.939000
1607.182000
1608.426000
1609.669000
1610.913000
1612.140000
1613.383000
1615.870000
1617.113000
1618.340000
1619.584000
1620.827000
1622.071000
1623.314000
1624.541000
1625.784000
1637.423000
1638.666000
1641.137000
1642.380000
1643.623000
1644.867000
1646.094000
1647.337000
1648.581000
1651.051000
1652.294000
1653.538000
1654.781000
1657.252000
1658.495000
1659.738000
1660.982000
1662.225000
1663.452000
1664.696000
1665.939000
1667.182000
1668.426000
1669.653000
1670.896000
1672.140000
1673.383000
1674.626000
1675.853000
1677.097000
1678.340000
1679.584000
1682.054000
1683.297000
1684.541000
1685.784000
1697.423000
1698.666000
1699.893000
1701.137000
1702.380000
1703.623000
1704.867000
1706.094000
1707.337000
1708.581000
1709.824000
1711.051000
1713.538000
1714.781000
1716.025000
1717.252000
1718.495000
1719.738000
1720.982000
1722.225000
1723.452000
1725.939000
1727.182000
1729.653000
1730.896000
1732.140000
1733.383000
1734.627000
1737.097000
1738.340000
1739.584000
1740.811000
1742.054000
1743.297000
1744.541000
1745.784000
