1766.671000
1767.914000
1769.141000
1770.385000
1771.628000
1772.871000
1774.115000
1775.342000
1776.585000
1777.829000
1779.072000
1780.315000
1781.542000
1782.786000
1784.029000
1785.273000
1786.499000
1787.743000
1788.986000
1790.230000
1791.473000
1792.700000
1793.944000
1795.187000
1796.430000
1797.674000
1798.901000
1800.144000
1801.388000
1802.631000
1803.874000
1805.101000
1806.345000
1807.588000
1808.832000
1810.075000
1811.302000
1812.545000
1813.789000
1825.427000
1826.671000
1827.914000
1829.141000
1830.385000
1831.628000
1832.871000
1834.115000
1835.342000
1836.585000
1839.072000
1840.315000
1842.786000
1844.029000
1845.273000
1846.500000
1847.743000
1848.986000
1850.230000
1851.473000
1852.700000
1853.944000
1855.187000
1856.430000
1857.674000
1858.901000
1860.144000
1862.631000
1863.874000
1865.101000
1866.345000
1867.588000
1868.832000
1870.075000
1871.302000
1873.789000
1885.427000
1886.671000
1887.914000
1889.141000
1890.385000
1891.628000
1892.871000
1894.115000
1896.585000
1897.829000
1900.315000
1901.542000
1902.786000
1904.029000
1905.273000
1906.500000
1907.743000
1908.986000
1910.230000
1911.473000
1912.700000
1913.944000
1915.187000
1916.430000
1917.674000
1918.901000
1920.144000
1921.388000
1922.631000
1923.875000
1925.101000
1926.345000
1927.588000
1928.832000
1931.302000
1932.545000
1933.789000
1945.427000
1947.914000
1949.141000
1950.385000
1951.628000
1952.871000
1954.115000
1955.342000
1957.829000
1959.072000
1960.299000
1961.542000
1962.786000
1964.029000
1965.273000
1966.500000
1967.743000
1968.986000
1970.230000
1971.473000
1972.700000
1973.944000
1975.187000
1976.430000
1977.674000
1978.901000
1980.144000
1981.388000
1983.875000
1985.101000
1986.345000
1987.588000
1988.832000
1990.059000
1992.545000
1993.789000
2005.427000
2006.671000
2007.914000
2009.141000
2010.385000
2011.628000
2012.872000
2014.115000
2015.342000
2016.585000
2017.829000
2020.299000
2021.542000
2024.029000
2025.273000
2026.500000
2027.743000
2028.986000
2030.230000
2031.473000
2032.700000
2033.944000
2035.187000
2036.431000
2037.674000
2038.901000
2040.144000
2041.388000
2042.631000
2043.875000
2045.101000
2047.588000
2050.059000
2051.302000
2052.545000
2053.789000
2065.427000
2066.671000
2067.914000
2069.141000
2070.385000
2071.628000
2072.872000
2074.115000
2075.342000
2076.585000
2077.829000
2079.072000
2080.299000
2081.542000
2082.786000
2084.029000
2085.273000
2086.500000
2087.743000
2090.230000
2091.473000
2092.700000
2093.944000
2095.187000
2096.431000
2097.674000
2098.901000
2101.388000
2102.631000
2103.875000
2105.101000
2106.345000
2107.588000
2108.832000
2110.059000
2111.302000
2112.545000
2113.789000
2125.428000
2127.914000
2129.141000
2130.385000
2131.628000
2132.872000
2135.342000
2136.585000
2137.829000
2139.072000
2140.299000
2141.542000
2142.786000
2144.029000
2145.273000
2146.500000
2147.743000
2148.986000
2150.230000
2151.473000
2152.700000
2153.944000
2155.187000
2156.431000
2158.901000
2160.144000
2161.388000
2162.631000
2163.875000
2165.101000
2166.345000
2167.588000
2168.832000
2170.059000
2171.302000
2173.789000
2185.428000
2186.671000
2187.914000
2189.141000
2190.385000
2191.628000
2194.115000
2195.342000
2196.585000
2197.829000
2199.072000
2200.299000
2201.542000
2202.786000
2204.029000
2205.273000
2206.500000
2207.743000
2208.987000
2210.230000
2211.473000
2212.700000
2213.944000
2215.187000
2216.431000
2217.674000
2218.901000
2220.144000
2221.388000
2222.631000
2223.875000
2225.101000
2226.345000
2227.588000
2228.832000
2230.059000
2231.302000
2232.546000
2233.789000
2245.411000
2246.654000
2249.141000
2250.385000
2251.612000
2252.855000
2254.098000
2255.342000
2256.585000
2257.812000
2259.056000
2260.299000
2261.543000
2262.786000
2264.013000
2265.256000
2266.500000
2267.743000
2268.987000
2270.213000
2271.457000
2272.700000
2273.944000
2275.171000
2276.414000
2277.657000
2278.901000
2280.144000
2281.371000
2282.615000
2283.858000
2285.102000
2286.345000
2287.572000
2290.059000
2291.302000
2292.546000
2293.772000
2305.428000
2306.671000
2307.914000
2309.141000
2310.385000
2311.628000
2312.872000
2314.098000
2316.585000
2317.829000
2319.072000
2320.299000
2321.543000
2322.786000
2325.273000
2326.500000
2327.743000
2328.987000
2330.230000
2332.700000
2335.187000
2336.431000
2337.674000
2338.901000
2340.144000
2341.388000
2342.631000
2343.875000
2345.102000
2346.345000
2347.588000
2350.059000
2351.302000
2352.546000
2365.411000
2366.654000
2367.898000
2369.141000
2371.612000
2372.855000
2374.099000
2375.342000
2376.585000
2377.812000
2379.056000
2380.299000
2381.543000
2382.786000
2384.013000
2385.256000
2388.987000
2390.213000
2391.457000
2392.700000
2393.944000
2395.171000
2396.414000
2397.658000
2398.901000
2400.144000
2402.615000
2403.858000
2405.102000
2406.345000
2407.572000
2408.815000
2410.059000
2411.302000
2412.546000
2425.411000
2426.654000
2427.898000
2429.141000
2430.385000
2431.612000
2432.855000
2434.099000
2435.342000
2436.585000
2437.812000
2439.056000
2440.299000
2441.543000
2442.786000
2444.013000
2446.500000
2447.743000
2448.987000
2450.213000
2451.457000
2452.700000
2453.944000
2456.414000
2457.658000
2458.901000
2460.144000
2461.371000
2462.615000
2463.858000
2465.102000
2466.345000
2467.572000
2468.815000
2470.059000
2471.302000
2472.546000
2473.772000
