1043.010000
1047.967000
1056.654000
1060.368000
1064.082000
1072.769000
1077.727000
1098.053000
1101.766000
1104.253000
1105.480000
1107.967000
1109.210000
1111.681000
1114.168000
1120.368000
1126.569000
1135.240000
1136.483000
1138.970000
1146.414000
1160.523000
1161.766000
1163.010000
1164.253000
1169.210000
1170.454000
1172.924000
1182.855000
1187.812000
1189.039000
1206.414000
1223.010000
1225.480000
1236.654000
1237.881000
1245.325000
1254.013000
1261.440000
1265.171000
1266.414000
1284.253000
1285.480000
1304.082000
1314.013000
1320.214000
1323.927000
1325.171000
1340.523000
1341.766000
1345.480000
1346.724000
1365.325000
1377.727000
1382.684000
1403.010000
1410.454000
1411.681000
1412.924000
1414.168000
1421.612000
1427.812000
1432.770000
1438.970000
1440.214000
1441.440000
1442.684000
1445.171000
1465.480000
1466.724000
1467.967000
1472.924000
1474.168000
1476.655000
1477.881000
1481.612000
1485.325000
1490.283000
1491.526000
1497.727000
1498.970000
1501.440000
1505.171000
1506.414000
1518.036000
1529.194000
1530.437000
1531.681000
1536.638000
1545.326000
1546.552000
1549.039000
1556.483000
1557.727000
1579.280000
1596.655000
1599.125000
1607.812000
1617.727000
1626.414000
1642.993000
1647.951000
1650.437000
1655.395000
1660.352000
1662.839000
1665.326000
1667.796000
1676.483000
1682.684000
1683.911000
1685.154000
1698.036000
1702.993000
1712.924000
1714.151000
1716.638000
1719.125000
1721.595000
1722.839000
1726.552000
1735.240000
1741.441000
1745.154000
