310.665000
311.909000
313.152000
314.396000
315.622000
316.866000
318.109000
319.353000
320.580000
321.823000
323.066000
324.310000
325.553000
328.024000
329.267000
330.510000
331.754000
332.981000
334.224000
335.468000
336.711000
337.955000
340.425000
341.668000
342.912000
344.155000
345.382000
346.625000
347.869000
350.356000
351.583000
352.826000
354.069000
355.313000
357.783000
369.422000
370.665000
371.909000
374.396000
375.622000
376.866000
378.109000
379.353000
380.580000
381.823000
383.066000
384.310000
386.780000
389.267000
390.510000
391.754000
392.981000
395.468000
396.711000
399.181000
400.425000
401.668000
402.912000
405.382000
406.625000
407.869000
409.112000
410.356000
411.583000
412.826000
414.070000
415.313000
429.422000
430.665000
431.892000
433.136000
434.379000
435.622000
436.866000
438.093000
439.336000
440.580000
441.823000
443.066000
444.293000
445.537000
446.780000
448.024000
449.267000
450.494000
451.737000
452.981000
454.224000
455.468000
456.695000
459.181000
460.425000
461.652000
462.895000
464.139000
465.382000
466.625000
467.852000
469.096000
470.339000
471.583000
472.826000
474.053000
475.296000
476.540000
477.783000
489.422000
490.665000
491.909000
493.152000
494.379000
495.622000
496.866000
498.109000
499.353000
500.580000
501.823000
503.067000
504.310000
505.553000
506.780000
508.024000
509.267000
510.511000
511.754000
512.981000
514.224000
515.468000
517.955000
519.181000
520.425000
521.668000
522.912000
524.139000
525.382000
526.625000
527.869000
529.112000
530.339000
532.826000
534.070000
535.313000
536.540000
537.783000
549.422000
550.665000
551.892000
553.136000
554.379000
555.622000
556.866000
558.093000
559.336000
560.580000
561.823000
563.067000
564.293000
565.537000
566.780000
568.024000
569.267000
570.494000
571.737000
572.981000
574.224000
575.468000
576.695000
577.938000
579.181000
581.652000
582.895000
584.139000
585.382000
586.626000
587.852000
589.096000
590.339000
591.583000
592.826000
594.053000
595.296000
596.540000
597.783000
609.422000
610.665000
611.892000
613.136000
614.379000
615.622000
616.866000
618.093000
619.336000
620.580000
621.823000
623.067000
624.293000
625.537000
626.780000
628.024000
630.494000
631.737000
632.981000
634.224000
635.451000
636.695000
637.938000
639.181000
640.425000
641.652000
642.895000
644.139000
645.382000
646.626000
647.852000
649.096000
650.339000
651.583000
652.826000
654.053000
655.296000
656.540000
657.783000
669.422000
670.665000
671.892000
673.136000
674.379000
675.623000
676.866000
679.336000
680.580000
681.823000
683.067000
684.293000
685.537000
686.780000
688.024000
689.251000
690.494000
691.737000
692.981000
694.224000
695.451000
696.695000
697.938000
699.182000
700.425000
701.652000
702.895000
704.139000
705.382000
706.626000
707.852000
709.096000
710.339000
711.583000
714.053000
715.296000
716.540000
717.783000
729.422000
730.665000
731.892000
733.136000
734.379000
735.623000
736.866000
738.093000
739.336000
740.580000
741.823000
743.067000
744.293000
746.780000
748.024000
749.251000
750.494000
751.738000
754.224000
755.451000
756.695000
757.938000
759.182000
760.425000
761.652000
762.895000
765.382000
766.626000
767.852000
769.096000
770.339000
771.583000
772.826000
774.053000
775.297000
776.540000
777.783000
789.422000
790.665000
791.892000
793.136000
796.866000
798.093000
799.336000
800.580000
801.823000
803.067000
804.293000
805.537000
806.780000
808.024000
809.251000
810.494000
812.981000
814.224000
815.451000
816.695000
817.938000
819.182000
820.425000
821.652000
822.895000
824.139000
825.382000
826.626000
827.852000
829.096000
830.339000
832.826000
834.053000
835.297000
836.540000
837.783000
849.422000
850.665000
851.892000
853.136000
854.379000
855.623000
856.866000
858.093000
859.336000
860.580000
861.823000
863.067000
864.293000
865.537000
866.780000
868.024000
869.251000
870.494000
871.738000
872.981000
874.224000
875.451000
876.695000
877.938000
879.182000
880.425000
881.652000
884.139000
885.382000
886.626000
887.853000
889.096000
890.339000
891.583000
892.826000
894.053000
895.297000
896.540000
897.783000
909.422000
910.665000
911.892000
914.379000
915.623000
916.866000
918.093000
920.580000
921.823000
923.067000
924.294000
925.537000
926.780000
928.024000
929.251000
930.494000
931.738000
932.981000
934.224000
935.451000
936.695000
937.938000
939.182000
940.425000
941.652000
942.895000
944.139000
945.382000
946.626000
947.853000
949.096000
950.339000
951.583000
952.826000
954.053000
955.297000
956.540000
957.783000
969.422000
970.665000
971.892000
973.136000
974.379000
975.623000
976.866000
978.093000
979.336000
980.580000
981.823000
983.067000
984.294000
985.537000
986.780000
988.024000
989.251000
990.494000
991.738000
992.981000
994.224000
995.451000
996.695000
997.938000
999.182000
1000.425000
1001.652000
1002.895000
1004.139000
1005.382000
1006.626000
1007.853000
1009.096000
1010.339000
1012.826000
1014.053000
1015.297000
1016.540000
