10.052000
10.682000
11.295000
11.909000
12.539000
13.152000
13.782000
14.395000
15.009000
15.639000
16.252000
16.882000
17.496000
18.109000
18.739000
19.353000
19.983000
20.596000
21.209000
21.839000
22.453000
23.083000
23.696000
24.310000
24.940000
25.553000
26.183000
26.797000
27.410000
28.040000
28.653000
29.283000
29.897000
30.510000
31.140000
31.754000
32.384000
32.997000
33.611000
34.241000
34.854000
35.468000
36.098000
36.711000
37.341000
37.954000
38.568000
39.198000
39.811000
40.441000
41.055000
41.668000
42.298000
42.912000
43.542000
44.155000
44.768000
45.398000
46.012000
46.642000
47.255000
47.869000
48.499000
49.112000
49.742000
50.356000
50.969000
51.599000
52.212000
52.843000
53.456000
54.069000
54.699000
55.313000
55.943000
56.556000
57.170000
57.800000
58.413000
69.422000
70.052000
70.665000
71.295000
71.909000
72.522000
73.152000
73.765000
74.395000
75.009000
77.496000
78.109000
78.723000
79.353000
79.966000
80.596000
81.209000
81.823000
82.453000
83.066000
83.680000
84.310000
84.923000
85.553000
86.167000
86.780000
87.410000
88.023000
88.654000
89.267000
89.880000
90.510000
91.124000
91.754000
92.367000
92.981000
94.224000
94.854000
95.468000
96.081000
96.711000
97.324000
97.954000
98.568000
99.181000
99.811000
100.425000
101.055000
102.282000
102.912000
103.525000
104.155000
104.768000
105.382000
106.012000
106.625000
107.255000
107.869000
108.482000
109.112000
109.726000
110.356000
110.969000
111.582000
112.213000
112.826000
113.456000
114.069000
114.683000
115.313000
115.926000
116.540000
117.170000
117.783000
118.413000
129.422000
130.052000
130.665000
131.295000
131.909000
132.522000
133.152000
133.765000
134.395000
135.009000
135.622000
136.252000
136.866000
137.496000
138.109000
138.723000
139.353000
139.966000
140.596000
141.209000
141.823000
142.453000
143.066000
143.680000
144.310000
144.923000
145.553000
146.167000
146.780000
147.410000
148.024000
148.654000
149.267000
149.880000
150.510000
151.124000
151.754000
152.367000
152.981000
153.611000
154.224000
154.854000
155.468000
156.081000
156.711000
157.324000
157.954000
158.568000
159.181000
159.811000
160.425000
161.055000
161.668000
162.282000
162.912000
163.525000
164.155000
164.768000
165.382000
166.012000
167.255000
167.869000
168.482000
169.112000
169.726000
170.356000
170.969000
171.583000
172.213000
172.826000
173.456000
174.069000
174.683000
175.313000
175.926000
176.540000
177.170000
177.783000
178.413000
189.422000
190.052000
190.665000
191.295000
191.909000
192.522000
193.152000
193.765000
194.395000
195.009000
195.622000
196.252000
196.866000
197.496000
198.109000
198.723000
199.353000
199.966000
200.580000
201.210000
201.823000
202.453000
203.066000
203.680000
204.310000
204.923000
205.553000
206.167000
206.780000
207.410000
208.024000
208.654000
209.267000
209.880000
210.510000
211.124000
211.754000
212.367000
212.981000
213.611000
214.224000
214.854000
215.468000
216.081000
216.711000
217.324000
217.954000
218.568000
219.181000
219.811000
220.425000
221.055000
221.668000
222.282000
222.912000
223.525000
224.155000
224.769000
225.382000
226.625000
227.255000
227.869000
228.482000
229.112000
229.726000
230.356000
230.969000
231.583000
232.213000
232.826000
233.456000
234.069000
234.683000
235.313000
235.926000
236.540000
237.170000
238.413000
249.422000
250.052000
250.665000
251.295000
251.909000
252.522000
253.152000
253.765000
254.395000
255.009000
255.622000
256.252000
256.866000
257.496000
258.109000
258.723000
259.353000
259.966000
260.580000
261.210000
261.823000
262.453000
263.066000
263.680000
264.310000
264.923000
265.553000
266.167000
266.780000
267.410000
268.024000
268.654000
269.267000
269.880000
270.510000
271.124000
271.754000
272.367000
272.981000
273.611000
274.224000
274.854000
275.468000
276.081000
276.711000
277.955000
278.568000
279.181000
279.811000
280.425000
281.055000
281.668000
282.282000
282.912000
283.525000
284.155000
284.769000
285.382000
286.012000
286.625000
287.255000
289.112000
289.726000
290.356000
290.969000
291.583000
292.213000
292.826000
293.456000
294.069000
294.683000
295.313000
295.926000
296.540000
297.170000
297.783000
298.413000
