311.295000
312.522000
315.009000
316.252000
317.496000
318.723000
319.966000
321.210000
322.453000
323.680000
326.167000
327.410000
328.654000
329.880000
331.124000
332.367000
333.611000
336.081000
337.325000
338.568000
339.811000
343.525000
344.769000
346.012000
347.255000
348.482000
350.969000
352.213000
353.456000
355.926000
370.052000
371.295000
375.009000
376.252000
378.723000
381.210000
384.923000
388.654000
391.124000
399.811000
402.282000
403.525000
404.769000
407.255000
408.482000
410.969000
413.440000
414.683000
415.926000
418.413000
430.035000
431.279000
434.992000
438.723000
439.966000
443.680000
444.923000
446.167000
447.394000
448.637000
452.367000
453.594000
456.081000
457.325000
458.568000
459.795000
461.038000
462.282000
463.525000
464.752000
465.995000
468.482000
469.726000
470.953000
472.196000
473.440000
474.683000
475.926000
477.153000
478.397000
490.052000
491.279000
493.766000
498.723000
501.210000
502.453000
503.680000
506.167000
507.410000
508.654000
509.881000
512.367000
513.611000
514.854000
516.081000
519.811000
521.055000
522.282000
523.525000
526.012000
527.239000
528.482000
529.726000
530.969000
532.213000
534.683000
535.926000
537.170000
550.035000
551.279000
553.766000
554.992000
557.479000
558.723000
559.966000
561.193000
562.437000
564.923000
566.167000
567.394000
568.637000
569.881000
573.594000
579.795000
581.038000
582.282000
583.525000
584.752000
587.239000
588.482000
589.726000
592.196000
593.440000
594.683000
595.926000
597.153000
611.279000
612.522000
613.766000
614.992000
617.479000
618.723000
622.437000
624.923000
626.167000
631.124000
632.351000
633.594000
634.838000
636.081000
637.325000
639.795000
642.282000
644.752000
649.726000
650.953000
652.196000
653.440000
657.153000
658.397000
670.035000
671.279000
672.522000
674.993000
677.479000
681.193000
682.437000
684.923000
686.167000
688.637000
689.881000
691.124000
692.351000
693.594000
694.838000
696.081000
697.325000
698.552000
699.795000
703.525000
704.752000
707.239000
708.482000
710.953000
712.196000
713.440000
717.153000
718.397000
731.279000
733.766000
734.993000
739.966000
741.193000
742.437000
743.680000
747.394000
748.637000
754.838000
757.325000
758.552000
759.795000
761.038000
762.282000
763.525000
765.996000
767.239000
768.482000
769.726000
772.196000
774.683000
775.927000
777.153000
778.397000
790.035000
791.279000
793.766000
794.993000
796.236000
797.479000
798.723000
799.966000
801.193000
802.437000
803.680000
804.923000
807.394000
808.637000
809.881000
812.351000
813.594000
814.838000
816.081000
818.552000
819.795000
822.282000
823.525000
825.996000
827.239000
828.482000
830.953000
832.196000
833.440000
834.683000
835.927000
838.397000
852.522000
853.766000
854.993000
856.236000
857.479000
859.966000
861.193000
862.437000
864.923000
866.167000
867.394000
868.637000
871.124000
872.351000
876.081000
879.795000
881.038000
883.525000
884.752000
885.996000
888.482000
889.726000
893.440000
894.683000
895.927000
911.279000
912.522000
914.993000
916.236000
917.479000
918.723000
919.966000
921.193000
927.394000
928.637000
929.881000
931.124000
932.351000
936.081000
938.552000
939.795000
941.038000
942.282000
943.525000
944.752000
949.726000
950.953000
955.927000
958.397000
970.035000
971.279000
972.522000
973.766000
974.993000
976.236000
977.480000
978.723000
979.966000
981.193000
983.680000
986.167000
987.394000
988.637000
989.881000
991.124000
993.594000
994.838000
996.081000
998.552000
999.795000
1001.039000
1002.282000
1005.996000
1008.483000
1009.726000
1010.953000
1012.196000
1013.440000
1014.683000
1015.927000
