1766.671000
1767.284000
1767.914000
1769.141000
1769.771000
1770.385000
1771.015000
1771.628000
1772.241000
1772.871000
1773.485000
1774.115000
1774.728000
1775.342000
1775.972000
1776.585000
1777.215000
1777.829000
1778.442000
1779.072000
1779.685000
1780.315000
1780.929000
1781.542000
1782.172000
1782.786000
1783.416000
1784.029000
1784.643000
1785.273000
1785.886000
1786.499000
1787.130000
1787.743000
1788.373000
1788.986000
1789.600000
1790.230000
1790.843000
1791.473000
1792.087000
1792.700000
1793.330000
1793.944000
1794.574000
1795.187000
1795.800000
1796.430000
1797.044000
1797.674000
1798.287000
1798.901000
1799.531000
1800.144000
1800.774000
1801.388000
1802.631000
1803.244000
1803.874000
1804.488000
1805.101000
1805.731000
1806.345000
1806.975000
1807.588000
1808.202000
1808.832000
1809.445000
1810.075000
1810.689000
1811.302000
1811.932000
1812.545000
1813.175000
1813.789000
1814.402000
1825.427000
1826.041000
1826.671000
1827.284000
1827.914000
1828.528000
1829.141000
1829.771000
1830.385000
1831.015000
1831.628000
1832.241000
1832.871000
1833.485000
1834.115000
1834.728000
1835.342000
1835.972000
1836.585000
1837.215000
1838.442000
1839.072000
1839.685000
1840.315000
1842.172000
1842.786000
1843.416000
1844.029000
1844.643000
1845.273000
1845.886000
1846.500000
1847.130000
1847.743000
1848.373000
1848.986000
1849.600000
1850.230000
1850.843000
1851.473000
1852.087000
1852.700000
1853.330000
1853.944000
1854.574000
1855.187000
1855.800000
1856.430000
1857.044000
1857.674000
1858.287000
1858.901000
1859.531000
1860.144000
1862.001000
1862.631000
1863.244000
1863.874000
1864.488000
1865.101000
1865.731000
1866.345000
1866.975000
1867.588000
1868.202000
1868.832000
1869.445000
1870.075000
1870.689000
1871.302000
1871.932000
1873.175000
1873.789000
1874.402000
1885.427000
1886.041000
1886.671000
1887.284000
1887.914000
1888.528000
1889.141000
1889.771000
1890.385000
1891.015000
1891.628000
1892.241000
1892.871000
1893.485000
1894.115000
1894.728000
1895.972000
1896.585000
1897.215000
1897.829000
1898.442000
1899.685000
1900.315000
1900.929000
1901.542000
1902.172000
1902.786000
1903.416000
1904.029000
1904.643000
1905.273000
1905.886000
1906.500000
1907.130000
1907.743000
1908.373000
1908.986000
1909.600000
1910.230000
1910.843000
1911.473000
1912.087000
1912.700000
1913.330000
1913.944000
1914.574000
1915.187000
1915.800000
1916.430000
1917.044000
1917.674000
1918.287000
1918.901000
1919.531000
1920.144000
1920.774000
1921.388000
1922.001000
1922.631000
1923.245000
1923.875000
1924.488000
1925.101000
1925.731000
1926.345000
1926.975000
1927.588000
1928.202000
1928.832000
1929.445000
1930.689000
1931.302000
1931.932000
1932.545000
1933.175000
1933.789000
1934.402000
1945.427000
1946.041000
1947.284000
1947.914000
1948.528000
1949.141000
1949.771000
1950.385000
1951.015000
1951.628000
1952.241000
1952.871000
1953.485000
1954.115000
1954.728000
1955.342000
1955.972000
1957.199000
1957.829000
1958.442000
1959.072000
1959.686000
1960.299000
1960.929000
1961.542000
1962.172000
1962.786000
1963.399000
1964.029000
1964.643000
1965.273000
1965.886000
1966.500000
1967.130000
1967.743000
1968.373000
1968.986000
1969.600000
1970.230000
1970.843000
1971.473000
1972.087000
1972.700000
1973.330000
1973.944000
1974.574000
1975.187000
1975.800000
1976.430000
1977.044000
1977.674000
1978.287000
1978.901000
1980.144000
1980.774000
1981.388000
1982.001000
1983.245000
1983.875000
1984.488000
1985.101000
1985.731000
1986.345000
1986.975000
1987.588000
1988.202000
1988.832000
1989.445000
1990.059000
1992.545000
1993.159000
1993.789000
1994.402000
2005.427000
2006.041000
2006.671000
2007.284000
2007.914000
2008.528000
2009.141000
2009.771000
2010.385000
2011.015000
2011.628000
2012.242000
2012.872000
2013.485000
2014.115000
2014.728000
2015.342000
2015.972000
2016.585000
2017.829000
2018.442000
2019.686000
2020.299000
2020.929000
2021.542000
2022.172000
2023.399000
2024.029000
2024.643000
2025.273000
2025.886000
2026.500000
2027.130000
2027.743000
2028.373000
2028.986000
2029.600000
2030.230000
2030.843000
2031.473000
2032.087000
2032.700000
2033.330000
2033.944000
2034.574000
2035.187000
2035.801000
2036.431000
2037.044000
2037.674000
2038.287000
2038.901000
2039.531000
2040.144000
2040.774000
2041.388000
2042.001000
2042.631000
2043.245000
2043.875000
2044.488000
2045.101000
2045.731000
2046.975000
2047.588000
2048.202000
2049.445000
2050.059000
2050.689000
2051.302000
2051.932000
2052.545000
2053.159000
2053.789000
2054.402000
2065.427000
2066.041000
2066.671000
2067.284000
2067.914000
2068.528000
2069.141000
2069.771000
2070.385000
2071.015000
2071.628000
2072.242000
2072.872000
2073.485000
2074.115000
2074.728000
2075.342000
2075.972000
2076.585000
2077.199000
2077.829000
2078.442000
2079.072000
2079.686000
2080.299000
2080.929000
2081.542000
2082.172000
2082.786000
2083.399000
2084.029000
2084.643000
2085.273000
2085.886000
2086.500000
2087.130000
2087.743000
2088.373000
2089.600000
2090.230000
2090.843000
2091.473000
2092.087000
2092.700000
2093.330000
2093.944000
2094.574000
2095.187000
2095.801000
2096.431000
2097.044000
2097.674000
2098.287000
2098.901000
2100.774000
2101.388000
2102.631000
2103.245000
2103.875000
2104.488000
2105.101000
2105.731000
2106.345000
2106.975000
2107.588000
2108.202000
2108.832000
2109.445000
2110.059000
2110.689000
2111.302000
2111.932000
2112.545000
2113.159000
2113.789000
2114.402000
2125.428000
2126.041000
2127.284000
2127.914000
2128.528000
2129.141000
2129.771000
2130.385000
2131.015000
2131.628000
2132.242000
2132.872000
2133.485000
2134.728000
2135.342000
2135.972000
2136.585000
2137.199000
2137.829000
2138.442000
2139.072000
2139.686000
2140.299000
2140.929000
2141.542000
2142.172000
2142.786000
2144.029000
2144.643000
2145.273000
2145.886000
2146.500000
2147.130000
2147.743000
2148.373000
2148.986000
2149.600000
2150.230000
2150.843000
2151.473000
2152.087000
2152.700000
2153.330000
2153.944000
2154.574000
2155.187000
2155.801000
2156.431000
2157.044000
2158.287000
2158.901000
2159.531000
2160.144000
2160.774000
2161.388000
2162.001000
2162.631000
2163.245000
2163.875000
2164.488000
2165.101000
2165.731000
2166.345000
2166.975000
2167.588000
2168.202000
2168.832000
2169.445000
2170.059000
2170.689000
2171.302000
2171.932000
2173.159000
2173.789000
2174.402000
2185.428000
2186.671000
2187.284000
2187.914000
2188.528000
2189.141000
2189.771000
2190.385000
2191.015000
2191.628000
2192.242000
2193.485000
2194.115000
2194.728000
2195.342000
2195.972000
2196.585000
2197.199000
2197.829000
2198.442000
2199.072000
2199.686000
2200.299000
2200.929000
2201.542000
2202.172000
2202.786000
2203.399000
2204.029000
2204.643000
2205.273000
2205.886000
2206.500000
2207.130000
2207.743000
2208.987000
2209.600000
2210.230000
2210.843000
2211.473000
2212.087000
2212.700000
2213.330000
2213.944000
2214.574000
2215.187000
2215.801000
2216.431000
2217.044000
2217.674000
2218.287000
2218.901000
2219.531000
2220.144000
2220.774000
2221.388000
2222.001000
2222.631000
2223.245000
2223.875000
2224.488000
2225.101000
2225.731000
2226.345000
2226.975000
2227.588000
2228.202000
2228.832000
2229.445000
2230.059000
2231.302000
2231.932000
2232.546000
2233.159000
2233.789000
2234.402000
2245.411000
2246.041000
2246.654000
2247.284000
2248.511000
2249.141000
2249.755000
2250.385000
2250.998000
2251.612000
2252.242000
2252.855000
2253.485000
2254.098000
2254.712000
2255.342000
2255.955000
2256.585000
2257.199000
2257.812000
2258.442000
2259.056000
2260.299000
2260.913000
2261.543000
2262.786000
2263.399000
2264.013000
2264.643000
2265.256000
2265.886000
2266.500000
2267.113000
2267.743000
2268.357000
2268.987000
2269.600000
2270.213000
2270.843000
2271.457000
2272.087000
2272.700000
2273.314000
2273.944000
2274.557000
2275.171000
2275.801000
2276.414000
2277.044000
2277.657000
2278.271000
2278.901000
2279.514000
2280.144000
2280.758000
2281.371000
2282.001000
2282.615000
2283.245000
2283.858000
2285.102000
2285.715000
2286.345000
2286.958000
2287.572000
2288.202000
2289.445000
2290.059000
2290.672000
2291.302000
2292.546000
2293.159000
2293.772000
2294.402000
2305.428000
2306.041000
2306.671000
2307.284000
2307.914000
2308.528000
2309.141000
2309.771000
2310.385000
2311.015000
2311.628000
2312.242000
2312.872000
2314.098000
2314.728000
2315.972000
2316.585000
2317.199000
2317.829000
2318.442000
2319.072000
2319.686000
2320.299000
2320.929000
2321.543000
2322.173000
2322.786000
2323.399000
2324.643000
2325.273000
2325.886000
2326.500000
2327.130000
2327.743000
2328.373000
2328.987000
2329.600000
2330.230000
2330.843000
2332.087000
2332.700000
2335.187000
2335.801000
2336.431000
2337.674000
2338.287000
2338.901000
2339.531000
2340.144000
2340.774000
2341.388000
2342.001000
2342.631000
2343.245000
2343.875000
2344.488000
2345.102000
2345.732000
2346.345000
2346.975000
2347.588000
2348.202000
2349.445000
2350.059000
2350.689000
2351.302000
2351.932000
2352.546000
2353.159000
2354.402000
2365.411000
2366.041000
2366.654000
2367.284000
2367.898000
2368.511000
2369.141000
2369.755000
2370.998000
2371.612000
2372.242000
2372.855000
2373.485000
2374.099000
2374.712000
2375.342000
2375.955000
2376.585000
2377.199000
2377.812000
2379.056000
2379.686000
2380.299000
2380.913000
2381.543000
2382.156000
2382.786000
2383.399000
2384.013000
2384.643000
2385.256000
2385.886000
2388.357000
2388.987000
2389.600000
2390.213000
2390.843000
2391.457000
2392.087000
2392.700000
2393.314000
2393.944000
2394.557000
2395.171000
2395.801000
2396.414000
2397.044000
2397.658000
2398.271000
2398.901000
2399.514000
2400.144000
2400.758000
2402.001000
2402.615000
2403.245000
2403.858000
2404.472000
2405.102000
2405.715000
2406.345000
2406.958000
2407.572000
2408.202000
2408.815000
2409.445000
2410.059000
2410.672000
2411.302000
2411.916000
2412.546000
2413.159000
2425.411000
2426.041000
2426.654000
2427.284000
2427.898000
2428.511000
2429.141000
2429.755000
2430.385000
2430.998000
2431.612000
2432.242000
2432.855000
2433.485000
2434.099000
2434.712000
2435.342000
2435.955000
2436.585000
2437.199000
2437.812000
2438.442000
2439.056000
2439.686000
2440.299000
2440.913000
2441.543000
2442.156000
2442.786000
2443.399000
2444.013000
2444.643000
2445.886000
2446.500000
2447.113000
2447.743000
2448.357000
2448.987000
2449.600000
2450.213000
2450.843000
2451.457000
2452.087000
2452.700000
2453.314000
2453.944000
2454.557000
2455.801000
2456.414000
2457.044000
2457.658000
2458.271000
2458.901000
2459.514000
2460.144000
2460.758000
2461.371000
2462.001000
2462.615000
2463.245000
2463.858000
2464.472000
2465.102000
2465.715000
2466.345000
2466.958000
2467.572000
2468.815000
2469.445000
2470.059000
2470.672000
2471.302000
2471.916000
2472.546000
2473.159000
2473.772000
2474.402000
