310.665000
311.295000
311.909000
312.522000
313.152000
313.766000
314.396000
315.009000
315.622000
316.252000
316.866000
317.496000
318.109000
318.723000
319.353000
319.966000
320.580000
321.210000
321.823000
322.453000
323.066000
323.680000
324.310000
324.923000
325.553000
326.167000
327.410000
328.024000
328.654000
329.267000
329.880000
330.510000
331.124000
331.754000
332.367000
332.981000
333.611000
334.224000
334.854000
335.468000
336.081000
336.711000
337.325000
337.955000
338.568000
339.811000
340.425000
341.055000
341.668000
342.282000
342.912000
343.525000
344.155000
344.769000
345.382000
346.012000
346.625000
347.255000
347.869000
348.482000
349.726000
350.356000
350.969000
351.583000
352.213000
352.826000
353.456000
354.069000
355.313000
355.926000
357.783000
358.413000
369.422000
370.052000
370.665000
371.295000
371.909000
372.522000
374.396000
375.009000
375.622000
376.252000
376.866000
378.109000
378.723000
379.353000
379.966000
380.580000
381.210000
381.823000
382.453000
383.066000
383.680000
384.310000
384.923000
386.167000
386.780000
387.410000
388.654000
389.267000
389.880000
390.510000
391.124000
391.754000
392.367000
392.981000
394.854000
395.468000
396.081000
396.711000
398.568000
399.181000
399.811000
400.425000
401.055000
401.668000
402.282000
402.912000
403.525000
404.769000
405.382000
406.012000
406.625000
407.255000
407.869000
408.482000
409.112000
409.726000
410.356000
410.969000
411.583000
412.213000
412.826000
413.440000
414.070000
414.683000
415.313000
415.926000
418.413000
429.422000
430.035000
430.665000
431.279000
431.892000
432.522000
433.136000
433.766000
434.379000
434.992000
435.622000
436.236000
436.866000
437.479000
438.093000
438.723000
439.336000
439.966000
440.580000
441.193000
441.823000
443.066000
443.680000
444.293000
444.923000
445.537000
446.167000
446.780000
447.394000
448.024000
448.637000
449.267000
450.494000
451.737000
452.367000
452.981000
453.594000
454.224000
454.838000
455.468000
456.081000
456.695000
457.325000
458.568000
459.181000
459.795000
460.425000
461.038000
461.652000
462.282000
462.895000
463.525000
464.139000
464.752000
465.382000
465.995000
466.625000
467.239000
467.852000
468.482000
469.096000
469.726000
470.339000
470.953000
471.583000
472.196000
472.826000
473.440000
474.053000
474.683000
475.296000
475.926000
476.540000
477.153000
477.783000
478.397000
489.422000
490.052000
490.665000
491.279000
491.909000
492.522000
493.152000
493.766000
494.379000
495.009000
495.622000
496.252000
496.866000
497.479000
498.109000
498.723000
499.353000
499.966000
500.580000
501.210000
501.823000
502.453000
503.067000
503.680000
504.310000
505.553000
506.167000
506.780000
507.410000
508.024000
508.654000
509.267000
509.881000
510.511000
511.124000
511.754000
512.367000
512.981000
513.611000
514.224000
514.854000
515.468000
516.081000
517.325000
517.955000
518.568000
519.181000
519.811000
520.425000
521.055000
521.668000
522.282000
522.912000
523.525000
524.139000
524.769000
525.382000
526.012000
526.625000
527.239000
527.869000
528.482000
529.112000
529.726000
530.339000
530.969000
532.213000
532.826000
534.070000
534.683000
535.313000
535.926000
536.540000
537.170000
537.783000
538.413000
549.422000
550.035000
550.665000
551.279000
551.892000
552.522000
553.136000
553.766000
554.379000
554.992000
555.622000
556.866000
557.479000
558.093000
558.723000
559.336000
559.966000
560.580000
561.193000
561.823000
562.437000
563.067000
563.680000
564.293000
564.923000
565.537000
566.167000
566.780000
567.394000
568.024000
568.637000
569.267000
569.881000
570.494000
571.124000
571.737000
572.367000
572.981000
573.594000
574.224000
574.838000
575.468000
576.081000
576.695000
577.325000
577.938000
578.568000
579.181000
579.795000
581.038000
581.652000
582.282000
582.895000
583.525000
584.139000
584.752000
585.382000
585.996000
586.626000
587.239000
587.852000
588.482000
589.096000
589.726000
590.339000
590.953000
591.583000
592.196000
592.826000
593.440000
594.053000
594.683000
595.296000
595.926000
596.540000
597.153000
597.783000
609.422000
610.035000
610.665000
611.279000
611.892000
612.522000
613.136000
613.766000
614.379000
614.992000
615.622000
616.236000
616.866000
617.479000
618.093000
618.723000
619.336000
619.966000
620.580000
621.823000
622.437000
623.067000
623.680000
624.293000
624.923000
625.537000
626.167000
626.780000
628.024000
628.637000
629.881000
630.494000
631.124000
631.737000
632.351000
632.981000
633.594000
634.224000
634.838000
635.451000
636.081000
636.695000
637.325000
637.938000
638.551000
639.181000
639.795000
640.425000
641.652000
642.282000
642.895000
643.525000
644.139000
644.752000
645.382000
646.626000
647.239000
647.852000
648.482000
649.096000
649.726000
650.339000
650.953000
651.583000
652.196000
652.826000
653.440000
654.053000
655.296000
655.926000
656.540000
657.153000
657.783000
658.397000
669.422000
670.035000
670.665000
671.279000
671.892000
672.522000
673.136000
673.766000
674.379000
674.993000
675.623000
676.866000
677.479000
678.723000
679.336000
679.966000
680.580000
681.193000
681.823000
682.437000
683.067000
683.680000
684.293000
684.923000
685.537000
686.167000
686.780000
688.024000
688.637000
689.251000
689.881000
690.494000
691.124000
691.737000
692.351000
692.981000
693.594000
694.224000
694.838000
695.451000
696.081000
696.695000
697.325000
697.938000
698.552000
699.182000
699.795000
700.425000
701.652000
702.282000
702.895000
703.525000
704.139000
704.752000
705.382000
705.996000
706.626000
707.239000
707.852000
708.482000
709.096000
709.726000
710.339000
710.953000
711.583000
712.196000
713.440000
714.053000
714.683000
715.296000
715.926000
716.540000
717.153000
717.783000
718.397000
729.422000
730.035000
730.665000
731.279000
731.892000
732.522000
733.136000
733.766000
734.379000
734.993000
735.623000
736.236000
736.866000
737.479000
738.093000
738.723000
739.336000
739.966000
740.580000
741.193000
741.823000
742.437000
743.067000
743.680000
744.293000
744.923000
746.167000
746.780000
747.394000
748.024000
748.637000
749.251000
749.881000
750.494000
751.738000
752.351000
753.594000
754.224000
754.838000
755.451000
756.081000
756.695000
757.325000
757.938000
758.552000
759.182000
759.795000
760.425000
761.038000
761.652000
762.282000
762.895000
763.525000
765.382000
765.996000
766.626000
767.239000
767.852000
768.482000
769.096000
769.726000
770.339000
770.953000
771.583000
772.196000
772.826000
773.440000
774.053000
774.683000
775.297000
775.927000
776.540000
777.153000
777.783000
778.397000
789.422000
790.035000
790.665000
791.279000
791.892000
792.522000
793.136000
793.766000
794.993000
796.236000
796.866000
797.479000
798.093000
798.723000
799.336000
799.966000
800.580000
801.193000
801.823000
802.437000
803.067000
803.680000
804.293000
804.923000
805.537000
806.167000
806.780000
807.394000
808.024000
808.637000
809.251000
809.881000
810.494000
812.351000
812.981000
813.594000
814.224000
814.838000
815.451000
816.081000
816.695000
817.325000
817.938000
818.552000
819.182000
819.795000
820.425000
821.038000
821.652000
822.282000
822.895000
823.525000
824.139000
824.752000
825.382000
825.996000
826.626000
827.239000
827.852000
828.482000
829.096000
829.726000
830.339000
830.953000
832.196000
832.826000
833.440000
834.053000
834.683000
835.297000
835.927000
836.540000
837.153000
837.783000
838.397000
849.422000
850.035000
850.665000
851.279000
851.892000
852.522000
853.136000
853.766000
854.379000
854.993000
855.623000
856.236000
856.866000
857.479000
858.093000
859.336000
859.966000
860.580000
861.193000
861.823000
862.437000
863.067000
863.680000
864.293000
864.923000
865.537000
866.167000
866.780000
867.394000
868.024000
868.637000
869.251000
869.881000
870.494000
871.124000
871.738000
872.351000
872.981000
873.594000
874.224000
874.838000
875.451000
876.081000
876.695000
877.325000
877.938000
879.182000
879.795000
880.425000
881.038000
881.652000
883.525000
884.139000
884.752000
885.382000
885.996000
886.626000
887.853000
888.482000
889.096000
889.726000
890.339000
891.583000
892.826000
893.440000
894.053000
894.683000
895.297000
895.927000
896.540000
897.153000
897.783000
898.397000
909.422000
910.665000
911.279000
911.892000
912.522000
913.766000
914.379000
914.993000
915.623000
916.236000
916.866000
917.479000
918.093000
918.723000
919.966000
920.580000
921.193000
921.823000
922.437000
923.067000
923.680000
924.294000
924.924000
925.537000
926.167000
926.780000
927.394000
928.024000
928.637000
929.251000
929.881000
930.494000
931.124000
931.738000
932.351000
932.981000
933.594000
934.224000
935.451000
936.081000
936.695000
937.325000
937.938000
938.552000
939.182000
939.795000
940.425000
941.038000
941.652000
942.282000
942.895000
943.525000
944.139000
944.752000
945.382000
945.996000
946.626000
947.239000
947.853000
948.483000
949.096000
949.726000
950.339000
950.953000
951.583000
952.196000
952.826000
953.440000
954.053000
954.683000
955.297000
955.927000
956.540000
957.153000
957.783000
958.397000
969.422000
970.035000
970.665000
971.279000
971.892000
972.522000
973.136000
973.766000
974.379000
974.993000
975.623000
976.236000
976.866000
977.480000
978.093000
978.723000
979.336000
979.966000
980.580000
981.193000
981.823000
982.437000
983.067000
983.680000
984.294000
984.924000
985.537000
986.167000
986.780000
987.394000
988.024000
988.637000
989.251000
989.881000
990.494000
991.124000
991.738000
992.351000
992.981000
993.594000
994.224000
994.838000
995.451000
996.081000
996.695000
997.325000
997.938000
998.552000
999.182000
999.795000
1000.425000
1001.039000
1001.652000
1002.282000
1002.895000
1003.525000
1004.139000
1004.752000
1005.382000
1005.996000
1006.626000
1007.239000
1007.853000
1008.483000
1009.096000
1009.726000
1010.339000
1010.953000
1012.196000
1012.826000
1013.440000
1014.053000
1014.683000
1015.297000
1015.927000
1016.540000
1017.153000
1018.397000
