1039.296000
1040.523000
1041.766000
1044.253000
1045.480000
1046.723000
1049.210000
1050.454000
1051.681000
1052.924000
1054.168000
1055.411000
1057.881000
1059.125000
1061.612000
1062.855000
1065.325000
1066.569000
1067.812000
1069.056000
1070.282000
1071.526000
1074.013000
1075.240000
1076.483000
1078.970000
1080.213000
1081.440000
1082.684000
1083.927000
1085.171000
1086.414000
1099.279000
1100.523000
1103.010000
1106.724000
1110.454000
1112.924000
1115.411000
1116.654000
1117.881000
1119.125000
1121.612000
1122.855000
1124.082000
1125.325000
1127.812000
1129.039000
1130.283000
1131.526000
1132.769000
1134.013000
1137.727000
1140.213000
1141.440000
1142.684000
1143.927000
1145.171000
1158.053000
1159.279000
1165.480000
1166.724000
1167.967000
1171.681000
1174.168000
1175.411000
1176.654000
1179.125000
1180.368000
1181.612000
1184.082000
1185.325000
1186.569000
1190.283000
1191.526000
1192.769000
1194.013000
1195.240000
1196.483000
1197.727000
1198.970000
1200.213000
1201.440000
1203.927000
1205.171000
1219.280000
1220.523000
1221.766000
1224.253000
1226.724000
1227.967000
1229.210000
1230.454000
1231.681000
1232.924000
1234.168000
1235.411000
1239.125000
1240.368000
1242.839000
1244.082000
1246.569000
1247.812000
1249.039000
1250.283000
1251.526000
1252.769000
1255.240000
1256.483000
1257.727000
1258.970000
1260.213000
1262.684000
1263.927000
1278.053000
1279.280000
1280.523000
1281.766000
1286.724000
1287.967000
1289.210000
1290.454000
1291.681000
1292.924000
1294.168000
1295.411000
1296.655000
1297.881000
1299.125000
1300.368000
1301.612000
1305.325000
1306.569000
1307.812000
1309.039000
1310.283000
1311.526000
1312.769000
1315.240000
1316.483000
1317.727000
1318.970000
1321.440000
1322.684000
1326.414000
1338.053000
1343.010000
1344.253000
1347.967000
1349.210000
1350.454000
1351.681000
1352.924000
1354.168000
1355.411000
1356.655000
1357.881000
1359.125000
1360.368000
1361.612000
1362.839000
1364.082000
1367.812000
1369.039000
1370.283000
1371.526000
1374.013000
1375.240000
1376.483000
1378.970000
1380.214000
1381.440000
1383.927000
1385.171000
1386.414000
1398.053000
1399.280000
1401.766000
1405.480000
1407.967000
1409.211000
1415.411000
1416.655000
1417.881000
1419.125000
1420.368000
1422.839000
1424.082000
1425.325000
1426.569000
1429.039000
1430.283000
1431.526000
1434.013000
1435.240000
1436.483000
1437.727000
1443.927000
1446.414000
1458.053000
1459.280000
1460.523000
1461.766000
1463.010000
1464.253000
1469.211000
1471.681000
1475.411000
1479.125000
1480.368000
1482.839000
1484.082000
1486.569000
1487.812000
1489.039000
1492.770000
1494.013000
1495.240000
1496.483000
1500.214000
1502.684000
1503.927000
1519.280000
1520.523000
1521.767000
1522.993000
1524.237000
1525.480000
1526.724000
1527.951000
1532.924000
1534.151000
1535.395000
1537.881000
1539.125000
1540.352000
1541.595000
1544.082000
1547.796000
1550.283000
1551.526000
1552.753000
1553.996000
1555.240000
1558.954000
1560.197000
1561.440000
1562.684000
1565.154000
1566.398000
1578.053000
1580.523000
1581.767000
1583.010000
1584.253000
1585.480000
1586.724000
1587.967000
1589.211000
1590.454000
1591.681000
1592.924000
1594.168000
1595.411000
1600.368000
1601.612000
1602.839000
1604.082000
1606.569000
1609.039000
1610.283000
1611.526000
1612.770000
1614.013000
1615.240000
1616.483000
1618.970000
1620.214000
1622.684000
1623.927000
1625.171000
1638.036000
1639.280000
1641.767000
1644.237000
1645.480000
1646.724000
1649.194000
1651.681000
1652.924000
1654.151000
1656.638000
1657.882000
1659.125000
1661.595000
1664.082000
1666.552000
1669.039000
1670.283000
1671.526000
1672.753000
1673.996000
1675.240000
1677.727000
1678.954000
1680.197000
1681.441000
1686.398000
1699.280000
1700.523000
1701.767000
1704.237000
1705.480000
1706.724000
1707.951000
1709.194000
1710.437000
1711.681000
1715.395000
1720.352000
1724.082000
1727.796000
1730.283000
1731.526000
1732.753000
1736.483000
1737.727000
1738.954000
1740.197000
1743.911000
1746.398000
