1034.322000
1034.952000
1035.566000
1036.179000
1036.809000
1037.423000
1038.053000
1038.666000
1039.296000
1039.909000
1040.523000
1041.153000
1041.766000
1042.380000
1043.010000
1043.623000
1044.253000
1044.867000
1045.480000
1046.110000
1046.723000
1047.354000
1047.967000
1048.580000
1049.210000
1049.824000
1050.454000
1051.067000
1051.681000
1052.311000
1052.924000
1053.554000
1054.168000
1054.781000
1055.411000
1056.024000
1056.654000
1057.268000
1057.881000
1058.511000
1059.125000
1059.755000
1060.368000
1060.982000
1061.612000
1062.225000
1062.855000
1063.468000
1064.082000
1064.712000
1065.325000
1065.955000
1066.569000
1067.182000
1067.812000
1068.426000
1069.056000
1069.669000
1070.282000
1070.912000
1071.526000
1072.156000
1072.769000
1073.383000
1074.013000
1074.626000
1075.240000
1075.870000
1076.483000
1077.113000
1077.727000
1078.340000
1078.970000
1079.583000
1080.213000
1080.827000
1081.440000
1082.070000
1082.684000
1083.314000
1083.927000
1084.541000
1085.171000
1085.784000
1086.414000
1094.322000
1094.952000
1095.566000
1096.179000
1096.809000
1097.423000
1098.053000
1098.666000
1099.279000
1099.909000
1100.523000
1101.153000
1101.766000
1102.380000
1103.010000
1103.623000
1104.253000
1104.867000
1105.480000
1106.110000
1106.724000
1107.354000
1107.967000
1108.580000
1109.210000
1109.824000
1110.454000
1111.067000
1111.681000
1112.311000
1112.924000
1113.554000
1114.168000
1114.781000
1115.411000
1116.024000
1116.654000
1117.268000
1117.881000
1118.511000
1119.125000
1119.755000
1120.368000
1120.982000
1121.612000
1122.225000
1122.855000
1123.468000
1124.082000
1124.712000
1125.325000
1125.939000
1126.569000
1127.182000
1127.812000
1128.426000
1129.039000
1129.669000
1130.283000
1130.913000
1131.526000
1132.139000
1132.769000
1133.383000
1134.013000
1134.626000
1135.240000
1135.870000
1136.483000
1137.113000
1137.727000
1138.340000
1138.970000
1139.583000
1140.213000
1140.827000
1141.440000
1142.070000
1142.684000
1143.314000
1143.927000
1144.541000
1145.171000
1145.784000
1146.414000
1154.322000
1154.952000
1155.566000
1156.179000
1156.809000
1157.423000
1158.053000
1158.666000
1159.279000
1159.910000
1160.523000
1161.153000
1161.766000
1162.380000
1163.010000
1163.623000
1164.253000
1164.867000
1165.480000
1166.110000
1166.724000
1167.354000
1167.967000
1168.580000
1169.210000
1169.824000
1170.454000
1171.067000
1171.681000
1172.311000
1172.924000
1173.554000
1174.168000
1174.781000
1175.411000
1176.024000
1176.654000
1177.268000
1177.881000
1178.511000
1179.125000
1179.755000
1180.368000
1180.982000
1181.612000
1182.225000
1182.855000
1183.468000
1184.082000
1184.712000
1185.325000
1185.939000
1186.569000
1187.182000
1187.812000
1188.426000
1189.039000
1189.669000
1190.283000
1190.913000
1191.526000
1192.139000
1192.769000
1193.383000
1194.013000
1194.626000
1195.240000
1195.870000
1196.483000
1197.113000
1197.727000
1198.340000
1198.970000
1199.583000
1200.213000
1200.827000
1201.440000
1202.070000
1202.684000
1203.314000
1203.927000
1204.541000
1205.171000
1205.784000
1206.414000
1214.322000
1214.952000
1215.566000
1216.179000
1216.809000
1217.423000
1218.053000
1218.666000
1219.280000
1219.910000
1220.523000
1221.153000
1221.766000
1222.380000
1223.010000
1223.623000
1224.253000
1224.867000
1225.480000
1226.110000
1226.724000
1227.354000
1227.967000
1228.580000
1229.210000
1229.824000
1230.454000
1231.067000
1231.681000
1232.311000
1232.924000
1233.554000
1234.168000
1234.781000
1235.411000
1236.024000
1236.654000
1237.268000
1237.881000
1238.511000
1239.125000
1239.755000
1240.368000
1240.982000
1241.612000
1242.225000
1242.839000
1243.469000
1244.082000
1244.712000
1245.325000
1245.939000
1246.569000
1247.182000
1247.812000
1248.426000
1249.039000
1249.669000
1250.283000
1250.913000
1251.526000
1252.139000
1252.769000
1253.383000
1254.013000
1254.626000
1255.240000
1255.870000
1256.483000
1257.113000
1257.727000
1258.340000
1258.970000
1259.583000
1260.213000
1260.827000
1261.440000
1262.070000
1262.684000
1263.314000
1263.927000
1264.541000
1265.171000
1265.784000
1266.414000
1274.322000
1274.952000
1275.566000
1276.179000
1276.809000
1277.423000
1278.053000
1278.666000
1279.280000
1279.910000
1280.523000
1281.153000
1281.766000
1282.380000
1283.010000
1283.623000
1284.253000
1284.867000
1285.480000
1286.110000
1286.724000
1287.354000
1287.967000
1288.580000
1289.210000
1289.824000
1290.454000
1291.067000
1291.681000
1292.311000
1292.924000
1293.554000
1294.168000
1294.781000
1295.411000
1296.025000
1296.655000
1297.268000
1297.881000
1298.511000
1299.125000
1299.755000
1300.368000
1300.982000
1301.612000
1302.225000
1302.839000
1303.469000
1304.082000
1304.712000
1305.325000
1305.939000
1306.569000
1307.182000
1307.812000
1308.426000
1309.039000
1309.669000
1310.283000
1310.913000
1311.526000
1312.139000
1312.769000
1313.383000
1314.013000
1314.626000
1315.240000
1315.870000
1316.483000
1317.113000
1317.727000
1318.340000
1318.970000
1319.584000
1320.214000
1320.827000
1321.440000
1322.070000
1322.684000
1323.314000
1323.927000
1324.541000
1325.171000
1325.784000
1326.414000
1334.322000
1334.952000
1335.566000
1336.179000
1336.809000
1337.423000
1338.053000
1338.666000
1339.280000
1339.910000
1340.523000
1341.153000
1341.766000
1342.380000
1343.010000
1343.623000
1344.253000
1344.867000
1345.480000
1346.110000
1346.724000
1347.354000
1347.967000
1348.581000
1349.210000
1349.824000
1350.454000
1351.067000
1351.681000
1352.311000
1352.924000
1353.554000
1354.168000
1354.781000
1355.411000
1356.025000
1356.655000
1357.268000
1357.881000
1358.511000
1359.125000
1359.755000
1360.368000
1360.982000
1361.612000
1362.225000
1362.839000
1363.469000
1364.082000
1364.712000
1365.325000
1365.939000
1366.569000
1367.182000
1367.812000
1368.426000
1369.039000
1369.669000
1370.283000
1370.913000
1371.526000
1372.139000
1372.770000
1373.383000
1374.013000
1374.626000
1375.240000
1375.870000
1376.483000
1377.113000
1377.727000
1378.340000
1378.970000
1379.584000
1380.214000
1380.827000
1381.440000
1382.070000
1382.684000
1383.314000
1383.927000
1384.541000
1385.171000
1385.784000
1386.414000
1394.322000
1394.952000
1395.566000
1396.179000
1396.809000
1397.423000
1398.053000
1398.666000
1399.280000
1399.910000
1400.523000
1401.153000
1401.766000
1402.380000
1403.010000
1403.623000
1404.253000
1404.867000
1405.480000
1406.110000
1406.724000
1407.354000
1407.967000
1408.580000
1409.211000
1409.824000
1410.454000
1411.067000
1411.681000
1412.311000
1412.924000
1413.554000
1414.168000
1414.781000
1415.411000
1416.025000
1416.655000
1417.268000
1417.881000
1418.511000
1419.125000
1419.755000
1420.368000
1420.982000
1421.612000
1422.225000
1422.839000
1423.469000
1424.082000
1424.712000
1425.325000
1425.939000
1426.569000
1427.182000
1427.812000
1428.426000
1429.039000
1429.669000
1430.283000
1430.913000
1431.526000
1432.140000
1432.770000
1433.383000
1434.013000
1434.626000
1435.240000
1435.870000
1436.483000
1437.113000
1437.727000
1438.340000
1438.970000
1439.584000
1440.214000
1440.827000
1441.440000
1442.070000
1442.684000
1443.314000
1443.927000
1444.541000
1445.171000
1445.784000
1446.414000
1454.322000
1454.952000
1455.566000
1456.179000
1456.809000
1457.423000
1458.053000
1458.666000
1459.280000
1459.910000
1460.523000
1461.153000
1461.766000
1462.380000
1463.010000
1463.623000
1464.253000
1464.867000
1465.480000
1466.110000
1466.724000
1467.354000
1467.967000
1468.581000
1469.211000
1469.824000
1470.454000
1471.067000
1471.681000
1472.311000
1472.924000
1473.554000
1474.168000
1474.781000
1475.411000
1476.025000
1476.655000
1477.268000
1477.881000
1478.511000
1479.125000
1479.755000
1480.368000
1480.982000
1481.612000
1482.225000
1482.839000
1483.469000
1484.082000
1484.712000
1485.325000
1485.939000
1486.569000
1487.182000
1487.812000
1488.426000
1489.039000
1489.669000
1490.283000
1490.913000
1491.526000
1492.140000
1492.770000
1493.383000
1494.013000
1494.626000
1495.240000
1495.870000
1496.483000
1497.113000
1497.727000
1498.340000
1498.970000
1499.584000
1500.214000
1500.827000
1501.440000
1502.070000
1502.684000
1503.314000
1503.927000
1504.541000
1505.171000
1505.784000
1506.414000
1514.322000
1514.936000
1515.566000
1516.179000
1516.793000
1517.423000
1518.036000
1518.666000
1519.280000
1519.893000
1520.523000
1521.137000
1521.767000
1522.380000
1522.993000
1523.623000
1524.237000
1524.867000
1525.480000
1526.094000
1526.724000
1527.337000
1527.951000
1528.581000
1529.194000
1529.824000
1530.437000
1531.051000
1531.681000
1532.294000
1532.924000
1533.538000
1534.151000
1534.781000
1535.395000
1536.025000
1536.638000
1537.251000
1537.881000
1538.495000
1539.125000
1539.738000
1540.352000
1540.982000
1541.595000
1542.225000
1542.839000
1543.452000
1544.082000
1544.695000
1545.326000
1545.939000
1546.552000
1547.182000
1547.796000
1548.426000
1549.039000
1549.653000
1550.283000
1550.896000
1551.526000
1552.140000
1552.753000
1553.383000
1553.996000
1554.626000
1555.240000
1555.853000
1556.483000
1557.097000
1557.727000
1558.340000
1558.954000
1559.584000
1560.197000
1560.827000
1561.440000
1562.054000
1562.684000
1563.297000
1563.911000
1564.541000
1565.154000
1565.784000
1566.398000
1574.322000
1574.953000
1575.566000
1576.179000
1576.809000
1577.423000
1578.053000
1578.666000
1579.280000
1579.910000
1580.523000
1581.153000
1581.767000
1582.380000
1583.010000
1583.623000
1584.253000
1584.867000
1585.480000
1586.110000
1586.724000
1587.354000
1587.967000
1588.581000
1589.211000
1589.824000
1590.454000
1591.067000
1591.681000
1592.311000
1592.924000
1593.554000
1594.168000
1594.781000
1595.411000
1596.025000
1596.655000
1597.268000
1597.881000
1598.511000
1599.125000
1599.755000
1600.368000
1600.982000
1601.612000
1602.225000
1602.839000
1603.469000
1604.082000
1604.712000
1605.326000
1605.939000
1606.569000
1607.182000
1607.812000
1608.426000
1609.039000
1609.669000
1610.283000
1610.913000
1611.526000
1612.140000
1612.770000
1613.383000
1614.013000
1614.626000
1615.240000
1615.870000
1616.483000
1617.113000
1617.727000
1618.340000
1618.970000
1619.584000
1620.214000
1620.827000
1621.440000
1622.071000
1622.684000
1623.314000
1623.927000
1624.541000
1625.171000
1625.784000
1626.414000
1634.323000
1634.936000
1635.566000
1636.179000
1636.793000
1637.423000
1638.036000
1638.666000
1639.280000
1639.893000
1640.523000
1641.137000
1641.767000
1642.380000
1642.993000
1643.623000
1644.237000
1644.867000
1645.480000
1646.094000
1646.724000
1647.337000
1647.951000
1648.581000
1649.194000
1649.824000
1650.437000
1651.051000
1651.681000
1652.294000
1652.924000
1653.538000
1654.151000
1654.781000
1655.395000
1656.025000
1656.638000
1657.252000
1657.882000
1658.495000
1659.125000
1659.738000
1660.352000
1660.982000
1661.595000
1662.225000
1662.839000
1663.452000
1664.082000
1664.696000
1665.326000
1665.939000
1666.552000
1667.182000
1667.796000
1668.426000
1669.039000
1669.653000
1670.283000
1670.896000
1671.526000
1672.140000
1672.753000
1673.383000
1673.996000
1674.626000
1675.240000
1675.853000
1676.483000
1677.097000
1677.727000
1678.340000
1678.954000
1679.584000
1680.197000
1680.811000
1681.441000
1682.054000
1682.684000
1683.297000
1683.911000
1684.541000
1685.154000
1685.784000
1686.398000
1694.323000
1694.936000
1695.566000
1696.179000
1696.793000
1697.423000
1698.036000
1698.666000
1699.280000
1699.893000
1700.523000
1701.137000
1701.767000
1702.380000
1702.993000
1703.623000
1704.237000
1704.867000
1705.480000
1706.094000
1706.724000
1707.337000
1707.951000
1708.581000
1709.194000
1709.824000
1710.437000
1711.051000
1711.681000
1712.294000
1712.924000
1713.538000
1714.151000
1714.781000
1715.395000
1716.025000
1716.638000
1717.252000
1717.882000
1718.495000
1719.125000
1719.738000
1720.352000
1720.982000
1721.595000
1722.225000
1722.839000
1723.452000
1724.082000
1724.696000
1725.326000
1725.939000
1726.552000
1727.182000
1727.796000
1728.426000
1729.039000
1729.653000
1730.283000
1730.896000
1731.526000
1732.140000
1732.753000
1733.383000
1733.997000
1734.627000
1735.240000
1735.853000
1736.483000
1737.097000
1737.727000
1738.340000
1738.954000
1739.584000
1740.197000
1740.811000
1741.441000
1742.054000
1742.684000
1743.297000
1743.911000
1744.541000
1745.154000
1745.784000
1746.398000
