313.766000
324.923000
334.854000
341.055000
342.282000
349.726000
358.413000
372.522000
379.966000
382.453000
383.680000
386.167000
387.410000
389.880000
392.367000
394.854000
396.081000
398.568000
401.055000
406.012000
409.726000
412.213000
432.522000
433.766000
436.236000
437.479000
441.193000
454.838000
467.239000
492.522000
495.009000
496.252000
497.479000
499.966000
511.124000
517.325000
518.568000
524.769000
538.413000
552.522000
563.680000
571.124000
572.367000
574.838000
576.081000
577.325000
578.568000
585.996000
590.953000
610.035000
616.236000
619.966000
623.680000
628.637000
629.881000
638.551000
643.525000
647.239000
648.482000
655.926000
673.766000
678.723000
679.966000
683.680000
702.282000
705.996000
709.726000
714.683000
715.926000
730.035000
732.522000
736.236000
737.479000
738.723000
744.923000
746.167000
749.881000
752.351000
753.594000
756.081000
770.953000
773.440000
792.522000
806.167000
817.325000
821.038000
824.752000
829.726000
837.153000
850.035000
851.279000
863.680000
869.881000
873.594000
874.838000
877.325000
897.153000
898.397000
913.766000
922.437000
923.680000
924.924000
926.167000
933.594000
937.325000
945.996000
947.239000
948.483000
952.196000
953.440000
954.683000
957.153000
982.437000
984.924000
992.351000
997.325000
1003.525000
1004.752000
1007.239000
1017.153000
1018.397000
