1767.284000
1769.771000
1772.241000
1773.485000
1775.972000
1778.442000
1779.685000
1780.929000
1782.172000
1784.643000
1785.886000
1787.130000
1788.373000
1789.600000
1790.843000
1792.087000
1793.330000
1795.800000
1799.531000
1800.774000
1803.244000
1804.488000
1805.731000
1806.975000
1808.202000
1809.445000
1810.689000
1811.932000
1814.402000
1827.284000
1828.528000
1829.771000
1831.015000
1833.485000
1834.728000
1835.972000
1837.215000
1838.442000
1839.685000
1843.416000
1845.886000
1847.130000
1848.373000
1849.600000
1852.087000
1853.330000
1854.574000
1855.800000
1857.044000
1858.287000
1862.001000
1863.244000
1864.488000
1865.731000
1868.202000
1869.445000
1870.689000
1871.932000
1873.175000
1874.402000
1886.041000
1888.528000
1889.771000
1891.015000
1894.728000
1895.972000
1897.215000
1900.929000
1902.172000
1904.643000
1905.886000
1907.130000
1908.373000
1909.600000
1910.843000
1912.087000
1915.800000
1918.287000
1919.531000
1922.001000
1923.245000
1925.731000
1926.975000
1928.202000
1930.689000
1933.175000
1934.402000
1947.284000
1948.528000
1951.015000
1952.241000
1953.485000
1954.728000
1955.972000
1957.199000
1959.686000
1960.929000
1962.172000
1963.399000
1967.130000
1968.373000
1969.600000
1970.843000
1972.087000
1974.574000
1978.287000
1982.001000
1983.245000
1984.488000
1985.731000
1986.975000
1988.202000
1989.445000
1994.402000
2006.041000
2008.528000
2009.771000
2011.015000
2012.242000
2013.485000
2015.972000
2018.442000
2019.686000
2020.929000
2022.172000
2023.399000
2025.886000
2027.130000
2029.600000
2032.087000
2034.574000
2035.801000
2037.044000
2038.287000
2039.531000
2040.774000
2042.001000
2043.245000
2044.488000
2045.731000
2046.975000
2048.202000
2049.445000
2050.689000
2051.932000
2053.159000
2054.402000
2066.041000
2067.284000
2068.528000
2069.771000
2071.015000
2072.242000
2073.485000
2074.728000
2075.972000
2077.199000
2079.686000
2082.172000
2083.399000
2084.643000
2085.886000
2087.130000
2088.373000
2089.600000
2090.843000
2093.330000
2094.574000
2095.801000
2097.044000
2098.287000
2100.774000
2103.245000
2106.975000
2108.202000
2109.445000
2110.689000
2111.932000
2128.528000
2131.015000
2133.485000
2134.728000
2135.972000
2137.199000
2139.686000
2140.929000
2142.172000
2144.643000
2145.886000
2148.373000
2149.600000
2150.843000
2154.574000
2155.801000
2157.044000
2158.287000
2159.531000
2160.774000
2163.245000
2164.488000
2165.731000
2166.975000
2168.202000
2169.445000
2171.932000
2173.159000
2174.402000
2188.528000
2189.771000
2191.015000
2192.242000
2193.485000
2194.728000
2195.972000
2197.199000
2198.442000
2199.686000
2200.929000
2202.172000
2203.399000
2204.643000
2209.600000
2210.843000
2212.087000
2213.330000
2214.574000
2215.801000
2217.044000
2218.287000
2219.531000
2220.774000
2225.731000
2226.975000
2228.202000
2229.445000
2233.159000
2234.402000
2246.041000
2247.284000
2249.755000
2250.998000
2253.485000
2254.712000
2255.955000
2257.199000
2258.442000
2263.399000
2264.643000
2265.886000
2267.113000
2269.600000
2273.314000
2277.044000
2278.271000
2280.758000
2282.001000
2283.245000
2285.715000
2286.958000
2288.202000
2289.445000
2290.672000
2293.159000
2294.402000
2312.242000
2314.728000
2315.972000
2317.199000
2320.929000
2322.173000
2323.399000
2324.643000
2325.886000
2327.130000
2328.373000
2329.600000
2332.087000
2339.531000
2340.774000
2342.001000
2343.245000
2345.732000
2346.975000
2348.202000
2351.932000
2353.159000
2354.402000
2366.041000
2368.511000
2369.755000
2370.998000
2372.242000
2373.485000
2374.712000
2375.955000
2377.199000
2379.686000
2380.913000
2382.156000
2383.399000
2384.643000
2385.886000
2388.357000
2390.843000
2393.314000
2394.557000
2395.801000
2397.044000
2398.271000
2400.758000
2402.001000
2403.245000
2405.715000
2408.202000
2410.672000
2413.159000
2427.284000
2429.755000
2430.998000
2432.242000
2437.199000
2438.442000
2439.686000
2440.913000
2442.156000
2444.643000
2449.600000
2450.843000
2452.087000
2453.314000
2454.557000
2455.801000
2457.044000
2458.271000
2459.514000
2460.758000
2462.001000
2465.715000
2466.958000
2469.445000
2470.672000
2473.159000
