1771.015000
1774.728000
1777.215000
1783.416000
1794.574000
1797.044000
1798.287000
1813.175000
1826.041000
1832.241000
1842.172000
1844.643000
1850.843000
1859.531000
1866.975000
1887.284000
1892.241000
1893.485000
1898.442000
1899.685000
1903.416000
1913.330000
1914.574000
1917.044000
1920.774000
1924.488000
1929.445000
1931.932000
1946.041000
1949.771000
1958.442000
1964.643000
1965.886000
1973.330000
1975.800000
1977.044000
1980.774000
1993.159000
2007.284000
2014.728000
2024.643000
2028.373000
2030.843000
2033.330000
2078.442000
2080.929000
2092.087000
2104.488000
2105.731000
2113.159000
2114.402000
2126.041000
2127.284000
2129.771000
2132.242000
2138.442000
2147.130000
2152.087000
2153.330000
2162.001000
2170.689000
2187.284000
2205.886000
2207.130000
2222.001000
2223.245000
2224.488000
2231.932000
2248.511000
2252.242000
2260.913000
2268.357000
2270.843000
2272.087000
2274.557000
2275.801000
2279.514000
2306.041000
2307.284000
2308.528000
2309.771000
2311.015000
2318.442000
2319.686000
2330.843000
2335.801000
2338.287000
2344.488000
2349.445000
2350.689000
2367.284000
2389.600000
2392.087000
2399.514000
2404.472000
2406.958000
2409.445000
2411.916000
2426.041000
2428.511000
2433.485000
2434.712000
2435.955000
2443.399000
2445.886000
2447.113000
2448.357000
2463.245000
2464.472000
2471.916000
2474.402000
