310.655000
311.899000
313.142000
314.386000
315.613000
316.856000
318.099000
319.343000
320.586000
321.813000
323.057000
324.300000
325.543000
326.787000
328.014000
329.257000
330.501000
331.744000
332.987000
334.214000
335.458000
336.701000
337.945000
339.172000
341.658000
345.372000
346.616000
347.859000
349.102000
350.346000
352.816000
354.060000
355.303000
356.546000
357.773000
369.412000
370.655000
371.899000
373.142000
375.613000
376.856000
378.099000
379.343000
380.586000
381.813000
385.543000
386.787000
388.014000
389.257000
390.501000
391.744000
392.988000
394.214000
395.458000
396.701000
401.658000
404.145000
406.616000
407.859000
410.346000
412.816000
414.060000
415.303000
416.547000
417.773000
429.412000
430.655000
431.899000
433.142000
434.386000
435.613000
436.856000
438.099000
439.343000
440.586000
443.057000
444.300000
445.543000
449.257000
450.501000
451.744000
452.988000
454.214000
455.458000
456.701000
457.945000
459.172000
460.415000
461.658000
462.902000
464.145000
466.616000
469.102000
470.346000
471.573000
472.816000
475.303000
476.547000
477.773000
489.412000
490.655000
491.899000
494.386000
495.613000
496.856000
498.099000
499.343000
500.586000
501.813000
503.057000
504.300000
505.544000
506.787000
508.014000
509.257000
510.501000
511.744000
512.988000
514.214000
517.945000
519.172000
520.415000
521.658000
522.902000
524.145000
525.372000
526.616000
527.859000
529.103000
530.346000
531.573000
532.816000
534.060000
535.303000
537.773000
553.142000
555.613000
556.856000
558.099000
559.343000
560.586000
564.300000
565.544000
568.014000
569.257000
570.501000
571.744000
572.988000
574.214000
575.458000
576.701000
579.172000
580.415000
581.658000
582.902000
584.145000
585.372000
587.859000
589.103000
590.346000
591.573000
594.060000
595.303000
596.547000
609.412000
610.655000
611.899000
613.142000
614.386000
615.613000
616.856000
618.100000
619.343000
620.586000
621.813000
623.057000
624.300000
625.544000
626.787000
628.014000
629.257000
631.744000
632.971000
634.214000
635.458000
636.701000
637.945000
639.172000
641.659000
644.145000
645.372000
646.616000
647.859000
651.573000
652.816000
654.060000
655.303000
656.547000
657.773000
669.412000
670.655000
671.899000
673.142000
674.386000
675.613000
678.100000
679.343000
680.586000
681.813000
683.057000
684.300000
685.544000
686.787000
688.014000
689.257000
690.501000
691.744000
692.971000
694.214000
695.458000
696.701000
697.945000
699.172000
700.415000
701.659000
702.902000
704.145000
705.372000
706.616000
707.859000
711.573000
712.816000
714.060000
717.774000
729.412000
730.655000
731.899000
733.142000
734.386000
735.613000
736.856000
738.100000
739.343000
740.586000
741.813000
743.057000
744.300000
745.544000
746.787000
748.014000
749.257000
750.501000
751.744000
752.971000
754.215000
755.458000
757.945000
759.172000
760.415000
761.659000
762.902000
764.145000
765.372000
766.616000
767.859000
769.103000
770.346000
771.573000
772.816000
774.060000
775.303000
776.547000
777.774000
789.412000
790.656000
791.899000
793.126000
794.369000
795.613000
796.856000
799.326000
800.570000
801.813000
803.057000
805.527000
806.770000
808.014000
810.484000
811.728000
812.971000
815.458000
816.685000
819.172000
820.415000
821.659000
822.885000
824.129000
825.372000
826.616000
827.843000
829.086000
830.329000
832.816000
835.287000
836.530000
837.774000
851.899000
853.142000
854.386000
856.856000
858.100000
859.343000
860.586000
861.813000
864.300000
868.014000
869.257000
870.501000
871.744000
872.971000
874.215000
882.902000
884.145000
886.616000
887.859000
891.573000
892.816000
894.060000
895.303000
896.547000
897.774000
909.412000
910.656000
911.899000
913.126000
914.369000
915.613000
916.856000
919.326000
920.570000
921.813000
926.771000
928.014000
929.257000
930.484000
931.728000
932.971000
934.215000
935.458000
936.685000
937.928000
939.172000
940.415000
941.659000
942.885000
944.129000
945.372000
949.086000
951.573000
954.043000
955.287000
956.530000
970.656000
971.899000
973.126000
974.369000
975.613000
976.856000
978.083000
979.327000
980.570000
981.813000
983.057000
985.527000
986.771000
989.257000
990.484000
992.971000
994.215000
996.685000
999.172000
1000.415000
1001.659000
1002.886000
1004.129000
1006.616000
1007.843000
1010.330000
1011.573000
1012.816000
1014.043000
1015.287000
1016.530000
1017.774000
