1766.667000
1769.137000
1771.624000
1772.868000
1774.094000
1775.338000
1776.581000
1777.825000
1780.295000
1781.538000
1785.252000
1786.496000
1787.739000
1790.226000
1791.453000
1792.696000
1793.940000
1795.183000
1796.427000
1797.653000
1798.897000
1800.140000
1801.384000
1802.627000
1803.854000
1805.097000
1806.341000
1808.828000
1810.055000
1811.298000
1812.541000
1825.423000
1826.667000
1827.910000
1830.381000
1831.624000
1832.868000
1834.111000
1835.354000
1836.581000
1839.068000
1840.312000
1841.555000
1842.782000
1844.025000
1846.512000
1847.756000
1848.982000
1850.226000
1852.713000
1855.183000
1856.427000
1857.670000
1858.913000
1860.140000
1862.627000
1863.871000
1865.114000
1868.828000
1872.542000
1885.423000
1886.667000
1889.137000
1891.624000
1892.868000
1894.094000
1895.338000
1897.825000
1899.052000
1900.295000
1901.538000
1902.782000
1904.025000
1905.252000
1906.496000
1908.983000
1910.226000
1911.453000
1913.940000
1915.183000
1916.427000
1917.653000
1918.897000
1921.384000
1922.627000
1928.828000
1930.055000
1931.298000
1932.542000
1933.785000
1945.424000
1947.894000
1949.137000
1950.381000
1951.624000
1952.868000
1954.094000
1955.338000
1959.052000
1960.295000
1962.782000
1965.252000
1966.496000
1967.739000
1968.983000
1970.226000
1971.453000
1972.696000
1973.940000
1975.183000
1976.427000
1980.140000
1981.384000
1982.627000
1983.854000
1985.097000
1986.341000
1987.584000
1991.298000
1992.542000
1993.785000
2005.424000
2006.667000
2009.137000
2010.381000
2011.624000
2012.868000
2015.338000
2016.581000
2017.825000
2019.052000
2020.295000
2021.539000
2022.782000
2026.496000
2027.739000
2028.983000
2031.453000
2032.696000
2033.940000
2035.183000
2036.427000
2037.653000
2038.897000
2041.384000
2043.854000
2045.097000
2046.341000
2047.584000
2048.828000
2051.298000
2052.542000
2053.785000
2065.424000
2067.894000
2070.381000
2071.624000
2072.868000
2074.094000
2077.825000
2079.052000
2080.295000
2082.782000
2084.025000
2088.983000
2090.226000
2091.453000
2093.940000
2095.183000
2097.653000
2098.897000
2100.140000
2101.384000
2103.854000
2106.341000
2107.584000
2108.828000
2110.055000
2111.298000
2112.542000
2113.785000
2125.424000
2126.667000
2127.894000
2130.381000
2131.624000
2135.338000
2136.581000
2137.825000
2139.052000
2140.295000
2142.782000
2144.025000
2145.252000
2146.496000
2147.739000
2148.983000
2150.226000
2151.453000
2152.696000
2153.940000
2158.897000
2161.384000
2162.627000
2163.854000
2167.584000
2168.828000
2170.055000
2171.298000
2172.542000
2173.785000
2186.667000
2187.894000
2189.137000
2190.381000
2191.624000
2192.868000
2195.338000
2196.581000
2197.825000
2199.052000
2201.539000
2204.025000
2206.496000
2207.739000
2208.983000
2211.453000
2212.696000
2213.940000
2215.183000
2216.427000
2217.654000
2218.897000
2220.140000
2226.341000
2227.584000
2228.828000
2230.055000
2232.542000
2245.424000
2246.667000
2249.137000
2250.381000
2251.624000
2252.868000
2254.095000
2255.338000
2256.581000
2259.052000
2260.295000
2261.539000
2262.782000
2264.025000
2266.496000
2267.739000
2268.983000
2270.226000
2271.453000
2272.696000
2273.940000
2275.183000
2276.427000
2277.654000
2278.897000
2280.140000
2282.627000
2285.098000
2287.584000
2288.828000
2290.055000
2291.298000
2293.785000
2306.667000
2307.894000
2310.381000
2311.624000
2312.868000
2314.095000
2315.338000
2316.581000
2319.052000
2320.295000
2322.782000
2324.026000
2325.252000
2326.496000
2327.739000
2331.453000
2332.696000
2333.940000
2335.183000
2336.427000
2337.654000
2338.897000
2340.140000
2341.384000
2342.627000
2343.854000
2345.098000
2347.585000
2348.828000
2350.055000
2351.298000
2352.542000
2353.785000
2365.424000
2366.651000
2369.137000
2370.381000
2371.624000
2375.338000
2377.825000
2379.052000
2380.295000
2381.539000
2385.252000
2388.983000
2390.226000
2391.453000
2392.696000
2393.940000
2396.427000
2397.654000
2398.897000
2401.384000
2402.611000
2403.854000
2408.811000
2412.542000
2413.785000
2425.407000
2427.894000
2429.137000
2430.364000
2431.608000
2432.851000
2435.338000
2436.565000
2437.808000
2439.052000
2441.539000
2445.252000
2446.496000
2448.966000
2450.210000
2451.453000
2453.923000
2455.167000
2457.654000
2458.897000
2461.367000
2462.611000
2465.098000
2466.325000
2467.568000
2468.811000
2470.055000
2471.298000
2472.525000
2473.769000
