1034.325000
1034.955000
1035.569000
1036.182000
1036.812000
1037.425000
1038.055000
1038.669000
1039.282000
1039.912000
1040.526000
1041.156000
1041.769000
1042.383000
1043.013000
1043.626000
1044.256000
1044.869000
1045.483000
1046.113000
1046.726000
1047.340000
1047.970000
1048.583000
1049.213000
1049.827000
1050.440000
1051.070000
1051.683000
1052.313000
1052.927000
1053.540000
1054.170000
1054.784000
1055.414000
1056.027000
1056.641000
1057.271000
1057.884000
1058.514000
1059.128000
1059.741000
1060.371000
1060.984000
1061.614000
1062.228000
1062.841000
1063.471000
1064.085000
1064.715000
1065.328000
1065.942000
1066.572000
1067.185000
1067.815000
1068.428000
1069.042000
1069.672000
1070.285000
1070.915000
1071.529000
1072.142000
1072.772000
1073.386000
1074.016000
1074.629000
1075.242000
1075.872000
1076.486000
1077.116000
1077.729000
1078.343000
1078.973000
1079.586000
1080.200000
1080.830000
1081.443000
1082.073000
1082.687000
1083.300000
1083.930000
1084.543000
1085.173000
1085.787000
1086.400000
1094.325000
1094.955000
1095.569000
1096.182000
1096.812000
1097.425000
1098.055000
1098.669000
1099.282000
1099.912000
1100.526000
1101.156000
1101.769000
1102.383000
1103.013000
1103.626000
1104.256000
1104.869000
1105.483000
1106.113000
1106.726000
1107.340000
1107.970000
1108.583000
1109.213000
1109.827000
1110.440000
1111.070000
1111.683000
1112.314000
1112.927000
1113.540000
1114.170000
1114.784000
1115.414000
1116.027000
1116.641000
1117.271000
1117.884000
1118.514000
1119.128000
1119.741000
1120.371000
1120.984000
1121.614000
1122.228000
1122.841000
1123.471000
1124.085000
1124.715000
1125.328000
1125.942000
1126.572000
1127.185000
1127.815000
1128.428000
1129.042000
1129.672000
1130.285000
1130.915000
1131.529000
1132.142000
1132.772000
1133.386000
1134.016000
1134.629000
1135.243000
1135.873000
1136.486000
1137.116000
1137.729000
1138.343000
1138.973000
1139.586000
1140.200000
1140.830000
1141.443000
1142.073000
1142.687000
1143.300000
1143.930000
1144.543000
1145.173000
1145.787000
1146.400000
1154.325000
1154.939000
1155.552000
1156.182000
1156.795000
1157.425000
1158.039000
1158.652000
1159.282000
1159.896000
1160.526000
1161.139000
1161.753000
1162.383000
1162.996000
1163.626000
1164.239000
1164.853000
1165.483000
1166.096000
1166.726000
1167.340000
1167.953000
1168.583000
1169.197000
1169.827000
1170.440000
1171.054000
1171.684000
1172.297000
1172.927000
1173.540000
1174.154000
1174.784000
1175.397000
1176.027000
1176.641000
1177.254000
1177.884000
1178.498000
1179.128000
1179.741000
1180.354000
1180.984000
1181.598000
1182.228000
1182.841000
1183.455000
1184.085000
1184.698000
1185.312000
1185.942000
1186.555000
1187.185000
1187.798000
1188.412000
1189.042000
1189.655000
1190.285000
1190.899000
1191.512000
1192.142000
1192.756000
1193.386000
1193.999000
1194.613000
1195.243000
1195.856000
1196.486000
1197.099000
1197.713000
1198.343000
1198.956000
1199.586000
1200.200000
1200.813000
1201.443000
1202.057000
1202.687000
1203.300000
1203.913000
1204.543000
1205.157000
1205.787000
1206.400000
1214.325000
1214.955000
1215.569000
1216.182000
1216.812000
1217.425000
1218.055000
1218.669000
1219.282000
1219.912000
1220.526000
1221.156000
1221.769000
1222.383000
1223.013000
1223.626000
1224.239000
1224.870000
1225.483000
1226.113000
1226.726000
1227.340000
1227.970000
1228.583000
1229.213000
1229.827000
1230.440000
1231.070000
1231.684000
1232.314000
1232.927000
1233.540000
1234.170000
1234.784000
1235.414000
1236.027000
1236.641000
1237.271000
1237.884000
1238.514000
1239.128000
1239.741000
1240.371000
1240.984000
1241.614000
1242.228000
1242.841000
1243.471000
1244.085000
1244.715000
1245.328000
1245.942000
1246.572000
1247.185000
1247.815000
1248.429000
1249.042000
1249.672000
1250.285000
1250.915000
1251.529000
1252.142000
1252.772000
1253.386000
1254.016000
1254.629000
1255.243000
1255.873000
1256.486000
1257.116000
1257.729000
1258.343000
1258.973000
1259.586000
1260.200000
1260.830000
1261.443000
1262.073000
1262.687000
1263.300000
1263.930000
1264.544000
1265.173000
1265.787000
1266.400000
1274.325000
1274.939000
1275.552000
1276.182000
1276.795000
1277.425000
1278.039000
1278.652000
1279.282000
1279.896000
1280.526000
1281.139000
1281.753000
1282.383000
1282.996000
1283.626000
1284.240000
1284.853000
1285.483000
1286.096000
1286.726000
1287.340000
1287.953000
1288.583000
1289.197000
1289.827000
1290.440000
1291.054000
1291.684000
1292.297000
1292.927000
1293.540000
1294.154000
1294.784000
1295.397000
1296.027000
1296.641000
1297.254000
1297.884000
1298.498000
1299.128000
1299.741000
1300.354000
1300.984000
1301.598000
1302.228000
1302.841000
1303.455000
1304.085000
1304.698000
1305.312000
1305.942000
1306.555000
1307.185000
1307.799000
1308.412000
1309.042000
1309.655000
1310.285000
1310.899000
1311.512000
1312.142000
1312.756000
1313.386000
1313.999000
1314.613000
1315.243000
1315.856000
1316.486000
1317.099000
1317.713000
1318.343000
1318.956000
1319.586000
1320.200000
1320.813000
1321.443000
1322.057000
1322.687000
1323.300000
1323.913000
1324.543000
1325.157000
1325.787000
1326.400000
1334.325000
1334.939000
1335.552000
1336.182000
1336.796000
1337.425000
1338.039000
1338.652000
1339.282000
1339.896000
1340.526000
1341.139000
1341.753000
1342.383000
1342.996000
1343.626000
1344.240000
1344.853000
1345.483000
1346.096000
1346.726000
1347.340000
1347.953000
1348.583000
1349.197000
1349.827000
1350.440000
1351.054000
1351.684000
1352.297000
1352.927000
1353.540000
1354.154000
1354.784000
1355.397000
1356.027000
1356.641000
1357.254000
1357.884000
1358.498000
1359.128000
1359.741000
1360.354000
1360.984000
1361.598000
1362.228000
1362.841000
1363.455000
1364.085000
1364.698000
1365.312000
1365.942000
1366.555000
1367.185000
1367.799000
1368.412000
1369.042000
1369.655000
1370.285000
1370.899000
1371.512000
1372.142000
1372.756000
1373.386000
1373.999000
1374.613000
1375.243000
1375.856000
1376.486000
1377.099000
1377.713000
1378.343000
1378.956000
1379.586000
1380.200000
1380.813000
1381.443000
1382.057000
1382.687000
1383.300000
1383.913000
1384.544000
1385.157000
1385.787000
1386.400000
1394.325000
1394.939000
1395.552000
1396.182000
1396.796000
1397.426000
1398.039000
1398.652000
1399.282000
1399.896000
1400.526000
1401.139000
1401.753000
1402.383000
1402.996000
1403.626000
1404.240000
1404.853000
1405.483000
1406.096000
1406.726000
1407.340000
1407.953000
1408.583000
1409.197000
1409.827000
1410.440000
1411.054000
1411.684000
1412.297000
1412.927000
1413.541000
1414.154000
1414.784000
1415.397000
1416.027000
1416.641000
1417.254000
1417.884000
1418.498000
1419.128000
1419.741000
1420.355000
1420.985000
1421.598000
1422.228000
1422.841000
1423.455000
1424.085000
1424.698000
1425.312000
1425.942000
1426.555000
1427.185000
1427.799000
1428.412000
1429.042000
1429.655000
1430.285000
1430.899000
1431.512000
1432.142000
1432.756000
1433.386000
1433.999000
1434.613000
1435.243000
1435.856000
1436.486000
1437.099000
1437.713000
1438.343000
1438.956000
1439.586000
1440.200000
1440.813000
1441.443000
1442.057000
1442.687000
1443.300000
1443.914000
1444.544000
1445.157000
1445.787000
1446.400000
1454.325000
1454.939000
1455.552000
1456.182000
1456.796000
1457.426000
1458.039000
1458.652000
1459.282000
1459.896000
1460.526000
1461.139000
1461.753000
1462.383000
1462.996000
1463.626000
1464.240000
1464.853000
1465.483000
1466.096000
1466.726000
1467.340000
1467.953000
1468.583000
1469.197000
1469.827000
1470.440000
1471.054000
1471.684000
1472.297000
1472.910000
1473.541000
1474.154000
1474.784000
1475.397000
1476.011000
1476.641000
1477.254000
1477.884000
1478.498000
1479.111000
1479.741000
1480.355000
1480.985000
1481.598000
1482.211000
1482.841000
1483.455000
1484.085000
1484.698000
1485.312000
1485.942000
1486.555000
1487.185000
1487.799000
1488.412000
1489.042000
1489.655000
1490.285000
1490.899000
1491.512000
1492.142000
1492.756000
1493.386000
1493.999000
1494.613000
1495.243000
1495.856000
1496.486000
1497.100000
1497.713000
1498.343000
1498.956000
1499.586000
1500.200000
1500.813000
1501.443000
1502.057000
1502.687000
1503.300000
1503.914000
1504.544000
1505.157000
1505.787000
1506.400000
1514.325000
1514.939000
1515.552000
1516.182000
1516.796000
1517.426000
1518.039000
1518.652000
1519.282000
1519.896000
1520.526000
1521.139000
1521.753000
1522.383000
1522.996000
1523.626000
1524.240000
1524.853000
1525.483000
1526.096000
1526.726000
1527.340000
1527.953000
1528.583000
1529.197000
1529.827000
1530.440000
1531.054000
1531.684000
1532.297000
1532.911000
1533.541000
1534.154000
1534.784000
1535.397000
1536.011000
1536.641000
1537.254000
1537.884000
1538.498000
1539.111000
1539.741000
1540.355000
1540.985000
1541.598000
1542.212000
1542.841000
1543.455000
1544.085000
1544.698000
1545.312000
1545.942000
1546.555000
1547.185000
1547.799000
1548.412000
1549.042000
1549.655000
1550.285000
1550.899000
1551.512000
1552.142000
1552.756000
1553.386000
1553.999000
1554.613000
1555.243000
1555.856000
1556.486000
1557.100000
1557.713000
1558.343000
1558.956000
1559.586000
1560.200000
1560.813000
1561.443000
1562.057000
1562.687000
1563.300000
1563.914000
1564.544000
1565.157000
1565.770000
1566.400000
1574.325000
1574.939000
1575.552000
1576.182000
1576.796000
1577.426000
1578.039000
1578.652000
1579.282000
1579.896000
1580.526000
1581.139000
1581.753000
1582.383000
1582.996000
1583.626000
1584.240000
1584.853000
1585.483000
1586.097000
1586.727000
1587.340000
1587.953000
1588.583000
1589.197000
1589.827000
1590.440000
1591.054000
1591.684000
1592.297000
1592.911000
1593.541000
1594.154000
1594.784000
1595.397000
1596.011000
1596.641000
1597.254000
1597.884000
1598.498000
1599.111000
1599.741000
1600.355000
1600.985000
1601.598000
1602.211000
1602.841000
1603.455000
1604.085000
1604.698000
1605.312000
1605.942000
1606.555000
1607.185000
1607.799000
1608.412000
1609.042000
1609.655000
1610.286000
1610.899000
1611.512000
1612.142000
1612.756000
1613.386000
1613.999000
1614.613000
1615.243000
1615.856000
1616.486000
1617.100000
1617.713000
1618.343000
1618.956000
1619.586000
1620.200000
1620.813000
1621.443000
1622.057000
1622.687000
1623.300000
1623.914000
1624.544000
1625.157000
1625.787000
1626.400000
1634.325000
1634.939000
1635.552000
1636.182000
1636.796000
1637.426000
1638.039000
1638.653000
1639.283000
1639.896000
1640.526000
1641.139000
1641.753000
1642.383000
1642.996000
1643.626000
1644.240000
1644.853000
1645.483000
1646.097000
1646.727000
1647.340000
1647.953000
1648.583000
1649.197000
1649.827000
1650.440000
1651.054000
1651.684000
1652.297000
1652.911000
1653.541000
1654.154000
1654.784000
1655.397000
1656.011000
1656.641000
1657.254000
1657.884000
1658.498000
1659.111000
1659.741000
1660.355000
1660.985000
1661.598000
1662.211000
1662.841000
1663.455000
1664.085000
1664.698000
1665.312000
1665.942000
1666.555000
1667.185000
1667.799000
1668.412000
1669.042000
1669.656000
1670.286000
1670.899000
1671.512000
1672.142000
1672.756000
1673.386000
1673.999000
1674.613000
1675.243000
1675.856000
1676.486000
1677.100000
1677.713000
1678.343000
1678.956000
1679.586000
1680.200000
1680.813000
1681.443000
1682.057000
1682.687000
1683.300000
1683.914000
1684.544000
1685.157000
1685.770000
1686.401000
1694.309000
1694.939000
1695.552000
1696.166000
1696.796000
1697.409000
1698.023000
1698.653000
1699.266000
1699.896000
1700.509000
1701.123000
1701.753000
1702.366000
1702.996000
1703.610000
1704.223000
1704.853000
1705.467000
1706.097000
1706.710000
1707.323000
1707.953000
1708.567000
1709.197000
1709.810000
1710.424000
1711.054000
1711.667000
1712.297000
1712.911000
1713.524000
1714.154000
1714.767000
1715.397000
1716.011000
1716.624000
1717.254000
1717.868000
1718.498000
1719.111000
1719.725000
1720.355000
1720.968000
1721.598000
1722.212000
1722.825000
1723.455000
1724.068000
1724.698000
1725.312000
1725.925000
1726.555000
1727.169000
1727.799000
1728.412000
1729.026000
1729.656000
1730.269000
1730.899000
1731.512000
1732.126000
1732.756000
1733.369000
1733.983000
1734.613000
1735.226000
1735.856000
1736.470000
1737.083000
1737.713000
1738.326000
1738.956000
1739.570000
1740.183000
1740.813000
1741.427000
1742.057000
1742.670000
1743.284000
1743.914000
1744.527000
1745.157000
1745.771000
1746.384000
