1767.280000
1768.524000
1769.767000
1770.994000
1772.238000
1773.481000
1778.438000
1779.682000
1780.925000
1782.152000
1784.639000
1785.882000
1787.126000
1788.352000
1789.596000
1790.839000
1793.326000
1797.040000
1800.754000
1801.997000
1803.241000
1804.484000
1806.954000
1808.198000
1809.441000
1813.155000
1814.398000
1826.053000
1828.524000
1829.767000
1832.254000
1833.481000
1835.968000
1837.211000
1838.455000
1839.682000
1844.655000
1845.882000
1850.856000
1852.083000
1853.326000
1854.570000
1855.813000
1859.527000
1860.770000
1862.014000
1863.241000
1864.484000
1865.727000
1868.214000
1869.441000
1871.928000
1873.172000
1874.415000
1886.037000
1887.280000
1888.524000
1889.767000
1890.994000
1893.481000
1895.968000
1897.195000
1899.682000
1902.152000
1907.126000
1908.353000
1912.083000
1913.326000
1914.553000
1919.527000
1920.754000
1921.997000
1923.241000
1928.198000
1929.441000
1930.685000
1933.155000
1946.037000
1947.280000
1949.767000
1952.238000
1955.968000
1958.438000
1959.682000
1960.925000
1962.152000
1963.395000
1964.639000
1965.882000
1968.353000
1973.326000
1975.797000
1977.040000
1979.527000
1980.754000
1983.241000
1984.484000
1985.728000
1988.198000
1990.685000
1993.155000
2007.280000
2008.524000
2013.481000
2014.724000
2015.968000
2022.152000
2023.395000
2025.882000
2027.126000
2029.596000
2030.839000
2034.553000
2037.040000
2039.527000
2040.754000
2041.997000
2043.241000
2045.728000
2049.441000
2050.685000
2054.398000
2067.280000
2068.524000
2069.767000
2072.238000
2073.481000
2074.724000
2077.195000
2079.682000
2080.925000
2082.152000
2088.353000
2089.596000
2092.083000
2094.553000
2095.797000
2097.040000
2098.283000
2100.754000
2101.997000
2103.241000
2104.484000
2105.728000
2110.685000
2113.155000
2127.280000
2128.524000
2129.767000
2132.238000
2134.725000
2135.968000
2139.682000
2140.925000
2142.152000
2143.395000
2145.882000
2149.596000
2153.326000
2154.553000
2158.284000
2159.527000
2160.754000
2161.997000
2164.484000
2166.954000
2170.685000
2171.912000
2174.398000
2188.524000
2190.994000
2192.238000
2193.481000
2194.725000
2195.968000
2197.195000
2200.925000
2202.152000
2203.395000
2204.639000
2205.882000
2209.596000
2210.840000
2212.083000
2214.553000
2217.040000
2219.527000
2220.754000
2221.997000
2225.728000
2230.685000
2231.912000
2233.155000
2234.398000
2246.037000
2247.281000
2248.524000
2249.767000
2255.968000
2257.195000
2258.438000
2259.682000
2262.152000
2263.395000
2264.639000
2265.882000
2269.596000
2274.553000
2277.040000
2279.527000
2280.754000
2283.241000
2284.484000
2285.728000
2286.954000
2289.441000
2290.685000
2291.912000
2293.155000
2294.399000
2308.524000
2309.767000
2313.481000
2315.968000
2317.195000
2318.438000
2320.925000
2322.152000
2324.639000
2325.882000
2328.353000
2330.840000
2334.553000
2338.284000
2341.997000
2343.241000
2344.484000
2345.728000
2346.955000
2349.441000
2350.685000
2351.912000
2353.155000
2367.281000
2368.524000
2369.751000
2370.994000
2372.238000
2374.725000
2375.951000
2377.195000
2379.682000
2382.152000
2384.639000
2385.882000
2388.353000
2392.083000
2394.553000
2395.797000
2397.040000
2399.527000
2401.997000
2404.484000
2406.955000
2409.441000
2411.912000
2432.238000
2433.465000
2438.438000
2439.665000
2442.152000
2444.639000
2445.866000
2449.596000
2452.066000
2453.310000
2454.553000
2455.797000
2457.024000
2459.510000
2460.754000
2461.997000
2463.224000
2464.468000
2471.912000
2474.399000
