9.428000
10.042000
10.672000
11.285000
11.915000
12.529000
13.142000
13.772000
14.386000
15.629000
16.242000
16.872000
17.486000
18.116000
18.729000
19.343000
19.973000
20.586000
21.216000
21.830000
22.443000
23.073000
23.686000
24.316000
24.930000
25.543000
26.173000
26.787000
27.417000
28.030000
28.644000
29.274000
29.887000
30.501000
31.131000
31.744000
32.374000
32.987000
33.601000
34.231000
34.844000
35.474000
36.088000
36.701000
37.331000
37.945000
38.575000
39.188000
39.801000
40.431000
41.045000
41.675000
42.288000
42.902000
43.532000
44.145000
44.775000
45.389000
46.002000
46.632000
47.245000
47.875000
48.489000
49.102000
49.732000
50.346000
50.976000
51.589000
52.203000
52.833000
53.446000
54.076000
54.690000
55.303000
55.933000
56.546000
57.176000
57.790000
58.403000
69.428000
70.042000
70.672000
71.285000
71.915000
72.529000
73.142000
73.772000
74.386000
75.016000
75.629000
76.242000
76.872000
77.486000
78.116000
78.729000
79.343000
80.586000
81.200000
81.830000
82.443000
83.073000
83.686000
84.300000
84.930000
85.543000
86.173000
87.400000
88.030000
88.644000
89.274000
89.887000
90.501000
91.131000
91.744000
92.374000
92.987000
93.601000
94.231000
94.844000
95.474000
96.088000
96.701000
97.331000
97.945000
98.575000
99.188000
99.801000
100.431000
101.045000
101.675000
102.288000
102.902000
103.532000
104.145000
104.775000
105.389000
106.002000
106.632000
107.245000
107.875000
108.489000
109.102000
109.732000
110.346000
110.976000
111.589000
112.203000
112.833000
113.446000
114.060000
114.690000
115.303000
115.933000
116.546000
117.160000
117.790000
118.403000
129.428000
130.042000
130.672000
131.285000
131.915000
132.529000
133.142000
133.772000
134.386000
135.016000
135.629000
136.242000
136.872000
137.486000
138.116000
138.729000
139.343000
139.973000
140.586000
141.200000
141.830000
142.443000
143.073000
143.687000
144.300000
144.930000
145.543000
146.173000
146.787000
147.400000
148.030000
148.644000
149.274000
149.887000
150.501000
151.131000
151.744000
152.374000
152.987000
154.231000
154.844000
155.474000
156.088000
156.701000
157.331000
157.945000
158.575000
159.188000
160.431000
161.045000
161.675000
162.288000
162.902000
163.532000
164.145000
164.775000
165.389000
166.002000
166.632000
167.245000
167.876000
168.489000
169.102000
169.732000
170.346000
170.976000
171.589000
172.203000
172.833000
173.446000
174.060000
174.690000
175.303000
175.933000
176.546000
177.160000
177.790000
178.403000
190.042000
191.285000
191.915000
192.529000
193.142000
193.772000
194.386000
195.016000
195.629000
196.242000
196.872000
197.486000
198.116000
198.729000
199.343000
199.973000
200.586000
201.200000
201.830000
202.443000
203.073000
203.687000
204.300000
204.930000
205.543000
206.173000
206.787000
207.400000
208.030000
208.644000
209.274000
209.887000
210.501000
211.131000
212.374000
212.987000
213.601000
214.231000
214.844000
215.474000
216.088000
216.701000
217.331000
217.945000
218.575000
219.188000
219.801000
220.431000
221.045000
221.675000
222.288000
222.902000
223.532000
224.145000
224.775000
225.389000
226.002000
226.632000
227.246000
227.876000
228.489000
229.102000
229.732000
230.346000
230.976000
231.589000
232.203000
232.833000
233.446000
234.060000
234.690000
235.303000
235.933000
236.546000
237.160000
237.790000
238.403000
249.428000
250.042000
250.672000
251.285000
251.915000
252.529000
256.243000
256.873000
257.486000
258.116000
258.729000
259.343000
259.973000
260.586000
261.200000
261.830000
262.443000
263.073000
263.687000
264.300000
264.930000
265.543000
266.173000
266.787000
267.400000
268.030000
268.644000
269.274000
269.887000
270.501000
271.131000
271.744000
272.374000
272.987000
273.601000
274.231000
274.844000
275.474000
276.088000
276.701000
277.331000
277.945000
278.575000
279.188000
279.802000
280.432000
281.045000
281.675000
282.288000
282.902000
283.532000
284.145000
284.775000
285.389000
286.002000
286.632000
287.246000
287.876000
288.489000
289.102000
289.732000
290.346000
290.976000
291.589000
292.203000
292.833000
293.446000
294.060000
294.690000
295.303000
295.933000
296.546000
297.160000
297.790000
298.403000
