1040.526000
1059.128000
1076.486000
1077.729000
1078.973000
1106.726000
1117.884000
1126.572000
1127.815000
1129.042000
1136.486000
1166.726000
1170.440000
1177.884000
1181.598000
1191.512000
1192.756000
1203.913000
1220.526000
1225.483000
1239.128000
1240.371000
1287.953000
1291.684000
1299.128000
1307.799000
1311.512000
1317.713000
1318.956000
1323.913000
1364.085000
1366.555000
1369.042000
1370.285000
1416.641000
1417.884000
1424.085000
1429.042000
1436.486000
1437.713000
1472.910000
1481.598000
1490.285000
1492.756000
1498.956000
1518.039000
1519.282000
1531.684000
1532.911000
1534.154000
1539.111000
1541.598000
1542.841000
1545.312000
1556.486000
1566.400000
1579.282000
1582.996000
1585.483000
1596.641000
1599.111000
1610.286000
1621.443000
1626.400000
1639.283000
1640.526000
1644.240000
1657.884000
1667.799000
1680.200000
1682.687000
1683.914000
1685.157000
1716.624000
1717.868000
1724.068000
1725.312000
1730.269000
1731.512000
1732.756000
1742.670000
1743.914000
