1039.282000
1041.769000
1043.013000
1044.256000
1045.483000
1047.970000
1049.213000
1050.440000
1051.683000
1052.927000
1054.170000
1055.414000
1056.641000
1057.884000
1060.371000
1061.614000
1062.841000
1065.328000
1069.042000
1070.285000
1071.529000
1072.772000
1074.016000
1075.242000
1081.443000
1083.930000
1086.400000
1098.055000
1099.282000
1100.526000
1103.013000
1104.256000
1105.483000
1107.970000
1109.213000
1110.440000
1111.683000
1114.170000
1115.414000
1116.641000
1120.371000
1121.614000
1122.841000
1124.085000
1125.328000
1130.285000
1131.529000
1132.772000
1134.016000
1135.243000
1137.729000
1140.200000
1141.443000
1143.930000
1145.173000
1159.282000
1160.526000
1161.753000
1164.239000
1167.953000
1169.197000
1171.684000
1174.154000
1175.397000
1176.641000
1179.128000
1180.354000
1185.312000
1186.555000
1187.798000
1189.042000
1190.285000
1195.243000
1200.200000
1201.443000
1202.687000
1205.157000
1206.400000
1218.055000
1219.282000
1221.769000
1223.013000
1224.239000
1227.970000
1230.440000
1231.684000
1234.170000
1235.414000
1236.641000
1237.884000
1241.614000
1242.841000
1244.085000
1245.328000
1247.815000
1249.042000
1251.529000
1252.772000
1254.016000
1255.243000
1256.486000
1257.729000
1260.200000
1261.443000
1265.173000
1266.400000
1280.526000
1282.996000
1284.240000
1286.726000
1289.197000
1290.440000
1294.154000
1295.397000
1297.884000
1300.354000
1302.841000
1304.085000
1305.312000
1306.555000
1309.042000
1310.285000
1312.756000
1313.999000
1315.243000
1316.486000
1320.200000
1322.687000
1326.400000
1338.039000
1339.282000
1342.996000
1344.240000
1346.726000
1350.440000
1351.684000
1352.927000
1354.154000
1355.397000
1356.641000
1359.128000
1360.354000
1362.841000
1365.312000
1367.799000
1373.999000
1378.956000
1380.200000
1381.443000
1382.687000
1383.913000
1385.157000
1386.400000
1398.039000
1399.282000
1401.753000
1404.240000
1405.483000
1406.726000
1407.953000
1409.197000
1410.440000
1414.154000
1415.397000
1419.128000
1422.841000
1425.312000
1427.799000
1430.285000
1431.512000
1433.999000
1435.243000
1438.956000
1442.687000
1445.157000
1458.039000
1459.282000
1461.753000
1462.996000
1464.240000
1465.483000
1466.726000
1469.197000
1471.684000
1474.154000
1475.397000
1477.884000
1480.355000
1484.085000
1485.312000
1486.555000
1487.799000
1491.512000
1495.243000
1496.486000
1497.713000
1500.200000
1501.443000
1502.687000
1505.157000
1506.400000
1520.526000
1524.240000
1525.483000
1527.953000
1529.197000
1536.641000
1537.884000
1540.355000
1544.085000
1546.555000
1550.285000
1552.756000
1555.243000
1557.713000
1558.956000
1560.200000
1561.443000
1562.687000
1563.914000
1565.157000
1584.240000
1590.440000
1591.684000
1592.911000
1595.397000
1597.884000
1605.312000
1606.555000
1607.799000
1609.042000
1611.512000
1613.999000
1616.486000
1617.713000
1620.200000
1622.687000
1623.914000
1625.157000
1638.039000
1641.753000
1642.996000
1645.483000
1646.727000
1652.911000
1654.154000
1655.397000
1656.641000
1661.598000
1665.312000
1666.555000
1669.042000
1672.756000
1675.243000
1678.956000
1681.443000
1686.401000
1701.753000
1702.996000
1704.223000
1705.467000
1706.710000
1707.953000
1710.424000
1714.154000
1719.111000
1720.355000
1721.598000
1722.825000
1726.555000
1727.799000
1729.026000
1733.983000
1735.226000
1736.470000
1737.713000
1738.956000
1740.183000
1741.427000
1746.384000
