1038.669000
1039.912000
1041.156000
1042.383000
1043.626000
1044.869000
1046.113000
1049.827000
1052.313000
1054.784000
1057.271000
1058.514000
1059.741000
1062.228000
1063.471000
1064.715000
1065.942000
1068.428000
1069.672000
1072.142000
1074.629000
1075.872000
1077.116000
1078.343000
1080.830000
1082.073000
1083.300000
1084.543000
1085.787000
1097.425000
1098.669000
1099.912000
1101.156000
1102.383000
1104.869000
1108.583000
1109.827000
1112.314000
1113.540000
1114.784000
1116.027000
1117.271000
1118.514000
1119.741000
1120.984000
1123.471000
1124.715000
1130.915000
1132.142000
1133.386000
1134.629000
1138.343000
1139.586000
1140.830000
1142.073000
1143.300000
1145.787000
1157.425000
1159.896000
1161.139000
1162.383000
1163.626000
1168.583000
1172.297000
1173.540000
1176.027000
1179.741000
1180.984000
1182.228000
1183.455000
1184.698000
1185.942000
1187.185000
1188.412000
1190.899000
1192.142000
1193.386000
1194.613000
1195.856000
1197.099000
1198.343000
1199.586000
1202.057000
1203.300000
1204.543000
1205.787000
1217.425000
1218.669000
1219.912000
1221.156000
1222.383000
1223.626000
1224.870000
1226.113000
1227.340000
1228.583000
1231.070000
1232.314000
1233.540000
1234.784000
1237.271000
1238.514000
1239.741000
1240.984000
1242.228000
1244.715000
1245.942000
1249.672000
1250.915000
1253.386000
1254.629000
1255.873000
1257.116000
1258.343000
1259.586000
1262.073000
1263.300000
1264.544000
1277.425000
1278.652000
1279.896000
1281.139000
1283.626000
1284.853000
1286.096000
1287.340000
1288.583000
1291.054000
1292.297000
1293.540000
1296.027000
1297.254000
1298.498000
1299.741000
1300.984000
1302.228000
1304.698000
1305.942000
1309.655000
1313.386000
1315.856000
1320.813000
1322.057000
1323.300000
1324.543000
1325.787000
1337.425000
1339.896000
1341.139000
1342.383000
1344.853000
1346.096000
1347.340000
1348.583000
1349.827000
1352.297000
1353.540000
1354.784000
1356.027000
1357.254000
1358.498000
1359.741000
1360.984000
1362.228000
1365.942000
1367.185000
1368.412000
1369.655000
1370.899000
1372.142000
1374.613000
1375.856000
1378.343000
1380.813000
1382.057000
1383.300000
1384.544000
1397.426000
1399.896000
1401.139000
1402.383000
1403.626000
1406.096000
1407.340000
1409.827000
1411.054000
1412.297000
1413.541000
1414.784000
1419.741000
1420.985000
1422.228000
1425.942000
1427.185000
1428.412000
1429.655000
1432.142000
1433.386000
1434.613000
1435.856000
1437.099000
1438.343000
1443.300000
1444.544000
1445.787000
1457.426000
1458.652000
1459.896000
1461.139000
1462.383000
1463.626000
1466.096000
1468.583000
1472.297000
1473.541000
1476.011000
1477.254000
1478.498000
1479.741000
1480.985000
1482.211000
1483.455000
1485.942000
1488.412000
1489.655000
1492.142000
1493.386000
1495.856000
1498.343000
1499.586000
1502.057000
1503.300000
1504.544000
1505.787000
1517.426000
1521.139000
1522.383000
1523.626000
1526.096000
1527.340000
1529.827000
1532.297000
1533.541000
1534.784000
1536.011000
1538.498000
1539.741000
1544.698000
1545.942000
1547.185000
1548.412000
1549.655000
1550.899000
1552.142000
1553.386000
1554.613000
1558.343000
1560.813000
1562.057000
1563.300000
1564.544000
1565.770000
1577.426000
1579.896000
1582.383000
1583.626000
1584.853000
1586.097000
1587.340000
1588.583000
1589.827000
1591.054000
1593.541000
1594.784000
1597.254000
1598.498000
1599.741000
1600.985000
1602.211000
1603.455000
1604.698000
1605.942000
1608.412000
1609.655000
1610.899000
1612.142000
1613.386000
1614.613000
1615.856000
1618.343000
1619.586000
1620.813000
1622.057000
1624.544000
1625.787000
1642.383000
1643.626000
1644.853000
1647.340000
1648.583000
1649.827000
1651.054000
1652.297000
1653.541000
1656.011000
1657.254000
1658.498000
1659.741000
1660.985000
1662.211000
1663.455000
1664.698000
1665.942000
1667.185000
1668.412000
1669.656000
1670.899000
1672.142000
1673.386000
1674.613000
1675.856000
1677.100000
1678.343000
1679.586000
1680.813000
1697.409000
1698.653000
1704.853000
1707.323000
1712.297000
1719.725000
1722.212000
1727.169000
1728.412000
1729.656000
1730.899000
1732.126000
1733.369000
1734.613000
1735.856000
1738.326000
1739.570000
1742.057000
1743.284000
1744.527000
1745.771000
