311.285000
312.512000
313.756000
314.999000
316.243000
317.486000
318.713000
321.200000
322.443000
323.687000
324.913000
326.157000
327.400000
328.644000
329.887000
331.114000
332.357000
334.844000
336.088000
337.315000
338.558000
341.045000
343.515000
344.759000
346.002000
347.246000
349.716000
352.203000
353.446000
354.673000
357.160000
370.042000
372.512000
377.486000
381.200000
382.443000
386.157000
389.887000
391.114000
393.601000
394.844000
396.088000
397.315000
404.759000
406.002000
408.472000
409.716000
410.959000
412.203000
414.673000
418.403000
430.042000
432.512000
433.756000
434.999000
436.243000
439.956000
441.200000
442.443000
446.157000
448.644000
449.887000
451.114000
452.358000
453.601000
456.088000
458.558000
459.802000
463.515000
466.002000
467.246000
468.472000
469.716000
470.959000
472.203000
473.446000
474.673000
475.917000
477.160000
478.403000
493.756000
494.999000
496.243000
497.486000
498.713000
499.956000
502.443000
503.687000
504.913000
506.157000
508.644000
509.887000
511.114000
512.358000
513.601000
514.844000
517.315000
519.802000
521.045000
523.515000
527.246000
528.473000
530.959000
534.673000
535.917000
537.160000
538.403000
552.512000
553.756000
554.999000
556.243000
558.713000
561.200000
563.687000
566.157000
567.400000
568.644000
569.887000
571.114000
577.315000
578.558000
581.045000
582.272000
583.515000
586.002000
588.473000
590.959000
592.203000
593.446000
594.673000
595.917000
597.160000
610.042000
612.512000
616.243000
617.486000
618.713000
619.956000
621.200000
622.443000
623.687000
626.157000
628.644000
632.358000
634.844000
641.045000
642.272000
643.515000
647.246000
648.473000
650.959000
654.673000
657.160000
670.042000
671.285000
672.512000
673.756000
674.999000
677.486000
679.956000
684.914000
686.157000
687.400000
688.644000
689.871000
691.114000
692.358000
693.601000
697.315000
698.558000
701.045000
703.515000
706.002000
707.246000
708.473000
712.203000
714.673000
715.917000
717.160000
718.404000
730.042000
731.286000
732.512000
733.756000
734.999000
736.243000
737.486000
738.713000
739.956000
741.200000
742.443000
743.687000
746.157000
747.400000
748.644000
749.871000
751.114000
752.358000
753.601000
754.845000
756.071000
757.315000
758.558000
759.802000
761.045000
762.272000
763.515000
767.246000
768.473000
769.716000
770.959000
772.203000
773.446000
774.673000
775.917000
777.160000
790.026000
791.269000
792.512000
794.983000
796.226000
797.470000
798.713000
799.956000
801.183000
803.670000
807.384000
808.627000
809.871000
813.585000
816.071000
817.315000
818.558000
821.029000
823.515000
825.986000
829.716000
830.943000
833.430000
834.673000
837.144000
838.387000
851.286000
852.512000
853.756000
854.999000
859.956000
861.200000
863.687000
864.914000
867.401000
869.871000
872.358000
873.601000
874.845000
876.071000
879.802000
881.045000
884.759000
888.473000
893.446000
895.917000
898.404000
911.269000
912.512000
913.756000
914.983000
916.226000
917.470000
918.713000
919.957000
921.183000
922.427000
926.157000
927.384000
928.627000
931.114000
932.358000
933.585000
938.558000
941.029000
943.516000
944.759000
945.986000
948.473000
949.716000
950.943000
952.186000
953.430000
954.673000
955.917000
957.144000
958.387000
972.512000
973.756000
974.983000
977.470000
978.713000
983.670000
984.914000
986.157000
988.627000
989.871000
991.114000
992.358000
994.828000
996.071000
997.315000
998.558000
999.785000
1003.516000
1004.759000
1005.986000
1007.229000
1008.473000
1009.716000
1010.943000
1012.186000
1013.430000
1014.673000
1015.917000
1017.144000
