319.956000
333.601000
342.272000
348.472000
355.916000
358.403000
371.285000
374.999000
376.243000
387.400000
388.644000
392.358000
401.045000
402.272000
415.916000
417.160000
431.285000
437.486000
447.400000
457.315000
461.045000
462.272000
490.042000
491.285000
492.512000
501.200000
507.400000
516.088000
524.759000
532.203000
550.042000
551.285000
557.486000
559.956000
562.443000
564.914000
572.358000
573.601000
584.759000
611.285000
613.756000
614.999000
624.914000
627.400000
629.887000
633.601000
644.759000
646.002000
655.917000
681.200000
682.443000
683.687000
694.844000
696.071000
699.802000
702.272000
704.759000
709.716000
744.914000
764.759000
766.002000
778.404000
793.756000
802.427000
811.114000
819.785000
824.759000
827.229000
828.473000
857.486000
858.713000
862.443000
866.157000
871.114000
894.673000
897.160000
923.670000
924.914000
929.871000
942.272000
947.229000
970.026000
979.957000
981.183000
982.427000
987.384000
993.585000
1001.029000
1018.387000
