1762.323000
1762.937000
1763.567000
1764.180000
1764.793000
1765.423000
1766.037000
1766.667000
1767.280000
1767.894000
1768.524000
1769.137000
1769.767000
1770.381000
1770.994000
1771.624000
1772.238000
1772.868000
1773.481000
1774.094000
1774.724000
1775.338000
1775.968000
1776.581000
1777.195000
1777.825000
1778.438000
1779.052000
1779.682000
1780.295000
1780.925000
1781.538000
1782.152000
1782.782000
1783.395000
1784.025000
1784.639000
1785.252000
1785.882000
1786.496000
1787.126000
1787.739000
1788.352000
1788.982000
1789.596000
1790.226000
1790.839000
1791.453000
1792.083000
1792.696000
1793.326000
1793.940000
1794.553000
1795.183000
1795.797000
1796.427000
1797.040000
1797.653000
1798.283000
1798.897000
1799.527000
1800.140000
1800.754000
1801.384000
1801.997000
1802.627000
1803.241000
1803.854000
1804.484000
1805.097000
1805.727000
1806.341000
1806.954000
1807.584000
1808.198000
1808.828000
1809.441000
1810.055000
1810.685000
1811.298000
1811.928000
1812.541000
1813.155000
1813.785000
1814.398000
1822.323000
1822.953000
1823.567000
1824.180000
1824.810000
1825.423000
1826.053000
1826.667000
1827.280000
1827.910000
1828.524000
1829.154000
1829.767000
1830.381000
1831.011000
1831.624000
1832.254000
1832.868000
1833.481000
1834.111000
1834.724000
1835.354000
1835.968000
1836.581000
1837.211000
1837.825000
1838.455000
1839.068000
1839.682000
1840.312000
1840.925000
1841.555000
1842.168000
1842.782000
1843.412000
1844.025000
1844.655000
1845.269000
1845.882000
1846.512000
1847.126000
1847.756000
1848.369000
1848.982000
1849.612000
1850.226000
1850.856000
1851.469000
1852.083000
1852.713000
1853.326000
1853.940000
1854.570000
1855.183000
1855.813000
1856.427000
1857.040000
1857.670000
1858.283000
1858.913000
1859.527000
1860.140000
1860.770000
1861.384000
1862.014000
1862.627000
1863.241000
1863.871000
1864.484000
1865.114000
1865.727000
1866.341000
1866.971000
1867.584000
1868.214000
1868.828000
1869.441000
1870.071000
1870.685000
1871.315000
1871.928000
1872.542000
1873.172000
1873.785000
1874.415000
1882.323000
1882.937000
1883.567000
1884.180000
1884.793000
1885.423000
1886.037000
1886.667000
1887.280000
1887.894000
1888.524000
1889.137000
1889.767000
1890.381000
1890.994000
1891.624000
1892.238000
1892.868000
1893.481000
1894.094000
1894.724000
1895.338000
1895.968000
1896.581000
1897.195000
1897.825000
1898.438000
1899.052000
1899.682000
1900.295000
1900.925000
1901.538000
1902.152000
1902.782000
1903.395000
1904.025000
1904.639000
1905.252000
1905.882000
1906.496000
1907.126000
1907.739000
1908.353000
1908.983000
1909.596000
1910.226000
1910.839000
1911.453000
1912.083000
1912.696000
1913.326000
1913.940000
1914.553000
1915.183000
1915.797000
1916.427000
1917.040000
1917.653000
1918.283000
1918.897000
1919.527000
1920.140000
1920.754000
1921.384000
1921.997000
1922.627000
1923.241000
1923.854000
1924.484000
1925.097000
1925.727000
1926.341000
1926.954000
1927.584000
1928.198000
1928.828000
1929.441000
1930.055000
1930.685000
1931.298000
1931.912000
1932.542000
1933.155000
1933.785000
1934.398000
1942.323000
1942.937000
1943.567000
1944.180000
1944.794000
1945.424000
1946.037000
1946.667000
1947.280000
1947.894000
1948.524000
1949.137000
1949.767000
1950.381000
1950.994000
1951.624000
1952.238000
1952.868000
1953.481000
1954.094000
1954.724000
1955.338000
1955.968000
1956.581000
1957.195000
1957.825000
1958.438000
1959.052000
1959.682000
1960.295000
1960.925000
1961.538000
1962.152000
1962.782000
1963.395000
1964.025000
1964.639000
1965.252000
1965.882000
1966.496000
1967.126000
1967.739000
1968.353000
1968.983000
1969.596000
1970.226000
1970.839000
1971.453000
1972.083000
1972.696000
1973.326000
1973.940000
1974.553000
1975.183000
1975.797000
1976.427000
1977.040000
1977.653000
1978.283000
1978.897000
1979.527000
1980.140000
1980.754000
1981.384000
1981.997000
1982.627000
1983.241000
1983.854000
1984.484000
1985.097000
1985.728000
1986.341000
1986.954000
1987.584000
1988.198000
1988.828000
1989.441000
1990.055000
1990.685000
1991.298000
1991.912000
1992.542000
1993.155000
1993.785000
1994.398000
2002.323000
2002.937000
2003.567000
2004.180000
2004.794000
2005.424000
2006.037000
2006.667000
2007.280000
2007.894000
2008.524000
2009.137000
2009.767000
2010.381000
2010.994000
2011.624000
2012.238000
2012.868000
2013.481000
2014.094000
2014.724000
2015.338000
2015.968000
2016.581000
2017.195000
2017.825000
2018.438000
2019.052000
2019.682000
2020.295000
2020.925000
2021.539000
2022.152000
2022.782000
2023.395000
2024.025000
2024.639000
2025.252000
2025.882000
2026.496000
2027.126000
2027.739000
2028.353000
2028.983000
2029.596000
2030.226000
2030.839000
2031.453000
2032.083000
2032.696000
2033.326000
2033.940000
2034.553000
2035.183000
2035.797000
2036.427000
2037.040000
2037.653000
2038.283000
2038.897000
2039.527000
2040.140000
2040.754000
2041.384000
2041.997000
2042.627000
2043.241000
2043.854000
2044.484000
2045.097000
2045.728000
2046.341000
2046.954000
2047.584000
2048.198000
2048.828000
2049.441000
2050.055000
2050.685000
2051.298000
2051.912000
2052.542000
2053.155000
2053.785000
2054.398000
2062.323000
2062.937000
2063.567000
2064.180000
2064.794000
2065.424000
2066.037000
2066.667000
2067.280000
2067.894000
2068.524000
2069.137000
2069.767000
2070.381000
2070.994000
2071.624000
2072.238000
2072.868000
2073.481000
2074.094000
2074.724000
2075.338000
2075.968000
2076.581000
2077.195000
2077.825000
2078.438000
2079.052000
2079.682000
2080.295000
2080.925000
2081.539000
2082.152000
2082.782000
2083.395000
2084.025000
2084.639000
2085.252000
2085.882000
2086.496000
2087.126000
2087.739000
2088.353000
2088.983000
2089.596000
2090.226000
2090.839000
2091.453000
2092.083000
2092.696000
2093.326000
2093.940000
2094.553000
2095.183000
2095.797000
2096.427000
2097.040000
2097.653000
2098.283000
2098.897000
2099.527000
2100.140000
2100.754000
2101.384000
2101.997000
2102.627000
2103.241000
2103.854000
2104.484000
2105.098000
2105.728000
2106.341000
2106.954000
2107.584000
2108.198000
2108.828000
2109.441000
2110.055000
2110.685000
2111.298000
2111.912000
2112.542000
2113.155000
2113.785000
2114.398000
2122.323000
2122.937000
2123.567000
2124.180000
2124.794000
2125.424000
2126.037000
2126.667000
2127.280000
2127.894000
2128.524000
2129.137000
2129.767000
2130.381000
2130.994000
2131.624000
2132.238000
2132.868000
2133.481000
2134.094000
2134.725000
2135.338000
2135.968000
2136.581000
2137.195000
2137.825000
2138.438000
2139.052000
2139.682000
2140.295000
2140.925000
2141.539000
2142.152000
2142.782000
2143.395000
2144.025000
2144.639000
2145.252000
2145.882000
2146.496000
2147.126000
2147.739000
2148.353000
2148.983000
2149.596000
2150.226000
2150.839000
2151.453000
2152.083000
2152.696000
2153.326000
2153.940000
2154.553000
2155.183000
2155.797000
2156.427000
2157.040000
2157.654000
2158.284000
2158.897000
2159.527000
2160.140000
2160.754000
2161.384000
2161.997000
2162.627000
2163.241000
2163.854000
2164.484000
2165.098000
2165.728000
2166.341000
2166.954000
2167.584000
2168.198000
2168.828000
2169.441000
2170.055000
2170.685000
2171.298000
2171.912000
2172.542000
2173.155000
2173.785000
2174.398000
2182.323000
2182.937000
2183.567000
2184.180000
2184.794000
2185.424000
2186.037000
2186.667000
2187.281000
2187.894000
2188.524000
2189.137000
2189.767000
2190.381000
2190.994000
2191.624000
2192.238000
2192.868000
2193.481000
2194.095000
2194.725000
2195.338000
2195.968000
2196.581000
2197.195000
2197.825000
2198.438000
2199.052000
2199.682000
2200.295000
2200.925000
2201.539000
2202.152000
2202.782000
2203.395000
2204.025000
2204.639000
2205.252000
2205.882000
2206.496000
2207.126000
2207.739000
2208.353000
2208.983000
2209.596000
2210.226000
2210.840000
2211.453000
2212.083000
2212.696000
2213.326000
2213.940000
2214.553000
2215.183000
2215.797000
2216.427000
2217.040000
2217.654000
2218.284000
2218.897000
2219.527000
2220.140000
2220.754000
2221.384000
2221.997000
2222.627000
2223.241000
2223.854000
2224.484000
2225.098000
2225.728000
2226.341000
2226.954000
2227.584000
2228.198000
2228.828000
2229.441000
2230.055000
2230.685000
2231.298000
2231.912000
2232.542000
2233.155000
2233.785000
2234.398000
2242.323000
2242.937000
2243.567000
2244.180000
2244.794000
2245.424000
2246.037000
2246.667000
2247.281000
2247.894000
2248.524000
2249.137000
2249.767000
2250.381000
2250.994000
2251.624000
2252.238000
2252.868000
2253.481000
2254.095000
2254.725000
2255.338000
2255.968000
2256.581000
2257.195000
2257.825000
2258.438000
2259.052000
2259.682000
2260.295000
2260.925000
2261.539000
2262.152000
2262.782000
2263.395000
2264.025000
2264.639000
2265.252000
2265.882000
2266.496000
2267.126000
2267.739000
2268.353000
2268.983000
2269.596000
2270.226000
2270.840000
2271.453000
2272.083000
2272.696000
2273.326000
2273.940000
2274.553000
2275.183000
2275.797000
2276.427000
2277.040000
2277.654000
2278.284000
2278.897000
2279.527000
2280.140000
2280.754000
2281.384000
2281.997000
2282.627000
2283.241000
2283.854000
2284.484000
2285.098000
2285.728000
2286.341000
2286.954000
2287.584000
2288.198000
2288.828000
2289.441000
2290.055000
2290.685000
2291.298000
2291.912000
2292.542000
2293.155000
2293.785000
2294.399000
2302.323000
2302.937000
2303.567000
2304.180000
2304.794000
2305.424000
2306.037000
2306.667000
2307.281000
2307.894000
2308.524000
2309.137000
2309.767000
2310.381000
2310.994000
2311.624000
2312.238000
2312.868000
2313.481000
2314.095000
2314.725000
2315.338000
2315.968000
2316.581000
2317.195000
2317.825000
2318.438000
2319.052000
2319.682000
2320.295000
2320.925000
2321.539000
2322.152000
2322.782000
2323.395000
2324.026000
2324.639000
2325.252000
2325.882000
2326.496000
2327.126000
2327.739000
2328.353000
2328.983000
2329.596000
2330.226000
2330.840000
2331.453000
2332.083000
2332.696000
2333.326000
2333.940000
2334.553000
2335.183000
2335.797000
2336.427000
2337.040000
2337.654000
2338.284000
2338.897000
2339.527000
2340.140000
2340.754000
2341.384000
2341.997000
2342.627000
2343.241000
2343.854000
2344.484000
2345.098000
2345.728000
2346.341000
2346.955000
2347.585000
2348.198000
2348.828000
2349.441000
2350.055000
2350.685000
2351.298000
2351.912000
2352.542000
2353.155000
2353.785000
2354.399000
2362.323000
2362.937000
2363.567000
2364.180000
2364.794000
2365.424000
2366.037000
2366.651000
2367.281000
2367.894000
2368.524000
2369.137000
2369.751000
2370.381000
2370.994000
2371.624000
2372.238000
2372.851000
2373.481000
2374.095000
2374.725000
2375.338000
2375.951000
2376.581000
2377.195000
2377.825000
2378.438000
2379.052000
2379.682000
2380.295000
2380.925000
2381.539000
2382.152000
2382.782000
2383.396000
2384.026000
2384.639000
2385.252000
2385.882000
2386.496000
2387.126000
2387.739000
2388.353000
2388.983000
2389.596000
2390.226000
2390.840000
2391.453000
2392.083000
2392.696000
2393.326000
2393.940000
2394.553000
2395.183000
2395.797000
2396.427000
2397.040000
2397.654000
2398.284000
2398.897000
2399.527000
2400.140000
2400.754000
2401.384000
2401.997000
2402.611000
2403.241000
2403.854000
2404.484000
2405.098000
2405.711000
2406.341000
2406.955000
2407.585000
2408.198000
2408.811000
2409.441000
2410.055000
2410.685000
2411.298000
2411.912000
2412.542000
2413.155000
2413.785000
2414.399000
2422.307000
2422.937000
2423.550000
2424.164000
2424.794000
2425.407000
2426.037000
2426.651000
2427.264000
2427.894000
2428.507000
2429.137000
2429.751000
2430.364000
2430.994000
2431.608000
2432.238000
2432.851000
2433.465000
2434.095000
2434.708000
2435.338000
2435.951000
2436.565000
2437.195000
2437.808000
2438.438000
2439.052000
2439.665000
2440.295000
2440.909000
2441.539000
2442.152000
2442.766000
2443.396000
2444.009000
2444.639000
2445.252000
2445.866000
2446.496000
2447.109000
2447.723000
2448.353000
2448.966000
2449.596000
2450.210000
2450.823000
2451.453000
2452.066000
2452.696000
2453.310000
2453.923000
2454.553000
2455.167000
2455.797000
2456.410000
2457.024000
2457.654000
2458.267000
2458.897000
2459.510000
2460.124000
2460.754000
2461.367000
2461.997000
2462.611000
2463.224000
2463.854000
2464.468000
2465.098000
2465.711000
2466.325000
2466.955000
2467.568000
2468.198000
2468.811000
2469.425000
2470.055000
2470.668000
2471.298000
2471.912000
2472.525000
2473.155000
2473.769000
2474.399000
