1783.395000
1794.553000
1810.685000
1811.928000
1827.280000
1831.011000
1834.724000
1840.925000
1842.168000
1843.412000
1847.126000
1857.040000
1858.283000
1866.971000
1870.685000
1894.724000
1898.438000
1903.395000
1909.596000
1910.839000
1924.484000
1925.727000
1926.954000
1931.912000
1953.481000
1957.195000
1974.553000
1978.283000
1981.997000
1989.441000
1991.912000
1994.398000
2006.037000
2009.767000
2010.994000
2012.238000
2017.195000
2018.438000
2024.639000
2044.484000
2046.954000
2066.037000
2070.994000
2075.968000
2085.882000
2087.126000
2099.527000
2106.954000
2108.198000
2109.441000
2111.912000
2114.398000
2133.481000
2155.797000
2157.040000
2163.241000
2165.728000
2168.198000
2186.037000
2189.767000
2213.326000
2223.241000
2224.484000
2226.954000
2228.198000
2250.994000
2252.238000
2253.481000
2270.840000
2272.083000
2306.037000
2307.281000
2314.725000
2329.596000
2332.083000
2339.527000
2348.198000
2366.037000
2373.481000
2380.925000
2383.396000
2387.126000
2393.326000
2403.241000
2405.711000
2410.685000
2413.155000
2426.037000
2430.994000
2434.708000
2443.396000
2447.109000
2448.353000
2450.823000
2465.711000
2473.155000
