310.655000
311.285000
311.899000
312.512000
313.142000
313.756000
314.386000
314.999000
315.613000
316.243000
316.856000
317.486000
318.099000
318.713000
319.343000
319.956000
320.586000
321.200000
321.813000
322.443000
323.057000
323.687000
324.300000
324.913000
325.543000
326.157000
326.787000
327.400000
328.014000
328.644000
329.257000
329.887000
330.501000
331.114000
331.744000
332.357000
332.987000
333.601000
334.214000
334.844000
335.458000
336.088000
336.701000
337.315000
337.945000
338.558000
339.172000
341.045000
341.658000
342.272000
343.515000
344.759000
345.372000
346.002000
346.616000
347.246000
347.859000
348.472000
349.102000
349.716000
350.346000
352.203000
352.816000
353.446000
354.060000
354.673000
355.303000
355.916000
356.546000
357.160000
357.773000
358.403000
369.412000
370.042000
370.655000
371.285000
371.899000
372.512000
373.142000
374.999000
375.613000
376.243000
376.856000
377.486000
378.099000
379.343000
380.586000
381.200000
381.813000
382.443000
385.543000
386.157000
386.787000
387.400000
388.014000
388.644000
389.257000
389.887000
390.501000
391.114000
391.744000
392.358000
392.988000
393.601000
394.214000
394.844000
395.458000
396.088000
396.701000
397.315000
401.045000
401.658000
402.272000
404.145000
404.759000
406.002000
406.616000
407.859000
408.472000
409.716000
410.346000
410.959000
412.203000
412.816000
414.060000
414.673000
415.303000
415.916000
416.547000
417.160000
417.773000
418.403000
429.412000
430.042000
430.655000
431.285000
431.899000
432.512000
433.142000
433.756000
434.386000
434.999000
435.613000
436.243000
436.856000
437.486000
438.099000
439.343000
439.956000
440.586000
441.200000
442.443000
443.057000
444.300000
445.543000
446.157000
447.400000
448.644000
449.257000
449.887000
450.501000
451.114000
451.744000
452.358000
452.988000
453.601000
454.214000
455.458000
456.088000
456.701000
457.315000
457.945000
458.558000
459.172000
459.802000
460.415000
461.045000
461.658000
462.272000
462.902000
463.515000
464.145000
466.002000
466.616000
467.246000
468.472000
469.102000
469.716000
470.346000
470.959000
471.573000
472.203000
472.816000
473.446000
474.673000
475.303000
475.917000
476.547000
477.160000
477.773000
478.403000
489.412000
490.042000
490.655000
491.285000
491.899000
492.512000
493.756000
494.386000
494.999000
495.613000
496.243000
496.856000
497.486000
498.099000
498.713000
499.343000
499.956000
500.586000
501.200000
501.813000
502.443000
503.057000
503.687000
504.300000
504.913000
505.544000
506.157000
506.787000
507.400000
508.014000
508.644000
509.257000
509.887000
510.501000
511.114000
511.744000
512.358000
512.988000
513.601000
514.214000
514.844000
516.088000
517.315000
517.945000
519.172000
519.802000
520.415000
521.045000
521.658000
522.902000
523.515000
524.145000
524.759000
525.372000
526.616000
527.246000
527.859000
528.473000
529.103000
530.346000
530.959000
531.573000
532.203000
532.816000
534.060000
534.673000
535.303000
535.917000
537.160000
537.773000
538.403000
550.042000
551.285000
552.512000
553.142000
553.756000
554.999000
555.613000
556.243000
556.856000
557.486000
558.099000
558.713000
559.343000
559.956000
560.586000
561.200000
562.443000
563.687000
564.300000
564.914000
565.544000
566.157000
567.400000
568.014000
568.644000
569.257000
569.887000
570.501000
571.114000
571.744000
572.358000
572.988000
573.601000
574.214000
575.458000
576.701000
577.315000
578.558000
579.172000
580.415000
581.045000
581.658000
582.272000
582.902000
583.515000
584.145000
584.759000
585.372000
586.002000
587.859000
588.473000
589.103000
590.346000
590.959000
591.573000
592.203000
593.446000
594.060000
594.673000
595.303000
595.917000
596.547000
597.160000
609.412000
610.042000
610.655000
611.285000
611.899000
612.512000
613.142000
613.756000
614.386000
614.999000
615.613000
616.243000
616.856000
617.486000
618.100000
618.713000
619.343000
619.956000
620.586000
621.200000
621.813000
622.443000
623.057000
623.687000
624.300000
624.914000
625.544000
626.157000
626.787000
627.400000
628.014000
628.644000
629.257000
629.887000
631.744000
632.358000
632.971000
633.601000
634.214000
634.844000
635.458000
636.701000
637.945000
639.172000
641.045000
641.659000
642.272000
643.515000
644.145000
644.759000
645.372000
646.002000
646.616000
647.246000
647.859000
648.473000
650.959000
651.573000
652.816000
654.060000
654.673000
655.303000
655.917000
656.547000
657.160000
657.773000
669.412000
670.042000
670.655000
671.285000
671.899000
672.512000
673.142000
673.756000
674.386000
674.999000
675.613000
677.486000
678.100000
679.343000
679.956000
680.586000
681.200000
681.813000
682.443000
683.057000
683.687000
684.300000
684.914000
685.544000
686.157000
686.787000
687.400000
688.014000
688.644000
689.257000
689.871000
690.501000
691.114000
691.744000
692.358000
692.971000
693.601000
694.214000
694.844000
695.458000
696.071000
696.701000
697.315000
697.945000
698.558000
699.172000
699.802000
700.415000
701.045000
701.659000
702.272000
702.902000
703.515000
704.145000
704.759000
705.372000
706.002000
706.616000
707.246000
707.859000
708.473000
709.716000
711.573000
712.203000
712.816000
714.060000
714.673000
715.917000
717.160000
717.774000
718.404000
729.412000
730.042000
730.655000
731.286000
731.899000
732.512000
733.142000
733.756000
734.386000
734.999000
735.613000
736.243000
736.856000
737.486000
738.100000
738.713000
739.343000
739.956000
740.586000
741.200000
741.813000
742.443000
743.057000
743.687000
744.300000
744.914000
745.544000
746.157000
746.787000
747.400000
748.014000
748.644000
749.257000
749.871000
750.501000
751.114000
751.744000
752.358000
752.971000
753.601000
754.215000
754.845000
755.458000
756.071000
757.315000
757.945000
758.558000
759.172000
759.802000
760.415000
761.045000
761.659000
762.272000
762.902000
763.515000
764.145000
764.759000
765.372000
766.002000
766.616000
767.246000
767.859000
768.473000
769.103000
769.716000
770.346000
770.959000
771.573000
772.203000
772.816000
773.446000
774.060000
774.673000
775.303000
775.917000
776.547000
777.160000
777.774000
778.404000
789.412000
790.026000
790.656000
791.269000
791.899000
792.512000
793.126000
793.756000
794.369000
794.983000
795.613000
796.226000
796.856000
797.470000
798.713000
799.326000
799.956000
800.570000
801.183000
801.813000
802.427000
803.057000
803.670000
805.527000
806.770000
807.384000
808.014000
808.627000
809.871000
810.484000
811.114000
811.728000
812.971000
813.585000
815.458000
816.071000
816.685000
817.315000
818.558000
819.172000
819.785000
820.415000
821.029000
821.659000
822.885000
823.515000
824.129000
824.759000
825.372000
825.986000
826.616000
827.229000
827.843000
828.473000
829.086000
829.716000
830.329000
830.943000
832.816000
833.430000
834.673000
835.287000
836.530000
837.144000
837.774000
838.387000
851.286000
851.899000
852.512000
853.142000
853.756000
854.386000
854.999000
856.856000
857.486000
858.100000
858.713000
859.343000
859.956000
860.586000
861.200000
861.813000
862.443000
863.687000
864.300000
864.914000
866.157000
867.401000
868.014000
869.257000
869.871000
870.501000
871.114000
871.744000
872.358000
872.971000
873.601000
874.215000
874.845000
876.071000
879.802000
881.045000
882.902000
884.145000
884.759000
886.616000
887.859000
888.473000
891.573000
892.816000
893.446000
894.060000
894.673000
895.303000
895.917000
896.547000
897.160000
897.774000
898.404000
909.412000
910.656000
911.269000
911.899000
912.512000
913.126000
913.756000
914.369000
914.983000
915.613000
916.226000
916.856000
917.470000
918.713000
919.326000
919.957000
920.570000
921.183000
921.813000
922.427000
923.670000
924.914000
926.157000
926.771000
927.384000
928.014000
928.627000
929.257000
929.871000
930.484000
931.114000
931.728000
932.358000
932.971000
933.585000
934.215000
935.458000
936.685000
937.928000
938.558000
939.172000
940.415000
941.029000
941.659000
942.272000
942.885000
943.516000
944.129000
944.759000
945.372000
945.986000
947.229000
948.473000
949.086000
949.716000
950.943000
951.573000
952.186000
953.430000
954.043000
954.673000
955.287000
955.917000
956.530000
957.144000
958.387000
970.026000
970.656000
971.899000
972.512000
973.126000
973.756000
974.369000
974.983000
975.613000
976.856000
977.470000
978.083000
978.713000
979.327000
979.957000
980.570000
981.183000
981.813000
982.427000
983.057000
983.670000
984.914000
985.527000
986.157000
986.771000
987.384000
988.627000
989.257000
989.871000
990.484000
991.114000
992.358000
992.971000
993.585000
994.215000
994.828000
996.071000
996.685000
997.315000
998.558000
999.172000
999.785000
1000.415000
1001.029000
1001.659000
1002.886000
1003.516000
1004.129000
1004.759000
1005.986000
1006.616000
1007.229000
1007.843000
1008.473000
1009.716000
1010.330000
1010.943000
1011.573000
1012.186000
1012.816000
1013.430000
1014.043000
1014.673000
1015.287000
1015.917000
1016.530000
1017.144000
1017.774000
1018.387000
